consent_key.keys,consent_key.rt,recalled,recalled_rt,recall_acc,example_recall.thisRepN,example_recall.thisTrialN,example_recall.thisN,example_recall.thisIndex,example_recall.ran,file,word,participant,please enter your date of birth (dd/mm/yyyy),date,expName,psychopyVersion,OS,frameRate,STUDY_ID,SESSION_ID,list,prac_learn_study_loop.thisRepN,prac_learn_study_loop.thisTrialN,prac_learn_study_loop.thisN,prac_learn_study_loop.thisIndex,prac_learn_study_loop.ran,image,prac_learn_test_loop.thisRepN,prac_learn_test_loop.thisTrialN,prac_learn_test_loop.thisN,prac_learn_test_loop.thisIndex,prac_learn_test_loop.ran,learn_study_loop.thisRepN,learn_study_loop.thisTrialN,learn_study_loop.thisN,learn_study_loop.thisIndex,learn_study_loop.ran,list_no,block_no,learn_test_loop.thisRepN,learn_test_loop.thisTrialN,learn_test_loop.thisN,learn_test_loop.thisIndex,learn_test_loop.ran,learn_blocks.thisRepN,learn_blocks.thisTrialN,learn_blocks.thisN,learn_blocks.thisIndex,learn_blocks.ran,block_csv,key_resp_13.keys,key_resp_13.rt,learn_blocks_loop.thisRepN,learn_blocks_loop.thisTrialN,learn_blocks_loop.thisN,learn_blocks_loop.thisIndex,learn_blocks_loop.ran,final_learn_test.thisRepN,final_learn_test.thisTrialN,final_learn_test.thisN,final_learn_test.thisIndex,final_learn_test.ran,s_im1,s_im2,s_im3,s_im4,s_im5,s_im6,s_im7,s_im8,s_im1pos,s_im2pos,s_im3pos,s_im4pos,s_im5pos,s_im6pos,s_im7pos,s_im8pos,s_tarright,search_resp.keys,search_loop.thisRepN,search_loop.thisTrialN,search_loop.thisN,search_loop.thisIndex,search_loop.ran,search_resp.rt,prac_wm_search_loop.thisRepN,prac_wm_search_loop.thisTrialN,prac_wm_search_loop.thisN,prac_wm_search_loop.thisIndex,prac_wm_search_loop.ran,prac_wm_test_loop.thisRepN,prac_wm_test_loop.thisTrialN,prac_wm_test_loop.thisN,prac_wm_test_loop.thisIndex,prac_wm_test_loop.ran,wm_recalled1,wm_recall_rt1,wm_probed1,wm_recall_acc1,wm_recalled2,wm_recall_rt2,wm_probed2,wm_recall_acc2,wm_recalled3,wm_recall_rt3,wm_probed3,wm_recall_acc3,wm_recalled4,wm_recall_rt4,wm_probed4,wm_recall_acc4,prac_wm_trial_loop.thisRepN,prac_wm_trial_loop.thisTrialN,prac_wm_trial_loop.thisN,prac_wm_trial_loop.thisIndex,prac_wm_trial_loop.ran,word1,image1,file1,item_type1,word2,image2,file2,item_type2,word4,image4,file4,item_type4,word3,image3,file3,item_type3,wm_search_loop.thisRepN,wm_search_loop.thisTrialN,wm_search_loop.thisN,wm_search_loop.thisIndex,wm_search_loop.ran,wm_test_loop.thisRepN,wm_test_loop.thisTrialN,wm_test_loop.thisN,wm_test_loop.thisIndex,wm_test_loop.ran,wm_trial_loop.thisRepN,wm_trial_loop.thisTrialN,wm_trial_loop.thisN,wm_trial_loop.thisIndex,wm_trial_loop.ran
y,5.903795,TOUGH,5.17898,1,0,0,0,0,1,stimuli/images/PICTURE_747.png,TOUGH,5f08dafa392f74145122c0ee,13/10/1999,2020-08-27_18h40.23.296,proactive3.1,2020.1.2,Win32,60,5f47c29a48bd2a1e651a6eb7,5f47ede75080c61345c5990b,4,,,,,,,,,,,,,,,,,,,,,,,,,,,,,,,,,,,,,,,,,,,,,,,,,,,,,,,,,,,,,,,,,,,,,,,,,,,,,,,,,,,,,,,,,,,,,,,,,,,,,,,,,,,,,,,,,,,,,,,,,,,,,,,
,,,,,,,,,,stimuli/images/PICTURE_727.png,CELL,5f08dafa392f74145122c0ee,13/10/1999,2020-08-27_18h40.23.296,proactive3.1,2020.1.2,Win32,60,5f47c29a48bd2a1e651a6eb7,5f47ede75080c61345c5990b,4,0,0,0,1,1,hose,,,,,,,,,,,,,,,,,,,,,,,,,,,,,,,,,,,,,,,,,,,,,,,,,,,,,,,,,,,,,,,,,,,,,,,,,,,,,,,,,,,,,,,,,,,,,,,,,,,,,,,,,,,,,,,,,,,,,,,,,
,,,,,,,,,,stimuli/images/PICTURE_378.png,LOSS,5f08dafa392f74145122c0ee,13/10/1999,2020-08-27_18h40.23.296,proactive3.1,2020.1.2,Win32,60,5f47c29a48bd2a1e651a6eb7,5f47ede75080c61345c5990b,4,0,1,1,2,1,lobster,,,,,,,,,,,,,,,,,,,,,,,,,,,,,,,,,,,,,,,,,,,,,,,,,,,,,,,,,,,,,,,,,,,,,,,,,,,,,,,,,,,,,,,,,,,,,,,,,,,,,,,,,,,,,,,,,,,,,,,,,
,,,,,,,,,,stimuli/images/PICTURE_269.png,GENIUS,5f08dafa392f74145122c0ee,13/10/1999,2020-08-27_18h40.23.296,proactive3.1,2020.1.2,Win32,60,5f47c29a48bd2a1e651a6eb7,5f47ede75080c61345c5990b,4,0,2,2,0,1,chameleon,,,,,,,,,,,,,,,,,,,,,,,,,,,,,,,,,,,,,,,,,,,,,,,,,,,,,,,,,,,,,,,,,,,,,,,,,,,,,,,,,,,,,,,,,,,,,,,,,,,,,,,,,,,,,,,,,,,,,,,,,
,,,,,,,,,,stimuli/images/PICTURE_697.png,KILLER,5f08dafa392f74145122c0ee,13/10/1999,2020-08-27_18h40.23.296,proactive3.1,2020.1.2,Win32,60,5f47c29a48bd2a1e651a6eb7,5f47ede75080c61345c5990b,4,0,3,3,4,1,peach,,,,,,,,,,,,,,,,,,,,,,,,,,,,,,,,,,,,,,,,,,,,,,,,,,,,,,,,,,,,,,,,,,,,,,,,,,,,,,,,,,,,,,,,,,,,,,,,,,,,,,,,,,,,,,,,,,,,,,,,,
,,CELL,3.86667,1,,,,,,stimuli/images/PICTURE_727.png,CELL,5f08dafa392f74145122c0ee,13/10/1999,2020-08-27_18h40.23.296,proactive3.1,2020.1.2,Win32,60,5f47c29a48bd2a1e651a6eb7,5f47ede75080c61345c5990b,4,,,,,,hose,0,0,0,1,1,,,,,,,,,,,,,,,,,,,,,,,,,,,,,,,,,,,,,,,,,,,,,,,,,,,,,,,,,,,,,,,,,,,,,,,,,,,,,,,,,,,,,,,,,,,,,,,,,,,,,,,,,,,,,,,,,,,,
,,CRAB,6.33727,0,,,,,,stimuli/images/PICTURE_378.png,LOSS,5f08dafa392f74145122c0ee,13/10/1999,2020-08-27_18h40.23.296,proactive3.1,2020.1.2,Win32,60,5f47c29a48bd2a1e651a6eb7,5f47ede75080c61345c5990b,4,,,,,,lobster,0,1,1,2,1,,,,,,,,,,,,,,,,,,,,,,,,,,,,,,,,,,,,,,,,,,,,,,,,,,,,,,,,,,,,,,,,,,,,,,,,,,,,,,,,,,,,,,,,,,,,,,,,,,,,,,,,,,,,,,,,,,,,
,,LOSS,13.038385,0,,,,,,stimuli/images/PICTURE_658.png,DEVIL,5f08dafa392f74145122c0ee,13/10/1999,2020-08-27_18h40.23.296,proactive3.1,2020.1.2,Win32,60,5f47c29a48bd2a1e651a6eb7,5f47ede75080c61345c5990b,4,,,,,,crow,0,2,2,3,1,,,,,,,,,,,,,,,,,,,,,,,,,,,,,,,,,,,,,,,,,,,,,,,,,,,,,,,,,,,,,,,,,,,,,,,,,,,,,,,,,,,,,,,,,,,,,,,,,,,,,,,,,,,,,,,,,,,,
,,KILLER,7.65371,1,,,,,,stimuli/images/PICTURE_697.png,KILLER,5f08dafa392f74145122c0ee,13/10/1999,2020-08-27_18h40.23.296,proactive3.1,2020.1.2,Win32,60,5f47c29a48bd2a1e651a6eb7,5f47ede75080c61345c5990b,4,,,,,,peach,0,3,3,4,1,,,,,,,,,,,,,,,,,,,,,,,,,,,,,,,,,,,,,,,,,,,,,,,,,,,,,,,,,,,,,,,,,,,,,,,,,,,,,,,,,,,,,,,,,,,,,,,,,,,,,,,,,,,,,,,,,,,,
,,SERPENT,10.739275,0,,,,,,stimuli/images/PICTURE_269.png,GENIUS,5f08dafa392f74145122c0ee,13/10/1999,2020-08-27_18h40.23.296,proactive3.1,2020.1.2,Win32,60,5f47c29a48bd2a1e651a6eb7,5f47ede75080c61345c5990b,4,,,,,,chameleon,0,4,4,0,1,,,,,,,,,,,,,,,,,,,,,,,,,,,,,,,,,,,,,,,,,,,,,,,,,,,,,,,,,,,,,,,,,,,,,,,,,,,,,,,,,,,,,,,,,,,,,,,,,,,,,,,,,,,,,,,,,,,,
,,,,,,,,,,stimuli/images/PICTURE_675.png,WEAPON,5f08dafa392f74145122c0ee,13/10/1999,2020-08-27_18h40.23.296,proactive3.1,2020.1.2,Win32,60,5f47c29a48bd2a1e651a6eb7,5f47ede75080c61345c5990b,4,,,,,,windmill,,,,,,0,0,0,32,1,4,0,,,,,,,,,,,,,,,,,,,,,,,,,,,,,,,,,,,,,,,,,,,,,,,,,,,,,,,,,,,,,,,,,,,,,,,,,,,,,,,,,,,,,,,,,,,,,,,,,,,,,,,,,,,,,
,,,,,,,,,,stimuli/images/PICTURE_487.png,FLIGHT,5f08dafa392f74145122c0ee,13/10/1999,2020-08-27_18h40.23.296,proactive3.1,2020.1.2,Win32,60,5f47c29a48bd2a1e651a6eb7,5f47ede75080c61345c5990b,4,,,,,,basket,,,,,,0,1,1,9,1,1,0,,,,,,,,,,,,,,,,,,,,,,,,,,,,,,,,,,,,,,,,,,,,,,,,,,,,,,,,,,,,,,,,,,,,,,,,,,,,,,,,,,,,,,,,,,,,,,,,,,,,,,,,,,,,,
,,,,,,,,,,stimuli/images/PICTURE_123.png,ADVICE,5f08dafa392f74145122c0ee,13/10/1999,2020-08-27_18h40.23.296,proactive3.1,2020.1.2,Win32,60,5f47c29a48bd2a1e651a6eb7,5f47ede75080c61345c5990b,4,,,,,,dart,,,,,,0,2,2,50,1,6,0,,,,,,,,,,,,,,,,,,,,,,,,,,,,,,,,,,,,,,,,,,,,,,,,,,,,,,,,,,,,,,,,,,,,,,,,,,,,,,,,,,,,,,,,,,,,,,,,,,,,,,,,,,,,,
,,,,,,,,,,stimuli/images/PICTURE_688.png,CASINO,5f08dafa392f74145122c0ee,13/10/1999,2020-08-27_18h40.23.296,proactive3.1,2020.1.2,Win32,60,5f47c29a48bd2a1e651a6eb7,5f47ede75080c61345c5990b,4,,,,,,runner,,,,,,0,3,3,2,1,1,0,,,,,,,,,,,,,,,,,,,,,,,,,,,,,,,,,,,,,,,,,,,,,,,,,,,,,,,,,,,,,,,,,,,,,,,,,,,,,,,,,,,,,,,,,,,,,,,,,,,,,,,,,,,,,
,,,,,,,,,,stimuli/images/PICTURE_667.png,BATH,5f08dafa392f74145122c0ee,13/10/1999,2020-08-27_18h40.23.296,proactive3.1,2020.1.2,Win32,60,5f47c29a48bd2a1e651a6eb7,5f47ede75080c61345c5990b,4,,,,,,daisy,,,,,,0,4,4,4,1,1,0,,,,,,,,,,,,,,,,,,,,,,,,,,,,,,,,,,,,,,,,,,,,,,,,,,,,,,,,,,,,,,,,,,,,,,,,,,,,,,,,,,,,,,,,,,,,,,,,,,,,,,,,,,,,,
,,,,,,,,,,stimuli/images/PICTURE_233.png,IDEAS,5f08dafa392f74145122c0ee,13/10/1999,2020-08-27_18h40.23.296,proactive3.1,2020.1.2,Win32,60,5f47c29a48bd2a1e651a6eb7,5f47ede75080c61345c5990b,4,,,,,,salt,,,,,,0,5,5,28,1,3,0,,,,,,,,,,,,,,,,,,,,,,,,,,,,,,,,,,,,,,,,,,,,,,,,,,,,,,,,,,,,,,,,,,,,,,,,,,,,,,,,,,,,,,,,,,,,,,,,,,,,,,,,,,,,,
,,,,,,,,,,stimuli/images/PICTURE_380.png,PHOTO,5f08dafa392f74145122c0ee,13/10/1999,2020-08-27_18h40.23.296,proactive3.1,2020.1.2,Win32,60,5f47c29a48bd2a1e651a6eb7,5f47ede75080c61345c5990b,4,,,,,,gorilla,,,,,,0,6,6,52,1,6,0,,,,,,,,,,,,,,,,,,,,,,,,,,,,,,,,,,,,,,,,,,,,,,,,,,,,,,,,,,,,,,,,,,,,,,,,,,,,,,,,,,,,,,,,,,,,,,,,,,,,,,,,,,,,,
,,,,,,,,,,stimuli/images/PICTURE_151.png,GIRL,5f08dafa392f74145122c0ee,13/10/1999,2020-08-27_18h40.23.296,proactive3.1,2020.1.2,Win32,60,5f47c29a48bd2a1e651a6eb7,5f47ede75080c61345c5990b,4,,,,,,tray,,,,,,0,7,7,19,1,2,0,,,,,,,,,,,,,,,,,,,,,,,,,,,,,,,,,,,,,,,,,,,,,,,,,,,,,,,,,,,,,,,,,,,,,,,,,,,,,,,,,,,,,,,,,,,,,,,,,,,,,,,,,,,,,
,,,,,,,,,,stimuli/images/PICTURE_504.png,BODY,5f08dafa392f74145122c0ee,13/10/1999,2020-08-27_18h40.23.296,proactive3.1,2020.1.2,Win32,60,5f47c29a48bd2a1e651a6eb7,5f47ede75080c61345c5990b,4,,,,,,wheel,,,,,,0,8,8,8,1,1,0,,,,,,,,,,,,,,,,,,,,,,,,,,,,,,,,,,,,,,,,,,,,,,,,,,,,,,,,,,,,,,,,,,,,,,,,,,,,,,,,,,,,,,,,,,,,,,,,,,,,,,,,,,,,,
,,,,,,,,,,stimuli/images/PICTURE_356.png,DANGER,5f08dafa392f74145122c0ee,13/10/1999,2020-08-27_18h40.23.296,proactive3.1,2020.1.2,Win32,60,5f47c29a48bd2a1e651a6eb7,5f47ede75080c61345c5990b,4,,,,,,pawn,,,,,,0,9,9,55,1,6,0,,,,,,,,,,,,,,,,,,,,,,,,,,,,,,,,,,,,,,,,,,,,,,,,,,,,,,,,,,,,,,,,,,,,,,,,,,,,,,,,,,,,,,,,,,,,,,,,,,,,,,,,,,,,,
,,,,,,,,,,stimuli/images/PICTURE_688.png,WOMEN,5f08dafa392f74145122c0ee,13/10/1999,2020-08-27_18h40.23.296,proactive3.1,2020.1.2,Win32,60,5f47c29a48bd2a1e651a6eb7,5f47ede75080c61345c5990b,4,,,,,,runner,,,,,,0,10,10,14,1,2,0,,,,,,,,,,,,,,,,,,,,,,,,,,,,,,,,,,,,,,,,,,,,,,,,,,,,,,,,,,,,,,,,,,,,,,,,,,,,,,,,,,,,,,,,,,,,,,,,,,,,,,,,,,,,,
,,,,,,,,,,stimuli/images/PICTURE_744.png,SAKE,5f08dafa392f74145122c0ee,13/10/1999,2020-08-27_18h40.23.296,proactive3.1,2020.1.2,Win32,60,5f47c29a48bd2a1e651a6eb7,5f47ede75080c61345c5990b,4,,,,,,ring,,,,,,0,11,11,17,1,2,0,,,,,,,,,,,,,,,,,,,,,,,,,,,,,,,,,,,,,,,,,,,,,,,,,,,,,,,,,,,,,,,,,,,,,,,,,,,,,,,,,,,,,,,,,,,,,,,,,,,,,,,,,,,,,
,,,,,,,,,,stimuli/images/PICTURE_449.png,THING,5f08dafa392f74145122c0ee,13/10/1999,2020-08-27_18h40.23.296,proactive3.1,2020.1.2,Win32,60,5f47c29a48bd2a1e651a6eb7,5f47ede75080c61345c5990b,4,,,,,,bench,,,,,,0,12,12,59,1,6,0,,,,,,,,,,,,,,,,,,,,,,,,,,,,,,,,,,,,,,,,,,,,,,,,,,,,,,,,,,,,,,,,,,,,,,,,,,,,,,,,,,,,,,,,,,,,,,,,,,,,,,,,,,,,,
,,,,,,,,,,stimuli/images/PICTURE_667.png,PLENTY,5f08dafa392f74145122c0ee,13/10/1999,2020-08-27_18h40.23.296,proactive3.1,2020.1.2,Win32,60,5f47c29a48bd2a1e651a6eb7,5f47ede75080c61345c5990b,4,,,,,,daisy,,,,,,0,13,13,41,1,5,0,,,,,,,,,,,,,,,,,,,,,,,,,,,,,,,,,,,,,,,,,,,,,,,,,,,,,,,,,,,,,,,,,,,,,,,,,,,,,,,,,,,,,,,,,,,,,,,,,,,,,,,,,,,,,
,,,,,,,,,,stimuli/images/PICTURE_488.png,STYLE,5f08dafa392f74145122c0ee,13/10/1999,2020-08-27_18h40.23.296,proactive3.1,2020.1.2,Win32,60,5f47c29a48bd2a1e651a6eb7,5f47ede75080c61345c5990b,4,,,,,,sun,,,,,,0,14,14,33,1,4,0,,,,,,,,,,,,,,,,,,,,,,,,,,,,,,,,,,,,,,,,,,,,,,,,,,,,,,,,,,,,,,,,,,,,,,,,,,,,,,,,,,,,,,,,,,,,,,,,,,,,,,,,,,,,,
,,,,,,,,,,stimuli/images/PICTURE_469.png,ARTIST,5f08dafa392f74145122c0ee,13/10/1999,2020-08-27_18h40.23.296,proactive3.1,2020.1.2,Win32,60,5f47c29a48bd2a1e651a6eb7,5f47ede75080c61345c5990b,4,,,,,,stool,,,,,,0,15,15,6,1,1,0,,,,,,,,,,,,,,,,,,,,,,,,,,,,,,,,,,,,,,,,,,,,,,,,,,,,,,,,,,,,,,,,,,,,,,,,,,,,,,,,,,,,,,,,,,,,,,,,,,,,,,,,,,,,,
,,,,,,,,,,stimuli/images/PICTURE_68.png,MILE,5f08dafa392f74145122c0ee,13/10/1999,2020-08-27_18h40.23.296,proactive3.1,2020.1.2,Win32,60,5f47c29a48bd2a1e651a6eb7,5f47ede75080c61345c5990b,4,,,,,,candle,,,,,,0,16,16,44,1,5,0,,,,,,,,,,,,,,,,,,,,,,,,,,,,,,,,,,,,,,,,,,,,,,,,,,,,,,,,,,,,,,,,,,,,,,,,,,,,,,,,,,,,,,,,,,,,,,,,,,,,,,,,,,,,,
,,,,,,,,,,stimuli/images/PICTURE_160.png,LEADER,5f08dafa392f74145122c0ee,13/10/1999,2020-08-27_18h40.23.296,proactive3.1,2020.1.2,Win32,60,5f47c29a48bd2a1e651a6eb7,5f47ede75080c61345c5990b,4,,,,,,wheelbarrow,,,,,,0,17,17,3,1,1,0,,,,,,,,,,,,,,,,,,,,,,,,,,,,,,,,,,,,,,,,,,,,,,,,,,,,,,,,,,,,,,,,,,,,,,,,,,,,,,,,,,,,,,,,,,,,,,,,,,,,,,,,,,,,,
,,,,,,,,,,stimuli/images/PICTURE_692.png,MONTH,5f08dafa392f74145122c0ee,13/10/1999,2020-08-27_18h40.23.296,proactive3.1,2020.1.2,Win32,60,5f47c29a48bd2a1e651a6eb7,5f47ede75080c61345c5990b,4,,,,,,cherry,,,,,,0,18,18,16,1,2,0,,,,,,,,,,,,,,,,,,,,,,,,,,,,,,,,,,,,,,,,,,,,,,,,,,,,,,,,,,,,,,,,,,,,,,,,,,,,,,,,,,,,,,,,,,,,,,,,,,,,,,,,,,,,,
,,,,,,,,,,stimuli/images/PICTURE_467.png,DEMON,5f08dafa392f74145122c0ee,13/10/1999,2020-08-27_18h40.23.296,proactive3.1,2020.1.2,Win32,60,5f47c29a48bd2a1e651a6eb7,5f47ede75080c61345c5990b,4,,,,,,peg,,,,,,0,19,19,23,1,3,0,,,,,,,,,,,,,,,,,,,,,,,,,,,,,,,,,,,,,,,,,,,,,,,,,,,,,,,,,,,,,,,,,,,,,,,,,,,,,,,,,,,,,,,,,,,,,,,,,,,,,,,,,,,,,
,,,,,,,,,,stimuli/images/PICTURE_302.png,FAMILY,5f08dafa392f74145122c0ee,13/10/1999,2020-08-27_18h40.23.296,proactive3.1,2020.1.2,Win32,60,5f47c29a48bd2a1e651a6eb7,5f47ede75080c61345c5990b,4,,,,,,taxi,,,,,,0,20,20,18,1,2,0,,,,,,,,,,,,,,,,,,,,,,,,,,,,,,,,,,,,,,,,,,,,,,,,,,,,,,,,,,,,,,,,,,,,,,,,,,,,,,,,,,,,,,,,,,,,,,,,,,,,,,,,,,,,,
,,,,,,,,,,stimuli/images/PICTURE_509.png,PHOTO,5f08dafa392f74145122c0ee,13/10/1999,2020-08-27_18h40.23.296,proactive3.1,2020.1.2,Win32,60,5f47c29a48bd2a1e651a6eb7,5f47ede75080c61345c5990b,4,,,,,,telephone,,,,,,0,21,21,21,1,3,0,,,,,,,,,,,,,,,,,,,,,,,,,,,,,,,,,,,,,,,,,,,,,,,,,,,,,,,,,,,,,,,,,,,,,,,,,,,,,,,,,,,,,,,,,,,,,,,,,,,,,,,,,,,,,
,,,,,,,,,,stimuli/images/PICTURE_203.png,ARTIST,5f08dafa392f74145122c0ee,13/10/1999,2020-08-27_18h40.23.296,proactive3.1,2020.1.2,Win32,60,5f47c29a48bd2a1e651a6eb7,5f47ede75080c61345c5990b,4,,,,,,cap,,,,,,0,22,22,26,1,3,0,,,,,,,,,,,,,,,,,,,,,,,,,,,,,,,,,,,,,,,,,,,,,,,,,,,,,,,,,,,,,,,,,,,,,,,,,,,,,,,,,,,,,,,,,,,,,,,,,,,,,,,,,,,,,
,,,,,,,,,,stimuli/images/PICTURE_233.png,WOMEN,5f08dafa392f74145122c0ee,13/10/1999,2020-08-27_18h40.23.296,proactive3.1,2020.1.2,Win32,60,5f47c29a48bd2a1e651a6eb7,5f47ede75080c61345c5990b,4,,,,,,salt,,,,,,0,23,23,38,1,4,0,,,,,,,,,,,,,,,,,,,,,,,,,,,,,,,,,,,,,,,,,,,,,,,,,,,,,,,,,,,,,,,,,,,,,,,,,,,,,,,,,,,,,,,,,,,,,,,,,,,,,,,,,,,,,
,,,,,,,,,,stimuli/images/PICTURE_654.png,VALLEY,5f08dafa392f74145122c0ee,13/10/1999,2020-08-27_18h40.23.296,proactive3.1,2020.1.2,Win32,60,5f47c29a48bd2a1e651a6eb7,5f47ede75080c61345c5990b,4,,,,,,pencil,,,,,,0,24,24,1,1,1,0,,,,,,,,,,,,,,,,,,,,,,,,,,,,,,,,,,,,,,,,,,,,,,,,,,,,,,,,,,,,,,,,,,,,,,,,,,,,,,,,,,,,,,,,,,,,,,,,,,,,,,,,,,,,,
,,,,,,,,,,stimuli/images/PICTURE_95.png,STYLE,5f08dafa392f74145122c0ee,13/10/1999,2020-08-27_18h40.23.296,proactive3.1,2020.1.2,Win32,60,5f47c29a48bd2a1e651a6eb7,5f47ede75080c61345c5990b,4,,,,,,suitcase,,,,,,0,25,25,25,1,3,0,,,,,,,,,,,,,,,,,,,,,,,,,,,,,,,,,,,,,,,,,,,,,,,,,,,,,,,,,,,,,,,,,,,,,,,,,,,,,,,,,,,,,,,,,,,,,,,,,,,,,,,,,,,,,
,,,,,,,,,,stimuli/images/PICTURE_380.png,DEATH,5f08dafa392f74145122c0ee,13/10/1999,2020-08-27_18h40.23.296,proactive3.1,2020.1.2,Win32,60,5f47c29a48bd2a1e651a6eb7,5f47ede75080c61345c5990b,4,,,,,,gorilla,,,,,,0,26,26,49,1,5,0,,,,,,,,,,,,,,,,,,,,,,,,,,,,,,,,,,,,,,,,,,,,,,,,,,,,,,,,,,,,,,,,,,,,,,,,,,,,,,,,,,,,,,,,,,,,,,,,,,,,,,,,,,,,,
,,,,,,,,,,stimuli/images/PICTURE_215.png,PLENTY,5f08dafa392f74145122c0ee,13/10/1999,2020-08-27_18h40.23.296,proactive3.1,2020.1.2,Win32,60,5f47c29a48bd2a1e651a6eb7,5f47ede75080c61345c5990b,4,,,,,,boot,,,,,,0,27,27,37,1,4,0,,,,,,,,,,,,,,,,,,,,,,,,,,,,,,,,,,,,,,,,,,,,,,,,,,,,,,,,,,,,,,,,,,,,,,,,,,,,,,,,,,,,,,,,,,,,,,,,,,,,,,,,,,,,,
,,,,,,,,,,stimuli/images/PICTURE_744.png,SYSTEM,5f08dafa392f74145122c0ee,13/10/1999,2020-08-27_18h40.23.296,proactive3.1,2020.1.2,Win32,60,5f47c29a48bd2a1e651a6eb7,5f47ede75080c61345c5990b,4,,,,,,ring,,,,,,0,28,28,43,1,5,0,,,,,,,,,,,,,,,,,,,,,,,,,,,,,,,,,,,,,,,,,,,,,,,,,,,,,,,,,,,,,,,,,,,,,,,,,,,,,,,,,,,,,,,,,,,,,,,,,,,,,,,,,,,,,
,,,,,,,,,,stimuli/images/PICTURE_255.png,AREA,5f08dafa392f74145122c0ee,13/10/1999,2020-08-27_18h40.23.296,proactive3.1,2020.1.2,Win32,60,5f47c29a48bd2a1e651a6eb7,5f47ede75080c61345c5990b,4,,,,,,shovel,,,,,,0,29,29,22,1,3,0,,,,,,,,,,,,,,,,,,,,,,,,,,,,,,,,,,,,,,,,,,,,,,,,,,,,,,,,,,,,,,,,,,,,,,,,,,,,,,,,,,,,,,,,,,,,,,,,,,,,,,,,,,,,,
,,,,,,,,,,stimuli/images/PICTURE_123.png,ADVICE,5f08dafa392f74145122c0ee,13/10/1999,2020-08-27_18h40.23.296,proactive3.1,2020.1.2,Win32,60,5f47c29a48bd2a1e651a6eb7,5f47ede75080c61345c5990b,4,,,,,,dart,,,,,,0,30,30,40,1,5,0,,,,,,,,,,,,,,,,,,,,,,,,,,,,,,,,,,,,,,,,,,,,,,,,,,,,,,,,,,,,,,,,,,,,,,,,,,,,,,,,,,,,,,,,,,,,,,,,,,,,,,,,,,,,,
,,,,,,,,,,stimuli/images/PICTURE_491.png,WRITER,5f08dafa392f74145122c0ee,13/10/1999,2020-08-27_18h40.23.296,proactive3.1,2020.1.2,Win32,60,5f47c29a48bd2a1e651a6eb7,5f47ede75080c61345c5990b,4,,,,,,rug,,,,,,0,31,31,57,1,6,0,,,,,,,,,,,,,,,,,,,,,,,,,,,,,,,,,,,,,,,,,,,,,,,,,,,,,,,,,,,,,,,,,,,,,,,,,,,,,,,,,,,,,,,,,,,,,,,,,,,,,,,,,,,,,
,,,,,,,,,,stimuli/images/PICTURE_469.png,LETTER,5f08dafa392f74145122c0ee,13/10/1999,2020-08-27_18h40.23.296,proactive3.1,2020.1.2,Win32,60,5f47c29a48bd2a1e651a6eb7,5f47ede75080c61345c5990b,4,,,,,,stool,,,,,,0,32,32,42,1,5,0,,,,,,,,,,,,,,,,,,,,,,,,,,,,,,,,,,,,,,,,,,,,,,,,,,,,,,,,,,,,,,,,,,,,,,,,,,,,,,,,,,,,,,,,,,,,,,,,,,,,,,,,,,,,,
,,,,,,,,,,stimuli/images/PICTURE_208.png,LOTS,5f08dafa392f74145122c0ee,13/10/1999,2020-08-27_18h40.23.296,proactive3.1,2020.1.2,Win32,60,5f47c29a48bd2a1e651a6eb7,5f47ede75080c61345c5990b,4,,,,,,microphone,,,,,,0,33,33,10,1,2,0,,,,,,,,,,,,,,,,,,,,,,,,,,,,,,,,,,,,,,,,,,,,,,,,,,,,,,,,,,,,,,,,,,,,,,,,,,,,,,,,,,,,,,,,,,,,,,,,,,,,,,,,,,,,,
,,,,,,,,,,stimuli/images/PICTURE_470.png,CASINO,5f08dafa392f74145122c0ee,13/10/1999,2020-08-27_18h40.23.296,proactive3.1,2020.1.2,Win32,60,5f47c29a48bd2a1e651a6eb7,5f47ede75080c61345c5990b,4,,,,,,motorbike,,,,,,0,34,34,36,1,4,0,,,,,,,,,,,,,,,,,,,,,,,,,,,,,,,,,,,,,,,,,,,,,,,,,,,,,,,,,,,,,,,,,,,,,,,,,,,,,,,,,,,,,,,,,,,,,,,,,,,,,,,,,,,,,
,,,,,,,,,,stimuli/images/PICTURE_311.png,FRIEND,5f08dafa392f74145122c0ee,13/10/1999,2020-08-27_18h40.23.296,proactive3.1,2020.1.2,Win32,60,5f47c29a48bd2a1e651a6eb7,5f47ede75080c61345c5990b,4,,,,,,razor,,,,,,0,35,35,34,1,4,0,,,,,,,,,,,,,,,,,,,,,,,,,,,,,,,,,,,,,,,,,,,,,,,,,,,,,,,,,,,,,,,,,,,,,,,,,,,,,,,,,,,,,,,,,,,,,,,,,,,,,,,,,,,,,
,,,,,,,,,,stimuli/images/PICTURE_208.png,MONTH,5f08dafa392f74145122c0ee,13/10/1999,2020-08-27_18h40.23.296,proactive3.1,2020.1.2,Win32,60,5f47c29a48bd2a1e651a6eb7,5f47ede75080c61345c5990b,4,,,,,,microphone,,,,,,0,36,36,53,1,6,0,,,,,,,,,,,,,,,,,,,,,,,,,,,,,,,,,,,,,,,,,,,,,,,,,,,,,,,,,,,,,,,,,,,,,,,,,,,,,,,,,,,,,,,,,,,,,,,,,,,,,,,,,,,,,
,,,,,,,,,,stimuli/images/PICTURE_314.png,GODS,5f08dafa392f74145122c0ee,13/10/1999,2020-08-27_18h40.23.296,proactive3.1,2020.1.2,Win32,60,5f47c29a48bd2a1e651a6eb7,5f47ede75080c61345c5990b,4,,,,,,perfume,,,,,,0,37,37,11,1,2,0,,,,,,,,,,,,,,,,,,,,,,,,,,,,,,,,,,,,,,,,,,,,,,,,,,,,,,,,,,,,,,,,,,,,,,,,,,,,,,,,,,,,,,,,,,,,,,,,,,,,,,,,,,,,,
,,,,,,,,,,stimuli/images/PICTURE_32.png,JUNGLE,5f08dafa392f74145122c0ee,13/10/1999,2020-08-27_18h40.23.296,proactive3.1,2020.1.2,Win32,60,5f47c29a48bd2a1e651a6eb7,5f47ede75080c61345c5990b,4,,,,,,crown,,,,,,0,38,38,45,1,5,0,,,,,,,,,,,,,,,,,,,,,,,,,,,,,,,,,,,,,,,,,,,,,,,,,,,,,,,,,,,,,,,,,,,,,,,,,,,,,,,,,,,,,,,,,,,,,,,,,,,,,,,,,,,,,
,,,,,,,,,,stimuli/images/PICTURE_453.png,DUDE,5f08dafa392f74145122c0ee,13/10/1999,2020-08-27_18h40.23.296,proactive3.1,2020.1.2,Win32,60,5f47c29a48bd2a1e651a6eb7,5f47ede75080c61345c5990b,4,,,,,,scissors,,,,,,0,39,39,27,1,3,0,,,,,,,,,,,,,,,,,,,,,,,,,,,,,,,,,,,,,,,,,,,,,,,,,,,,,,,,,,,,,,,,,,,,,,,,,,,,,,,,,,,,,,,,,,,,,,,,,,,,,,,,,,,,,
,,,,,,,,,,stimuli/images/PICTURE_160.png,FEET,5f08dafa392f74145122c0ee,13/10/1999,2020-08-27_18h40.23.296,proactive3.1,2020.1.2,Win32,60,5f47c29a48bd2a1e651a6eb7,5f47ede75080c61345c5990b,4,,,,,,wheelbarrow,,,,,,0,40,40,58,1,6,0,,,,,,,,,,,,,,,,,,,,,,,,,,,,,,,,,,,,,,,,,,,,,,,,,,,,,,,,,,,,,,,,,,,,,,,,,,,,,,,,,,,,,,,,,,,,,,,,,,,,,,,,,,,,,
,,,,,,,,,,stimuli/images/PICTURE_308.png,ESTATE,5f08dafa392f74145122c0ee,13/10/1999,2020-08-27_18h40.23.296,proactive3.1,2020.1.2,Win32,60,5f47c29a48bd2a1e651a6eb7,5f47ede75080c61345c5990b,4,,,,,,dice,,,,,,0,41,41,46,1,5,0,,,,,,,,,,,,,,,,,,,,,,,,,,,,,,,,,,,,,,,,,,,,,,,,,,,,,,,,,,,,,,,,,,,,,,,,,,,,,,,,,,,,,,,,,,,,,,,,,,,,,,,,,,,,,
,,,,,,,,,,stimuli/images/PICTURE_85.png,THING,5f08dafa392f74145122c0ee,13/10/1999,2020-08-27_18h40.23.296,proactive3.1,2020.1.2,Win32,60,5f47c29a48bd2a1e651a6eb7,5f47ede75080c61345c5990b,4,,,,,,diamond,,,,,,0,42,42,15,1,2,0,,,,,,,,,,,,,,,,,,,,,,,,,,,,,,,,,,,,,,,,,,,,,,,,,,,,,,,,,,,,,,,,,,,,,,,,,,,,,,,,,,,,,,,,,,,,,,,,,,,,,,,,,,,,,
,,,,,,,,,,stimuli/images/PICTURE_285.png,ADVICE,5f08dafa392f74145122c0ee,13/10/1999,2020-08-27_18h40.23.296,proactive3.1,2020.1.2,Win32,60,5f47c29a48bd2a1e651a6eb7,5f47ede75080c61345c5990b,4,,,,,,carrot,,,,,,0,43,43,12,1,2,0,,,,,,,,,,,,,,,,,,,,,,,,,,,,,,,,,,,,,,,,,,,,,,,,,,,,,,,,,,,,,,,,,,,,,,,,,,,,,,,,,,,,,,,,,,,,,,,,,,,,,,,,,,,,,
,,,,,,,,,,stimuli/images/PICTURE_147.png,MOMENT,5f08dafa392f74145122c0ee,13/10/1999,2020-08-27_18h40.23.296,proactive3.1,2020.1.2,Win32,60,5f47c29a48bd2a1e651a6eb7,5f47ede75080c61345c5990b,4,,,,,,hanger,,,,,,0,44,44,51,1,6,0,,,,,,,,,,,,,,,,,,,,,,,,,,,,,,,,,,,,,,,,,,,,,,,,,,,,,,,,,,,,,,,,,,,,,,,,,,,,,,,,,,,,,,,,,,,,,,,,,,,,,,,,,,,,,
,,,,,,,,,,stimuli/images/PICTURE_708.png,PENNY,5f08dafa392f74145122c0ee,13/10/1999,2020-08-27_18h40.23.296,proactive3.1,2020.1.2,Win32,60,5f47c29a48bd2a1e651a6eb7,5f47ede75080c61345c5990b,4,,,,,,monkey,,,,,,0,45,45,31,1,4,0,,,,,,,,,,,,,,,,,,,,,,,,,,,,,,,,,,,,,,,,,,,,,,,,,,,,,,,,,,,,,,,,,,,,,,,,,,,,,,,,,,,,,,,,,,,,,,,,,,,,,,,,,,,,,
,,,,,,,,,,stimuli/images/PICTURE_708.png,YARD,5f08dafa392f74145122c0ee,13/10/1999,2020-08-27_18h40.23.296,proactive3.1,2020.1.2,Win32,60,5f47c29a48bd2a1e651a6eb7,5f47ede75080c61345c5990b,4,,,,,,monkey,,,,,,0,46,46,29,1,3,0,,,,,,,,,,,,,,,,,,,,,,,,,,,,,,,,,,,,,,,,,,,,,,,,,,,,,,,,,,,,,,,,,,,,,,,,,,,,,,,,,,,,,,,,,,,,,,,,,,,,,,,,,,,,,
,,,,,,,,,,stimuli/images/PICTURE_339.png,PLENTY,5f08dafa392f74145122c0ee,13/10/1999,2020-08-27_18h40.23.296,proactive3.1,2020.1.2,Win32,60,5f47c29a48bd2a1e651a6eb7,5f47ede75080c61345c5990b,4,,,,,,backpack,,,,,,0,47,47,0,1,1,0,,,,,,,,,,,,,,,,,,,,,,,,,,,,,,,,,,,,,,,,,,,,,,,,,,,,,,,,,,,,,,,,,,,,,,,,,,,,,,,,,,,,,,,,,,,,,,,,,,,,,,,,,,,,,
,,,,,,,,,,stimuli/images/PICTURE_248.png,DOZEN,5f08dafa392f74145122c0ee,13/10/1999,2020-08-27_18h40.23.296,proactive3.1,2020.1.2,Win32,60,5f47c29a48bd2a1e651a6eb7,5f47ede75080c61345c5990b,4,,,,,,cart,,,,,,0,48,48,39,1,4,0,,,,,,,,,,,,,,,,,,,,,,,,,,,,,,,,,,,,,,,,,,,,,,,,,,,,,,,,,,,,,,,,,,,,,,,,,,,,,,,,,,,,,,,,,,,,,,,,,,,,,,,,,,,,,
,,,,,,,,,,stimuli/images/PICTURE_177.png,CARS,5f08dafa392f74145122c0ee,13/10/1999,2020-08-27_18h40.23.296,proactive3.1,2020.1.2,Win32,60,5f47c29a48bd2a1e651a6eb7,5f47ede75080c61345c5990b,4,,,,,,mushroom,,,,,,0,49,49,35,1,4,0,,,,,,,,,,,,,,,,,,,,,,,,,,,,,,,,,,,,,,,,,,,,,,,,,,,,,,,,,,,,,,,,,,,,,,,,,,,,,,,,,,,,,,,,,,,,,,,,,,,,,,,,,,,,,
,,,,,,,,,,stimuli/images/PICTURE_491.png,ROOF,5f08dafa392f74145122c0ee,13/10/1999,2020-08-27_18h40.23.296,proactive3.1,2020.1.2,Win32,60,5f47c29a48bd2a1e651a6eb7,5f47ede75080c61345c5990b,4,,,,,,rug,,,,,,0,50,50,24,1,3,0,,,,,,,,,,,,,,,,,,,,,,,,,,,,,,,,,,,,,,,,,,,,,,,,,,,,,,,,,,,,,,,,,,,,,,,,,,,,,,,,,,,,,,,,,,,,,,,,,,,,,,,,,,,,,
,,,,,,,,,,stimuli/images/PICTURE_308.png,KIND,5f08dafa392f74145122c0ee,13/10/1999,2020-08-27_18h40.23.296,proactive3.1,2020.1.2,Win32,60,5f47c29a48bd2a1e651a6eb7,5f47ede75080c61345c5990b,4,,,,,,dice,,,,,,0,51,51,54,1,6,0,,,,,,,,,,,,,,,,,,,,,,,,,,,,,,,,,,,,,,,,,,,,,,,,,,,,,,,,,,,,,,,,,,,,,,,,,,,,,,,,,,,,,,,,,,,,,,,,,,,,,,,,,,,,,
,,,,,,,,,,stimuli/images/PICTURE_677.png,MILE,5f08dafa392f74145122c0ee,13/10/1999,2020-08-27_18h40.23.296,proactive3.1,2020.1.2,Win32,60,5f47c29a48bd2a1e651a6eb7,5f47ede75080c61345c5990b,4,,,,,,map,,,,,,0,52,52,30,1,4,0,,,,,,,,,,,,,,,,,,,,,,,,,,,,,,,,,,,,,,,,,,,,,,,,,,,,,,,,,,,,,,,,,,,,,,,,,,,,,,,,,,,,,,,,,,,,,,,,,,,,,,,,,,,,,
,,,,,,,,,,stimuli/images/PICTURE_348.png,SPEECH,5f08dafa392f74145122c0ee,13/10/1999,2020-08-27_18h40.23.296,proactive3.1,2020.1.2,Win32,60,5f47c29a48bd2a1e651a6eb7,5f47ede75080c61345c5990b,4,,,,,,pepper,,,,,,0,53,53,20,1,3,0,,,,,,,,,,,,,,,,,,,,,,,,,,,,,,,,,,,,,,,,,,,,,,,,,,,,,,,,,,,,,,,,,,,,,,,,,,,,,,,,,,,,,,,,,,,,,,,,,,,,,,,,,,,,,
,,,,,,,,,,stimuli/images/PICTURE_708.png,CLIENT,5f08dafa392f74145122c0ee,13/10/1999,2020-08-27_18h40.23.296,proactive3.1,2020.1.2,Win32,60,5f47c29a48bd2a1e651a6eb7,5f47ede75080c61345c5990b,4,,,,,,monkey,,,,,,0,54,54,5,1,1,0,,,,,,,,,,,,,,,,,,,,,,,,,,,,,,,,,,,,,,,,,,,,,,,,,,,,,,,,,,,,,,,,,,,,,,,,,,,,,,,,,,,,,,,,,,,,,,,,,,,,,,,,,,,,,
,,,,,,,,,,stimuli/images/PICTURE_327.png,BEAUTY,5f08dafa392f74145122c0ee,13/10/1999,2020-08-27_18h40.23.296,proactive3.1,2020.1.2,Win32,60,5f47c29a48bd2a1e651a6eb7,5f47ede75080c61345c5990b,4,,,,,,helmet,,,,,,0,55,55,48,1,5,0,,,,,,,,,,,,,,,,,,,,,,,,,,,,,,,,,,,,,,,,,,,,,,,,,,,,,,,,,,,,,,,,,,,,,,,,,,,,,,,,,,,,,,,,,,,,,,,,,,,,,,,,,,,,,
,,,,,,,,,,stimuli/images/PICTURE_208.png,THING,5f08dafa392f74145122c0ee,13/10/1999,2020-08-27_18h40.23.296,proactive3.1,2020.1.2,Win32,60,5f47c29a48bd2a1e651a6eb7,5f47ede75080c61345c5990b,4,,,,,,microphone,,,,,,0,56,56,47,1,5,0,,,,,,,,,,,,,,,,,,,,,,,,,,,,,,,,,,,,,,,,,,,,,,,,,,,,,,,,,,,,,,,,,,,,,,,,,,,,,,,,,,,,,,,,,,,,,,,,,,,,,,,,,,,,,
,,,,,,,,,,stimuli/images/PICTURE_453.png,PLENTY,5f08dafa392f74145122c0ee,13/10/1999,2020-08-27_18h40.23.296,proactive3.1,2020.1.2,Win32,60,5f47c29a48bd2a1e651a6eb7,5f47ede75080c61345c5990b,4,,,,,,scissors,,,,,,0,57,57,56,1,6,0,,,,,,,,,,,,,,,,,,,,,,,,,,,,,,,,,,,,,,,,,,,,,,,,,,,,,,,,,,,,,,,,,,,,,,,,,,,,,,,,,,,,,,,,,,,,,,,,,,,,,,,,,,,,,
,,,,,,,,,,stimuli/images/PICTURE_314.png,SAKE,5f08dafa392f74145122c0ee,13/10/1999,2020-08-27_18h40.23.296,proactive3.1,2020.1.2,Win32,60,5f47c29a48bd2a1e651a6eb7,5f47ede75080c61345c5990b,4,,,,,,perfume,,,,,,0,58,58,7,1,1,0,,,,,,,,,,,,,,,,,,,,,,,,,,,,,,,,,,,,,,,,,,,,,,,,,,,,,,,,,,,,,,,,,,,,,,,,,,,,,,,,,,,,,,,,,,,,,,,,,,,,,,,,,,,,,
,,?,0.000775,0,,,,,,stimuli/images/PICTURE_233.png,IDEAS,5f08dafa392f74145122c0ee,13/10/1999,2020-08-27_18h40.23.296,proactive3.1,2020.1.2,Win32,60,5f47c29a48bd2a1e651a6eb7,5f47ede75080c61345c5990b,4,,,,,,salt,,,,,,,,,,,3,0,0,0,0,28,1,,,,,,,,,,,,,,,,,,,,,,,,,,,,,,,,,,,,,,,,,,,,,,,,,,,,,,,,,,,,,,,,,,,,,,,,,,,,,,,,,,,,,,,,,,,,,,,,,,,,,,,,
,,?,0.00075,0,,,,,,stimuli/images/PICTURE_469.png,ARTIST,5f08dafa392f74145122c0ee,13/10/1999,2020-08-27_18h40.23.296,proactive3.1,2020.1.2,Win32,60,5f47c29a48bd2a1e651a6eb7,5f47ede75080c61345c5990b,4,,,,,,stool,,,,,,,,,,,1,0,0,1,1,6,1,,,,,,,,,,,,,,,,,,,,,,,,,,,,,,,,,,,,,,,,,,,,,,,,,,,,,,,,,,,,,,,,,,,,,,,,,,,,,,,,,,,,,,,,,,,,,,,,,,,,,,,,
,,?,0.00058,0,,,,,,stimuli/images/PICTURE_208.png,THING,5f08dafa392f74145122c0ee,13/10/1999,2020-08-27_18h40.23.296,proactive3.1,2020.1.2,Win32,60,5f47c29a48bd2a1e651a6eb7,5f47ede75080c61345c5990b,4,,,,,,microphone,,,,,,,,,,,5,0,0,2,2,47,1,,,,,,,,,,,,,,,,,,,,,,,,,,,,,,,,,,,,,,,,,,,,,,,,,,,,,,,,,,,,,,,,,,,,,,,,,,,,,,,,,,,,,,,,,,,,,,,,,,,,,,,,
,,PLENTY,6.99345,1,,,,,,stimuli/images/PICTURE_215.png,PLENTY,5f08dafa392f74145122c0ee,13/10/1999,2020-08-27_18h40.23.296,proactive3.1,2020.1.2,Win32,60,5f47c29a48bd2a1e651a6eb7,5f47ede75080c61345c5990b,4,,,,,,boot,,,,,,,,,,,4,0,0,3,3,37,1,,,,,,,,,,,,,,,,,,,,,,,,,,,,,,,,,,,,,,,,,,,,,,,,,,,,,,,,,,,,,,,,,,,,,,,,,,,,,,,,,,,,,,,,,,,,,,,,,,,,,,,,
,,?,0.000715,0,,,,,,stimuli/images/PICTURE_147.png,MOMENT,5f08dafa392f74145122c0ee,13/10/1999,2020-08-27_18h40.23.296,proactive3.1,2020.1.2,Win32,60,5f47c29a48bd2a1e651a6eb7,5f47ede75080c61345c5990b,4,,,,,,hanger,,,,,,,,,,,6,0,0,4,4,51,1,,,,,,,,,,,,,,,,,,,,,,,,,,,,,,,,,,,,,,,,,,,,,,,,,,,,,,,,,,,,,,,,,,,,,,,,,,,,,,,,,,,,,,,,,,,,,,,,,,,,,,,,
,,?,0.00066,0,,,,,,stimuli/images/PICTURE_667.png,BATH,5f08dafa392f74145122c0ee,13/10/1999,2020-08-27_18h40.23.296,proactive3.1,2020.1.2,Win32,60,5f47c29a48bd2a1e651a6eb7,5f47ede75080c61345c5990b,4,,,,,,daisy,,,,,,,,,,,1,0,0,5,5,4,1,,,,,,,,,,,,,,,,,,,,,,,,,,,,,,,,,,,,,,,,,,,,,,,,,,,,,,,,,,,,,,,,,,,,,,,,,,,,,,,,,,,,,,,,,,,,,,,,,,,,,,,,
,,?,0.00059,0,,,,,,stimuli/images/PICTURE_654.png,VALLEY,5f08dafa392f74145122c0ee,13/10/1999,2020-08-27_18h40.23.296,proactive3.1,2020.1.2,Win32,60,5f47c29a48bd2a1e651a6eb7,5f47ede75080c61345c5990b,4,,,,,,pencil,,,,,,,,,,,1,0,0,6,6,1,1,,,,,,,,,,,,,,,,,,,,,,,,,,,,,,,,,,,,,,,,,,,,,,,,,,,,,,,,,,,,,,,,,,,,,,,,,,,,,,,,,,,,,,,,,,,,,,,,,,,,,,,,
,,?,0.000605,0,,,,,,stimuli/images/PICTURE_339.png,PLENTY,5f08dafa392f74145122c0ee,13/10/1999,2020-08-27_18h40.23.296,proactive3.1,2020.1.2,Win32,60,5f47c29a48bd2a1e651a6eb7,5f47ede75080c61345c5990b,4,,,,,,backpack,,,,,,,,,,,1,0,0,7,7,0,1,,,,,,,,,,,,,,,,,,,,,,,,,,,,,,,,,,,,,,,,,,,,,,,,,,,,,,,,,,,,,,,,,,,,,,,,,,,,,,,,,,,,,,,,,,,,,,,,,,,,,,,,
,,DOZEN,13.85031,1,,,,,,stimuli/images/PICTURE_248.png,DOZEN,5f08dafa392f74145122c0ee,13/10/1999,2020-08-27_18h40.23.296,proactive3.1,2020.1.2,Win32,60,5f47c29a48bd2a1e651a6eb7,5f47ede75080c61345c5990b,4,,,,,,cart,,,,,,,,,,,4,0,0,8,8,39,1,,,,,,,,,,,,,,,,,,,,,,,,,,,,,,,,,,,,,,,,,,,,,,,,,,,,,,,,,,,,,,,,,,,,,,,,,,,,,,,,,,,,,,,,,,,,,,,,,,,,,,,,
,,?,0.00133,0,,,,,,stimuli/images/PICTURE_160.png,FEET,5f08dafa392f74145122c0ee,13/10/1999,2020-08-27_18h40.23.296,proactive3.1,2020.1.2,Win32,60,5f47c29a48bd2a1e651a6eb7,5f47ede75080c61345c5990b,4,,,,,,wheelbarrow,,,,,,,,,,,6,0,0,9,9,58,1,,,,,,,,,,,,,,,,,,,,,,,,,,,,,,,,,,,,,,,,,,,,,,,,,,,,,,,,,,,,,,,,,,,,,,,,,,,,,,,,,,,,,,,,,,,,,,,,,,,,,,,,
,,BRIGHT,6.3993,0,,,,,,stimuli/images/PICTURE_488.png,STYLE,5f08dafa392f74145122c0ee,13/10/1999,2020-08-27_18h40.23.296,proactive3.1,2020.1.2,Win32,60,5f47c29a48bd2a1e651a6eb7,5f47ede75080c61345c5990b,4,,,,,,sun,,,,,,,,,,,4,0,0,10,10,33,1,,,,,,,,,,,,,,,,,,,,,,,,,,,,,,,,,,,,,,,,,,,,,,,,,,,,,,,,,,,,,,,,,,,,,,,,,,,,,,,,,,,,,,,,,,,,,,,,,,,,,,,,
,,?,0.000765,0,,,,,,stimuli/images/PICTURE_123.png,ADVICE,5f08dafa392f74145122c0ee,13/10/1999,2020-08-27_18h40.23.296,proactive3.1,2020.1.2,Win32,60,5f47c29a48bd2a1e651a6eb7,5f47ede75080c61345c5990b,4,,,,,,dart,,,,,,,,,,,5,0,0,11,11,40,1,,,,,,,,,,,,,,,,,,,,,,,,,,,,,,,,,,,,,,,,,,,,,,,,,,,,,,,,,,,,,,,,,,,,,,,,,,,,,,,,,,,,,,,,,,,,,,,,,,,,,,,,
,,FRIEND,5.000145,1,,,,,,stimuli/images/PICTURE_311.png,FRIEND,5f08dafa392f74145122c0ee,13/10/1999,2020-08-27_18h40.23.296,proactive3.1,2020.1.2,Win32,60,5f47c29a48bd2a1e651a6eb7,5f47ede75080c61345c5990b,4,,,,,,razor,,,,,,,,,,,4,0,0,12,12,34,1,,,,,,,,,,,,,,,,,,,,,,,,,,,,,,,,,,,,,,,,,,,,,,,,,,,,,,,,,,,,,,,,,,,,,,,,,,,,,,,,,,,,,,,,,,,,,,,,,,,,,,,,
,,?,15.010435,0,,,,,,stimuli/images/PICTURE_233.png,WOMEN,5f08dafa392f74145122c0ee,13/10/1999,2020-08-27_18h40.23.296,proactive3.1,2020.1.2,Win32,60,5f47c29a48bd2a1e651a6eb7,5f47ede75080c61345c5990b,4,,,,,,salt,,,,,,,,,,,4,0,0,13,13,38,1,,,,,,,,,,,,,,,,,,,,,,,,,,,,,,,,,,,,,,,,,,,,,,,,,,,,,,,,,,,,,,,,,,,,,,,,,,,,,,,,,,,,,,,,,,,,,,,,,,,,,,,,
,,?,0.00081,0,,,,,,stimuli/images/PICTURE_311.png,BEAUTY,5f08dafa392f74145122c0ee,13/10/1999,2020-08-27_18h40.23.296,proactive3.1,2020.1.2,Win32,60,5f47c29a48bd2a1e651a6eb7,5f47ede75080c61345c5990b,4,,,,,,razor,,,,,,,,,,,2,0,0,14,14,13,1,,,,,,,,,,,,,,,,,,,,,,,,,,,,,,,,,,,,,,,,,,,,,,,,,,,,,,,,,,,,,,,,,,,,,,,,,,,,,,,,,,,,,,,,,,,,,,,,,,,,,,,,
,,WIND,11.005055,0,,,,,,stimuli/images/PICTURE_675.png,WEAPON,5f08dafa392f74145122c0ee,13/10/1999,2020-08-27_18h40.23.296,proactive3.1,2020.1.2,Win32,60,5f47c29a48bd2a1e651a6eb7,5f47ede75080c61345c5990b,4,,,,,,windmill,,,,,,,,,,,4,0,0,15,15,32,1,,,,,,,,,,,,,,,,,,,,,,,,,,,,,,,,,,,,,,,,,,,,,,,,,,,,,,,,,,,,,,,,,,,,,,,,,,,,,,,,,,,,,,,,,,,,,,,,,,,,,,,,
,,?,0.00069,0,,,,,,stimuli/images/PICTURE_302.png,FAMILY,5f08dafa392f74145122c0ee,13/10/1999,2020-08-27_18h40.23.296,proactive3.1,2020.1.2,Win32,60,5f47c29a48bd2a1e651a6eb7,5f47ede75080c61345c5990b,4,,,,,,taxi,,,,,,,,,,,2,0,0,16,16,18,1,,,,,,,,,,,,,,,,,,,,,,,,,,,,,,,,,,,,,,,,,,,,,,,,,,,,,,,,,,,,,,,,,,,,,,,,,,,,,,,,,,,,,,,,,,,,,,,,,,,,,,,,
,,?,0.000595,0,,,,,,stimuli/images/PICTURE_151.png,GIRL,5f08dafa392f74145122c0ee,13/10/1999,2020-08-27_18h40.23.296,proactive3.1,2020.1.2,Win32,60,5f47c29a48bd2a1e651a6eb7,5f47ede75080c61345c5990b,4,,,,,,tray,,,,,,,,,,,2,0,0,17,17,19,1,,,,,,,,,,,,,,,,,,,,,,,,,,,,,,,,,,,,,,,,,,,,,,,,,,,,,,,,,,,,,,,,,,,,,,,,,,,,,,,,,,,,,,,,,,,,,,,,,,,,,,,,
,,?,0.00077,0,,,,,,stimuli/images/PICTURE_692.png,MONTH,5f08dafa392f74145122c0ee,13/10/1999,2020-08-27_18h40.23.296,proactive3.1,2020.1.2,Win32,60,5f47c29a48bd2a1e651a6eb7,5f47ede75080c61345c5990b,4,,,,,,cherry,,,,,,,,,,,2,0,0,18,18,16,1,,,,,,,,,,,,,,,,,,,,,,,,,,,,,,,,,,,,,,,,,,,,,,,,,,,,,,,,,,,,,,,,,,,,,,,,,,,,,,,,,,,,,,,,,,,,,,,,,,,,,,,,
,,?,0.00057,0,,,,,,stimuli/images/PICTURE_667.png,PLENTY,5f08dafa392f74145122c0ee,13/10/1999,2020-08-27_18h40.23.296,proactive3.1,2020.1.2,Win32,60,5f47c29a48bd2a1e651a6eb7,5f47ede75080c61345c5990b,4,,,,,,daisy,,,,,,,,,,,5,0,0,19,19,41,1,,,,,,,,,,,,,,,,,,,,,,,,,,,,,,,,,,,,,,,,,,,,,,,,,,,,,,,,,,,,,,,,,,,,,,,,,,,,,,,,,,,,,,,,,,,,,,,,,,,,,,,,
,,?,0.00054,0,,,,,,stimuli/images/PICTURE_308.png,KIND,5f08dafa392f74145122c0ee,13/10/1999,2020-08-27_18h40.23.296,proactive3.1,2020.1.2,Win32,60,5f47c29a48bd2a1e651a6eb7,5f47ede75080c61345c5990b,4,,,,,,dice,,,,,,,,,,,6,0,0,20,20,54,1,,,,,,,,,,,,,,,,,,,,,,,,,,,,,,,,,,,,,,,,,,,,,,,,,,,,,,,,,,,,,,,,,,,,,,,,,,,,,,,,,,,,,,,,,,,,,,,,,,,,,,,,
,,?,0.000545,0,,,,,,stimuli/images/PICTURE_688.png,CASINO,5f08dafa392f74145122c0ee,13/10/1999,2020-08-27_18h40.23.296,proactive3.1,2020.1.2,Win32,60,5f47c29a48bd2a1e651a6eb7,5f47ede75080c61345c5990b,4,,,,,,runner,,,,,,,,,,,1,0,0,21,21,2,1,,,,,,,,,,,,,,,,,,,,,,,,,,,,,,,,,,,,,,,,,,,,,,,,,,,,,,,,,,,,,,,,,,,,,,,,,,,,,,,,,,,,,,,,,,,,,,,,,,,,,,,,
,,?,0.00054,0,,,,,,stimuli/images/PICTURE_348.png,SPEECH,5f08dafa392f74145122c0ee,13/10/1999,2020-08-27_18h40.23.296,proactive3.1,2020.1.2,Win32,60,5f47c29a48bd2a1e651a6eb7,5f47ede75080c61345c5990b,4,,,,,,pepper,,,,,,,,,,,3,0,0,22,22,20,1,,,,,,,,,,,,,,,,,,,,,,,,,,,,,,,,,,,,,,,,,,,,,,,,,,,,,,,,,,,,,,,,,,,,,,,,,,,,,,,,,,,,,,,,,,,,,,,,,,,,,,,,
,,?,0.000695,0,,,,,,stimuli/images/PICTURE_467.png,DEMON,5f08dafa392f74145122c0ee,13/10/1999,2020-08-27_18h40.23.296,proactive3.1,2020.1.2,Win32,60,5f47c29a48bd2a1e651a6eb7,5f47ede75080c61345c5990b,4,,,,,,peg,,,,,,,,,,,3,0,0,23,23,23,1,,,,,,,,,,,,,,,,,,,,,,,,,,,,,,,,,,,,,,,,,,,,,,,,,,,,,,,,,,,,,,,,,,,,,,,,,,,,,,,,,,,,,,,,,,,,,,,,,,,,,,,,
,,?,0.00107,0,,,,,,stimuli/images/PICTURE_453.png,DUDE,5f08dafa392f74145122c0ee,13/10/1999,2020-08-27_18h40.23.296,proactive3.1,2020.1.2,Win32,60,5f47c29a48bd2a1e651a6eb7,5f47ede75080c61345c5990b,4,,,,,,scissors,,,,,,,,,,,3,0,0,24,24,27,1,,,,,,,,,,,,,,,,,,,,,,,,,,,,,,,,,,,,,,,,,,,,,,,,,,,,,,,,,,,,,,,,,,,,,,,,,,,,,,,,,,,,,,,,,,,,,,,,,,,,,,,,
,,CASINO,3.984745,1,,,,,,stimuli/images/PICTURE_470.png,CASINO,5f08dafa392f74145122c0ee,13/10/1999,2020-08-27_18h40.23.296,proactive3.1,2020.1.2,Win32,60,5f47c29a48bd2a1e651a6eb7,5f47ede75080c61345c5990b,4,,,,,,motorbike,,,,,,,,,,,4,0,0,25,25,36,1,,,,,,,,,,,,,,,,,,,,,,,,,,,,,,,,,,,,,,,,,,,,,,,,,,,,,,,,,,,,,,,,,,,,,,,,,,,,,,,,,,,,,,,,,,,,,,,,,,,,,,,,
,,?,0.00169,0,,,,,,stimuli/images/PICTURE_708.png,CLIENT,5f08dafa392f74145122c0ee,13/10/1999,2020-08-27_18h40.23.296,proactive3.1,2020.1.2,Win32,60,5f47c29a48bd2a1e651a6eb7,5f47ede75080c61345c5990b,4,,,,,,monkey,,,,,,,,,,,1,0,0,26,26,5,1,,,,,,,,,,,,,,,,,,,,,,,,,,,,,,,,,,,,,,,,,,,,,,,,,,,,,,,,,,,,,,,,,,,,,,,,,,,,,,,,,,,,,,,,,,,,,,,,,,,,,,,,
,,?,0.00059,0,,,,,,stimuli/images/PICTURE_308.png,ESTATE,5f08dafa392f74145122c0ee,13/10/1999,2020-08-27_18h40.23.296,proactive3.1,2020.1.2,Win32,60,5f47c29a48bd2a1e651a6eb7,5f47ede75080c61345c5990b,4,,,,,,dice,,,,,,,,,,,5,0,0,27,27,46,1,,,,,,,,,,,,,,,,,,,,,,,,,,,,,,,,,,,,,,,,,,,,,,,,,,,,,,,,,,,,,,,,,,,,,,,,,,,,,,,,,,,,,,,,,,,,,,,,,,,,,,,,
,,?,0.000575,0,,,,,,stimuli/images/PICTURE_708.png,YARD,5f08dafa392f74145122c0ee,13/10/1999,2020-08-27_18h40.23.296,proactive3.1,2020.1.2,Win32,60,5f47c29a48bd2a1e651a6eb7,5f47ede75080c61345c5990b,4,,,,,,monkey,,,,,,,,,,,3,0,0,28,28,29,1,,,,,,,,,,,,,,,,,,,,,,,,,,,,,,,,,,,,,,,,,,,,,,,,,,,,,,,,,,,,,,,,,,,,,,,,,,,,,,,,,,,,,,,,,,,,,,,,,,,,,,,,
,,?,0.000495,0,,,,,,stimuli/images/PICTURE_380.png,PHOTO,5f08dafa392f74145122c0ee,13/10/1999,2020-08-27_18h40.23.296,proactive3.1,2020.1.2,Win32,60,5f47c29a48bd2a1e651a6eb7,5f47ede75080c61345c5990b,4,,,,,,gorilla,,,,,,,,,,,6,0,0,29,29,52,1,,,,,,,,,,,,,,,,,,,,,,,,,,,,,,,,,,,,,,,,,,,,,,,,,,,,,,,,,,,,,,,,,,,,,,,,,,,,,,,,,,,,,,,,,,,,,,,,,,,,,,,,
,,?,0.000555,0,,,,,,stimuli/images/PICTURE_208.png,MONTH,5f08dafa392f74145122c0ee,13/10/1999,2020-08-27_18h40.23.296,proactive3.1,2020.1.2,Win32,60,5f47c29a48bd2a1e651a6eb7,5f47ede75080c61345c5990b,4,,,,,,microphone,,,,,,,,,,,6,0,0,30,30,53,1,,,,,,,,,,,,,,,,,,,,,,,,,,,,,,,,,,,,,,,,,,,,,,,,,,,,,,,,,,,,,,,,,,,,,,,,,,,,,,,,,,,,,,,,,,,,,,,,,,,,,,,,
,,PENNY,7.313315,1,,,,,,stimuli/images/PICTURE_708.png,PENNY,5f08dafa392f74145122c0ee,13/10/1999,2020-08-27_18h40.23.296,proactive3.1,2020.1.2,Win32,60,5f47c29a48bd2a1e651a6eb7,5f47ede75080c61345c5990b,4,,,,,,monkey,,,,,,,,,,,4,0,0,31,31,31,1,,,,,,,,,,,,,,,,,,,,,,,,,,,,,,,,,,,,,,,,,,,,,,,,,,,,,,,,,,,,,,,,,,,,,,,,,,,,,,,,,,,,,,,,,,,,,,,,,,,,,,,,
,,?,0.00163,0,,,,,,stimuli/images/PICTURE_285.png,ADVICE,5f08dafa392f74145122c0ee,13/10/1999,2020-08-27_18h40.23.296,proactive3.1,2020.1.2,Win32,60,5f47c29a48bd2a1e651a6eb7,5f47ede75080c61345c5990b,4,,,,,,carrot,,,,,,,,,,,2,0,0,32,32,12,1,,,,,,,,,,,,,,,,,,,,,,,,,,,,,,,,,,,,,,,,,,,,,,,,,,,,,,,,,,,,,,,,,,,,,,,,,,,,,,,,,,,,,,,,,,,,,,,,,,,,,,,,
,,?,0.00058,0,,,,,,stimuli/images/PICTURE_327.png,BEAUTY,5f08dafa392f74145122c0ee,13/10/1999,2020-08-27_18h40.23.296,proactive3.1,2020.1.2,Win32,60,5f47c29a48bd2a1e651a6eb7,5f47ede75080c61345c5990b,4,,,,,,helmet,,,,,,,,,,,5,0,0,33,33,48,1,,,,,,,,,,,,,,,,,,,,,,,,,,,,,,,,,,,,,,,,,,,,,,,,,,,,,,,,,,,,,,,,,,,,,,,,,,,,,,,,,,,,,,,,,,,,,,,,,,,,,,,,
,,?,0.00056,0,,,,,,stimuli/images/PICTURE_203.png,ARTIST,5f08dafa392f74145122c0ee,13/10/1999,2020-08-27_18h40.23.296,proactive3.1,2020.1.2,Win32,60,5f47c29a48bd2a1e651a6eb7,5f47ede75080c61345c5990b,4,,,,,,cap,,,,,,,,,,,3,0,0,34,34,26,1,,,,,,,,,,,,,,,,,,,,,,,,,,,,,,,,,,,,,,,,,,,,,,,,,,,,,,,,,,,,,,,,,,,,,,,,,,,,,,,,,,,,,,,,,,,,,,,,,,,,,,,,
,,?,0.002155,0,,,,,,stimuli/images/PICTURE_509.png,PHOTO,5f08dafa392f74145122c0ee,13/10/1999,2020-08-27_18h40.23.296,proactive3.1,2020.1.2,Win32,60,5f47c29a48bd2a1e651a6eb7,5f47ede75080c61345c5990b,4,,,,,,telephone,,,,,,,,,,,3,0,0,35,35,21,1,,,,,,,,,,,,,,,,,,,,,,,,,,,,,,,,,,,,,,,,,,,,,,,,,,,,,,,,,,,,,,,,,,,,,,,,,,,,,,,,,,,,,,,,,,,,,,,,,,,,,,,,
,,MILE,5.261715,1,,,,,,stimuli/images/PICTURE_677.png,MILE,5f08dafa392f74145122c0ee,13/10/1999,2020-08-27_18h40.23.296,proactive3.1,2020.1.2,Win32,60,5f47c29a48bd2a1e651a6eb7,5f47ede75080c61345c5990b,4,,,,,,map,,,,,,,,,,,4,0,0,36,36,30,1,,,,,,,,,,,,,,,,,,,,,,,,,,,,,,,,,,,,,,,,,,,,,,,,,,,,,,,,,,,,,,,,,,,,,,,,,,,,,,,,,,,,,,,,,,,,,,,,,,,,,,,,
,,?,0.00145,0,,,,,,stimuli/images/PICTURE_95.png,STYLE,5f08dafa392f74145122c0ee,13/10/1999,2020-08-27_18h40.23.296,proactive3.1,2020.1.2,Win32,60,5f47c29a48bd2a1e651a6eb7,5f47ede75080c61345c5990b,4,,,,,,suitcase,,,,,,,,,,,3,0,0,37,37,25,1,,,,,,,,,,,,,,,,,,,,,,,,,,,,,,,,,,,,,,,,,,,,,,,,,,,,,,,,,,,,,,,,,,,,,,,,,,,,,,,,,,,,,,,,,,,,,,,,,,,,,,,,
,,?,0.000605,0,,,,,,stimuli/images/PICTURE_380.png,DEATH,5f08dafa392f74145122c0ee,13/10/1999,2020-08-27_18h40.23.296,proactive3.1,2020.1.2,Win32,60,5f47c29a48bd2a1e651a6eb7,5f47ede75080c61345c5990b,4,,,,,,gorilla,,,,,,,,,,,5,0,0,38,38,49,1,,,,,,,,,,,,,,,,,,,,,,,,,,,,,,,,,,,,,,,,,,,,,,,,,,,,,,,,,,,,,,,,,,,,,,,,,,,,,,,,,,,,,,,,,,,,,,,,,,,,,,,,
,,?,0.00065,0,,,,,,stimuli/images/PICTURE_744.png,SAKE,5f08dafa392f74145122c0ee,13/10/1999,2020-08-27_18h40.23.296,proactive3.1,2020.1.2,Win32,60,5f47c29a48bd2a1e651a6eb7,5f47ede75080c61345c5990b,4,,,,,,ring,,,,,,,,,,,2,0,0,39,39,17,1,,,,,,,,,,,,,,,,,,,,,,,,,,,,,,,,,,,,,,,,,,,,,,,,,,,,,,,,,,,,,,,,,,,,,,,,,,,,,,,,,,,,,,,,,,,,,,,,,,,,,,,,
,,?,0.000545,0,,,,,,stimuli/images/PICTURE_504.png,BODY,5f08dafa392f74145122c0ee,13/10/1999,2020-08-27_18h40.23.296,proactive3.1,2020.1.2,Win32,60,5f47c29a48bd2a1e651a6eb7,5f47ede75080c61345c5990b,4,,,,,,wheel,,,,,,,,,,,1,0,0,40,40,8,1,,,,,,,,,,,,,,,,,,,,,,,,,,,,,,,,,,,,,,,,,,,,,,,,,,,,,,,,,,,,,,,,,,,,,,,,,,,,,,,,,,,,,,,,,,,,,,,,,,,,,,,,
,,?,0.00067,0,,,,,,stimuli/images/PICTURE_314.png,GODS,5f08dafa392f74145122c0ee,13/10/1999,2020-08-27_18h40.23.296,proactive3.1,2020.1.2,Win32,60,5f47c29a48bd2a1e651a6eb7,5f47ede75080c61345c5990b,4,,,,,,perfume,,,,,,,,,,,2,0,0,41,41,11,1,,,,,,,,,,,,,,,,,,,,,,,,,,,,,,,,,,,,,,,,,,,,,,,,,,,,,,,,,,,,,,,,,,,,,,,,,,,,,,,,,,,,,,,,,,,,,,,,,,,,,,,,
,,?,0.00071,0,,,,,,stimuli/images/PICTURE_356.png,DANGER,5f08dafa392f74145122c0ee,13/10/1999,2020-08-27_18h40.23.296,proactive3.1,2020.1.2,Win32,60,5f47c29a48bd2a1e651a6eb7,5f47ede75080c61345c5990b,4,,,,,,pawn,,,,,,,,,,,6,0,0,42,42,55,1,,,,,,,,,,,,,,,,,,,,,,,,,,,,,,,,,,,,,,,,,,,,,,,,,,,,,,,,,,,,,,,,,,,,,,,,,,,,,,,,,,,,,,,,,,,,,,,,,,,,,,,,
,,?,0.00081,0,,,,,,stimuli/images/PICTURE_208.png,LOTS,5f08dafa392f74145122c0ee,13/10/1999,2020-08-27_18h40.23.296,proactive3.1,2020.1.2,Win32,60,5f47c29a48bd2a1e651a6eb7,5f47ede75080c61345c5990b,4,,,,,,microphone,,,,,,,,,,,2,0,0,43,43,10,1,,,,,,,,,,,,,,,,,,,,,,,,,,,,,,,,,,,,,,,,,,,,,,,,,,,,,,,,,,,,,,,,,,,,,,,,,,,,,,,,,,,,,,,,,,,,,,,,,,,,,,,,
,,?,0.000575,0,,,,,,stimuli/images/PICTURE_491.png,ROOF,5f08dafa392f74145122c0ee,13/10/1999,2020-08-27_18h40.23.296,proactive3.1,2020.1.2,Win32,60,5f47c29a48bd2a1e651a6eb7,5f47ede75080c61345c5990b,4,,,,,,rug,,,,,,,,,,,3,0,0,44,44,24,1,,,,,,,,,,,,,,,,,,,,,,,,,,,,,,,,,,,,,,,,,,,,,,,,,,,,,,,,,,,,,,,,,,,,,,,,,,,,,,,,,,,,,,,,,,,,,,,,,,,,,,,,
,,CARS,4.571305,1,,,,,,stimuli/images/PICTURE_177.png,CARS,5f08dafa392f74145122c0ee,13/10/1999,2020-08-27_18h40.23.296,proactive3.1,2020.1.2,Win32,60,5f47c29a48bd2a1e651a6eb7,5f47ede75080c61345c5990b,4,,,,,,mushroom,,,,,,,,,,,4,0,0,45,45,35,1,,,,,,,,,,,,,,,,,,,,,,,,,,,,,,,,,,,,,,,,,,,,,,,,,,,,,,,,,,,,,,,,,,,,,,,,,,,,,,,,,,,,,,,,,,,,,,,,,,,,,,,,
,,?,0.001645,0,,,,,,stimuli/images/PICTURE_123.png,ADVICE,5f08dafa392f74145122c0ee,13/10/1999,2020-08-27_18h40.23.296,proactive3.1,2020.1.2,Win32,60,5f47c29a48bd2a1e651a6eb7,5f47ede75080c61345c5990b,4,,,,,,dart,,,,,,,,,,,6,0,0,46,46,50,1,,,,,,,,,,,,,,,,,,,,,,,,,,,,,,,,,,,,,,,,,,,,,,,,,,,,,,,,,,,,,,,,,,,,,,,,,,,,,,,,,,,,,,,,,,,,,,,,,,,,,,,,
,,?,0.00057,0,,,,,,stimuli/images/PICTURE_688.png,WOMEN,5f08dafa392f74145122c0ee,13/10/1999,2020-08-27_18h40.23.296,proactive3.1,2020.1.2,Win32,60,5f47c29a48bd2a1e651a6eb7,5f47ede75080c61345c5990b,4,,,,,,runner,,,,,,,,,,,2,0,0,47,47,14,1,,,,,,,,,,,,,,,,,,,,,,,,,,,,,,,,,,,,,,,,,,,,,,,,,,,,,,,,,,,,,,,,,,,,,,,,,,,,,,,,,,,,,,,,,,,,,,,,,,,,,,,,
,,?,0.00225,0,,,,,,stimuli/images/PICTURE_744.png,SYSTEM,5f08dafa392f74145122c0ee,13/10/1999,2020-08-27_18h40.23.296,proactive3.1,2020.1.2,Win32,60,5f47c29a48bd2a1e651a6eb7,5f47ede75080c61345c5990b,4,,,,,,ring,,,,,,,,,,,5,0,0,48,48,43,1,,,,,,,,,,,,,,,,,,,,,,,,,,,,,,,,,,,,,,,,,,,,,,,,,,,,,,,,,,,,,,,,,,,,,,,,,,,,,,,,,,,,,,,,,,,,,,,,,,,,,,,,
,,?,0.000535,0,,,,,,stimuli/images/PICTURE_449.png,THING,5f08dafa392f74145122c0ee,13/10/1999,2020-08-27_18h40.23.296,proactive3.1,2020.1.2,Win32,60,5f47c29a48bd2a1e651a6eb7,5f47ede75080c61345c5990b,4,,,,,,bench,,,,,,,,,,,6,0,0,49,49,59,1,,,,,,,,,,,,,,,,,,,,,,,,,,,,,,,,,,,,,,,,,,,,,,,,,,,,,,,,,,,,,,,,,,,,,,,,,,,,,,,,,,,,,,,,,,,,,,,,,,,,,,,,
,,?,0.000575,0,,,,,,stimuli/images/PICTURE_469.png,LETTER,5f08dafa392f74145122c0ee,13/10/1999,2020-08-27_18h40.23.296,proactive3.1,2020.1.2,Win32,60,5f47c29a48bd2a1e651a6eb7,5f47ede75080c61345c5990b,4,,,,,,stool,,,,,,,,,,,5,0,0,50,50,42,1,,,,,,,,,,,,,,,,,,,,,,,,,,,,,,,,,,,,,,,,,,,,,,,,,,,,,,,,,,,,,,,,,,,,,,,,,,,,,,,,,,,,,,,,,,,,,,,,,,,,,,,,
,,?,0.00052,0,,,,,,stimuli/images/PICTURE_32.png,JUNGLE,5f08dafa392f74145122c0ee,13/10/1999,2020-08-27_18h40.23.296,proactive3.1,2020.1.2,Win32,60,5f47c29a48bd2a1e651a6eb7,5f47ede75080c61345c5990b,4,,,,,,crown,,,,,,,,,,,5,0,0,51,51,45,1,,,,,,,,,,,,,,,,,,,,,,,,,,,,,,,,,,,,,,,,,,,,,,,,,,,,,,,,,,,,,,,,,,,,,,,,,,,,,,,,,,,,,,,,,,,,,,,,,,,,,,,,
,,?,0.000555,0,,,,,,stimuli/images/PICTURE_314.png,SAKE,5f08dafa392f74145122c0ee,13/10/1999,2020-08-27_18h40.23.296,proactive3.1,2020.1.2,Win32,60,5f47c29a48bd2a1e651a6eb7,5f47ede75080c61345c5990b,4,,,,,,perfume,,,,,,,,,,,1,0,0,52,52,7,1,,,,,,,,,,,,,,,,,,,,,,,,,,,,,,,,,,,,,,,,,,,,,,,,,,,,,,,,,,,,,,,,,,,,,,,,,,,,,,,,,,,,,,,,,,,,,,,,,,,,,,,,
,,?,0.00083,0,,,,,,stimuli/images/PICTURE_160.png,LEADER,5f08dafa392f74145122c0ee,13/10/1999,2020-08-27_18h40.23.296,proactive3.1,2020.1.2,Win32,60,5f47c29a48bd2a1e651a6eb7,5f47ede75080c61345c5990b,4,,,,,,wheelbarrow,,,,,,,,,,,1,0,0,53,53,3,1,,,,,,,,,,,,,,,,,,,,,,,,,,,,,,,,,,,,,,,,,,,,,,,,,,,,,,,,,,,,,,,,,,,,,,,,,,,,,,,,,,,,,,,,,,,,,,,,,,,,,,,,
,,?,0.000585,0,,,,,,stimuli/images/PICTURE_85.png,THING,5f08dafa392f74145122c0ee,13/10/1999,2020-08-27_18h40.23.296,proactive3.1,2020.1.2,Win32,60,5f47c29a48bd2a1e651a6eb7,5f47ede75080c61345c5990b,4,,,,,,diamond,,,,,,,,,,,2,0,0,54,54,15,1,,,,,,,,,,,,,,,,,,,,,,,,,,,,,,,,,,,,,,,,,,,,,,,,,,,,,,,,,,,,,,,,,,,,,,,,,,,,,,,,,,,,,,,,,,,,,,,,,,,,,,,,
,,?,0.000825,0,,,,,,stimuli/images/PICTURE_453.png,PLENTY,5f08dafa392f74145122c0ee,13/10/1999,2020-08-27_18h40.23.296,proactive3.1,2020.1.2,Win32,60,5f47c29a48bd2a1e651a6eb7,5f47ede75080c61345c5990b,4,,,,,,scissors,,,,,,,,,,,6,0,0,55,55,56,1,,,,,,,,,,,,,,,,,,,,,,,,,,,,,,,,,,,,,,,,,,,,,,,,,,,,,,,,,,,,,,,,,,,,,,,,,,,,,,,,,,,,,,,,,,,,,,,,,,,,,,,,
,,?,0.000695,0,,,,,,stimuli/images/PICTURE_255.png,AREA,5f08dafa392f74145122c0ee,13/10/1999,2020-08-27_18h40.23.296,proactive3.1,2020.1.2,Win32,60,5f47c29a48bd2a1e651a6eb7,5f47ede75080c61345c5990b,4,,,,,,shovel,,,,,,,,,,,3,0,0,56,56,22,1,,,,,,,,,,,,,,,,,,,,,,,,,,,,,,,,,,,,,,,,,,,,,,,,,,,,,,,,,,,,,,,,,,,,,,,,,,,,,,,,,,,,,,,,,,,,,,,,,,,,,,,,
,,?,0.000545,0,,,,,,stimuli/images/PICTURE_487.png,FLIGHT,5f08dafa392f74145122c0ee,13/10/1999,2020-08-27_18h40.23.296,proactive3.1,2020.1.2,Win32,60,5f47c29a48bd2a1e651a6eb7,5f47ede75080c61345c5990b,4,,,,,,basket,,,,,,,,,,,1,0,0,57,57,9,1,,,,,,,,,,,,,,,,,,,,,,,,,,,,,,,,,,,,,,,,,,,,,,,,,,,,,,,,,,,,,,,,,,,,,,,,,,,,,,,,,,,,,,,,,,,,,,,,,,,,,,,,
,,?,0.00054,0,,,,,,stimuli/images/PICTURE_491.png,WRITER,5f08dafa392f74145122c0ee,13/10/1999,2020-08-27_18h40.23.296,proactive3.1,2020.1.2,Win32,60,5f47c29a48bd2a1e651a6eb7,5f47ede75080c61345c5990b,4,,,,,,rug,,,,,,,,,,,6,0,0,58,58,57,1,,,,,,,,,,,,,,,,,,,,,,,,,,,,,,,,,,,,,,,,,,,,,,,,,,,,,,,,,,,,,,,,,,,,,,,,,,,,,,,,,,,,,,,,,,,,,,,,,,,,,,,,
,,?,0.00052,0,,,,,,stimuli/images/PICTURE_68.png,MILE,5f08dafa392f74145122c0ee,13/10/1999,2020-08-27_18h40.23.296,proactive3.1,2020.1.2,Win32,60,5f47c29a48bd2a1e651a6eb7,5f47ede75080c61345c5990b,4,,,,,,candle,,,,,,,,,,,5,0,0,59,59,44,1,,,,,,,,,,,,,,,,,,,,,,,,,,,,,,,,,,,,,,,,,,,,,,,,,,,,,,,,,,,,,,,,,,,,,,,,,,,,,,,,,,,,,,,,,,,,,,,,,,,,,,,,
,,,,,,,,,,,,5f08dafa392f74145122c0ee,13/10/1999,2020-08-27_18h40.23.296,proactive3.1,2020.1.2,Win32,60,5f47c29a48bd2a1e651a6eb7,5f47ede75080c61345c5990b,4,,,,,,,,,,,,,,,,,,,,,,,,0,0,0,0,1,stimuli/learn-block1.csv,,,,,,,,,,,,,,,,,,,,,,,,,,,,,,,,,,,,,,,,,,,,,,,,,,,,,,,,,,,,,,,,,,,,,,,,,,,,,,,,,,,,,,,,,,,,,,,,,,
,,,,,,,,,,stimuli/images/PICTURE_42.png,BOYS,5f08dafa392f74145122c0ee,13/10/1999,2020-08-27_18h40.23.296,proactive3.1,2020.1.2,Win32,60,5f47c29a48bd2a1e651a6eb7,5f47ede75080c61345c5990b,4,,,,,,pear,,,,,,0,0,0,55,1,6,1,,,,,,,,,,,,,,,,,,,,,,,,,,,,,,,,,,,,,,,,,,,,,,,,,,,,,,,,,,,,,,,,,,,,,,,,,,,,,,,,,,,,,,,,,,,,,,,,,,,,,,,,,,,,,
,,,,,,,,,,stimuli/images/PICTURE_708.png,RECORD,5f08dafa392f74145122c0ee,13/10/1999,2020-08-27_18h40.23.296,proactive3.1,2020.1.2,Win32,60,5f47c29a48bd2a1e651a6eb7,5f47ede75080c61345c5990b,4,,,,,,monkey,,,,,,0,1,1,58,1,6,1,,,,,,,,,,,,,,,,,,,,,,,,,,,,,,,,,,,,,,,,,,,,,,,,,,,,,,,,,,,,,,,,,,,,,,,,,,,,,,,,,,,,,,,,,,,,,,,,,,,,,,,,,,,,,
,,,,,,,,,,stimuli/images/PICTURE_203.png,GODS,5f08dafa392f74145122c0ee,13/10/1999,2020-08-27_18h40.23.296,proactive3.1,2020.1.2,Win32,60,5f47c29a48bd2a1e651a6eb7,5f47ede75080c61345c5990b,4,,,,,,cap,,,,,,0,2,2,30,1,4,1,,,,,,,,,,,,,,,,,,,,,,,,,,,,,,,,,,,,,,,,,,,,,,,,,,,,,,,,,,,,,,,,,,,,,,,,,,,,,,,,,,,,,,,,,,,,,,,,,,,,,,,,,,,,,
,,,,,,,,,,stimuli/images/PICTURE_685.png,PENNY,5f08dafa392f74145122c0ee,13/10/1999,2020-08-27_18h40.23.296,proactive3.1,2020.1.2,Win32,60,5f47c29a48bd2a1e651a6eb7,5f47ede75080c61345c5990b,4,,,,,,goose,,,,,,0,3,3,4,1,1,1,,,,,,,,,,,,,,,,,,,,,,,,,,,,,,,,,,,,,,,,,,,,,,,,,,,,,,,,,,,,,,,,,,,,,,,,,,,,,,,,,,,,,,,,,,,,,,,,,,,,,,,,,,,,,
,,,,,,,,,,stimuli/images/PICTURE_340.png,VALLEY,5f08dafa392f74145122c0ee,13/10/1999,2020-08-27_18h40.23.296,proactive3.1,2020.1.2,Win32,60,5f47c29a48bd2a1e651a6eb7,5f47ede75080c61345c5990b,4,,,,,,mirror,,,,,,0,4,4,54,1,6,1,,,,,,,,,,,,,,,,,,,,,,,,,,,,,,,,,,,,,,,,,,,,,,,,,,,,,,,,,,,,,,,,,,,,,,,,,,,,,,,,,,,,,,,,,,,,,,,,,,,,,,,,,,,,,
,,,,,,,,,,stimuli/images/PICTURE_85.png,NATION,5f08dafa392f74145122c0ee,13/10/1999,2020-08-27_18h40.23.296,proactive3.1,2020.1.2,Win32,60,5f47c29a48bd2a1e651a6eb7,5f47ede75080c61345c5990b,4,,,,,,diamond,,,,,,0,5,5,5,1,1,1,,,,,,,,,,,,,,,,,,,,,,,,,,,,,,,,,,,,,,,,,,,,,,,,,,,,,,,,,,,,,,,,,,,,,,,,,,,,,,,,,,,,,,,,,,,,,,,,,,,,,,,,,,,,,
,,,,,,,,,,stimuli/images/PICTURE_208.png,SYSTEM,5f08dafa392f74145122c0ee,13/10/1999,2020-08-27_18h40.23.296,proactive3.1,2020.1.2,Win32,60,5f47c29a48bd2a1e651a6eb7,5f47ede75080c61345c5990b,4,,,,,,microphone,,,,,,0,6,6,32,1,4,1,,,,,,,,,,,,,,,,,,,,,,,,,,,,,,,,,,,,,,,,,,,,,,,,,,,,,,,,,,,,,,,,,,,,,,,,,,,,,,,,,,,,,,,,,,,,,,,,,,,,,,,,,,,,,
,,,,,,,,,,stimuli/images/PICTURE_405.png,YEAR,5f08dafa392f74145122c0ee,13/10/1999,2020-08-27_18h40.23.296,proactive3.1,2020.1.2,Win32,60,5f47c29a48bd2a1e651a6eb7,5f47ede75080c61345c5990b,4,,,,,,anchor,,,,,,0,7,7,34,1,4,1,,,,,,,,,,,,,,,,,,,,,,,,,,,,,,,,,,,,,,,,,,,,,,,,,,,,,,,,,,,,,,,,,,,,,,,,,,,,,,,,,,,,,,,,,,,,,,,,,,,,,,,,,,,,,
,,,,,,,,,,stimuli/images/PICTURE_297.png,RIVER,5f08dafa392f74145122c0ee,13/10/1999,2020-08-27_18h40.23.296,proactive3.1,2020.1.2,Win32,60,5f47c29a48bd2a1e651a6eb7,5f47ede75080c61345c5990b,4,,,,,,aeroplane,,,,,,0,8,8,39,1,4,1,,,,,,,,,,,,,,,,,,,,,,,,,,,,,,,,,,,,,,,,,,,,,,,,,,,,,,,,,,,,,,,,,,,,,,,,,,,,,,,,,,,,,,,,,,,,,,,,,,,,,,,,,,,,,
,,,,,,,,,,stimuli/images/PICTURE_564.png,BATH,5f08dafa392f74145122c0ee,13/10/1999,2020-08-27_18h40.23.296,proactive3.1,2020.1.2,Win32,60,5f47c29a48bd2a1e651a6eb7,5f47ede75080c61345c5990b,4,,,,,,spoon,,,,,,0,9,9,26,1,3,1,,,,,,,,,,,,,,,,,,,,,,,,,,,,,,,,,,,,,,,,,,,,,,,,,,,,,,,,,,,,,,,,,,,,,,,,,,,,,,,,,,,,,,,,,,,,,,,,,,,,,,,,,,,,,
,,,,,,,,,,stimuli/images/PICTURE_383.png,WRITER,5f08dafa392f74145122c0ee,13/10/1999,2020-08-27_18h40.23.296,proactive3.1,2020.1.2,Win32,60,5f47c29a48bd2a1e651a6eb7,5f47ede75080c61345c5990b,4,,,,,,coin,,,,,,0,10,10,28,1,3,1,,,,,,,,,,,,,,,,,,,,,,,,,,,,,,,,,,,,,,,,,,,,,,,,,,,,,,,,,,,,,,,,,,,,,,,,,,,,,,,,,,,,,,,,,,,,,,,,,,,,,,,,,,,,,
,,,,,,,,,,stimuli/images/PICTURE_403.png,TOILET,5f08dafa392f74145122c0ee,13/10/1999,2020-08-27_18h40.23.296,proactive3.1,2020.1.2,Win32,60,5f47c29a48bd2a1e651a6eb7,5f47ede75080c61345c5990b,4,,,,,,cathedral,,,,,,0,11,11,25,1,3,1,,,,,,,,,,,,,,,,,,,,,,,,,,,,,,,,,,,,,,,,,,,,,,,,,,,,,,,,,,,,,,,,,,,,,,,,,,,,,,,,,,,,,,,,,,,,,,,,,,,,,,,,,,,,,
,,,,,,,,,,stimuli/images/PICTURE_677.png,APPLE,5f08dafa392f74145122c0ee,13/10/1999,2020-08-27_18h40.23.296,proactive3.1,2020.1.2,Win32,60,5f47c29a48bd2a1e651a6eb7,5f47ede75080c61345c5990b,4,,,,,,map,,,,,,0,12,12,43,1,5,1,,,,,,,,,,,,,,,,,,,,,,,,,,,,,,,,,,,,,,,,,,,,,,,,,,,,,,,,,,,,,,,,,,,,,,,,,,,,,,,,,,,,,,,,,,,,,,,,,,,,,,,,,,,,,
,,,,,,,,,,stimuli/images/PICTURE_32.png,KIND,5f08dafa392f74145122c0ee,13/10/1999,2020-08-27_18h40.23.296,proactive3.1,2020.1.2,Win32,60,5f47c29a48bd2a1e651a6eb7,5f47ede75080c61345c5990b,4,,,,,,crown,,,,,,0,13,13,35,1,4,1,,,,,,,,,,,,,,,,,,,,,,,,,,,,,,,,,,,,,,,,,,,,,,,,,,,,,,,,,,,,,,,,,,,,,,,,,,,,,,,,,,,,,,,,,,,,,,,,,,,,,,,,,,,,,
,,,,,,,,,,stimuli/images/PICTURE_147.png,YEAR,5f08dafa392f74145122c0ee,13/10/1999,2020-08-27_18h40.23.296,proactive3.1,2020.1.2,Win32,60,5f47c29a48bd2a1e651a6eb7,5f47ede75080c61345c5990b,4,,,,,,hanger,,,,,,0,14,14,21,1,3,1,,,,,,,,,,,,,,,,,,,,,,,,,,,,,,,,,,,,,,,,,,,,,,,,,,,,,,,,,,,,,,,,,,,,,,,,,,,,,,,,,,,,,,,,,,,,,,,,,,,,,,,,,,,,,
,,,,,,,,,,stimuli/images/PICTURE_147.png,WOMEN,5f08dafa392f74145122c0ee,13/10/1999,2020-08-27_18h40.23.296,proactive3.1,2020.1.2,Win32,60,5f47c29a48bd2a1e651a6eb7,5f47ede75080c61345c5990b,4,,,,,,hanger,,,,,,0,15,15,7,1,1,1,,,,,,,,,,,,,,,,,,,,,,,,,,,,,,,,,,,,,,,,,,,,,,,,,,,,,,,,,,,,,,,,,,,,,,,,,,,,,,,,,,,,,,,,,,,,,,,,,,,,,,,,,,,,,
,,,,,,,,,,stimuli/images/PICTURE_2.png,FLIGHT,5f08dafa392f74145122c0ee,13/10/1999,2020-08-27_18h40.23.296,proactive3.1,2020.1.2,Win32,60,5f47c29a48bd2a1e651a6eb7,5f47ede75080c61345c5990b,4,,,,,,tyre,,,,,,0,16,16,15,1,2,1,,,,,,,,,,,,,,,,,,,,,,,,,,,,,,,,,,,,,,,,,,,,,,,,,,,,,,,,,,,,,,,,,,,,,,,,,,,,,,,,,,,,,,,,,,,,,,,,,,,,,,,,,,,,,
,,,,,,,,,,stimuli/images/PICTURE_467.png,POLICY,5f08dafa392f74145122c0ee,13/10/1999,2020-08-27_18h40.23.296,proactive3.1,2020.1.2,Win32,60,5f47c29a48bd2a1e651a6eb7,5f47ede75080c61345c5990b,4,,,,,,peg,,,,,,0,17,17,53,1,6,1,,,,,,,,,,,,,,,,,,,,,,,,,,,,,,,,,,,,,,,,,,,,,,,,,,,,,,,,,,,,,,,,,,,,,,,,,,,,,,,,,,,,,,,,,,,,,,,,,,,,,,,,,,,,,
,,,,,,,,,,stimuli/images/PICTURE_504.png,YEAR,5f08dafa392f74145122c0ee,13/10/1999,2020-08-27_18h40.23.296,proactive3.1,2020.1.2,Win32,60,5f47c29a48bd2a1e651a6eb7,5f47ede75080c61345c5990b,4,,,,,,wheel,,,,,,0,18,18,13,1,2,1,,,,,,,,,,,,,,,,,,,,,,,,,,,,,,,,,,,,,,,,,,,,,,,,,,,,,,,,,,,,,,,,,,,,,,,,,,,,,,,,,,,,,,,,,,,,,,,,,,,,,,,,,,,,,
,,,,,,,,,,stimuli/images/PICTURE_380.png,CANDY,5f08dafa392f74145122c0ee,13/10/1999,2020-08-27_18h40.23.296,proactive3.1,2020.1.2,Win32,60,5f47c29a48bd2a1e651a6eb7,5f47ede75080c61345c5990b,4,,,,,,gorilla,,,,,,0,19,19,0,1,1,1,,,,,,,,,,,,,,,,,,,,,,,,,,,,,,,,,,,,,,,,,,,,,,,,,,,,,,,,,,,,,,,,,,,,,,,,,,,,,,,,,,,,,,,,,,,,,,,,,,,,,,,,,,,,,
,,,,,,,,,,stimuli/images/PICTURE_750.png,HOTEL,5f08dafa392f74145122c0ee,13/10/1999,2020-08-27_18h40.23.296,proactive3.1,2020.1.2,Win32,60,5f47c29a48bd2a1e651a6eb7,5f47ede75080c61345c5990b,4,,,,,,kettle,,,,,,0,20,20,27,1,3,1,,,,,,,,,,,,,,,,,,,,,,,,,,,,,,,,,,,,,,,,,,,,,,,,,,,,,,,,,,,,,,,,,,,,,,,,,,,,,,,,,,,,,,,,,,,,,,,,,,,,,,,,,,,,,
,,,,,,,,,,stimuli/images/PICTURE_296.png,LIFE,5f08dafa392f74145122c0ee,13/10/1999,2020-08-27_18h40.23.296,proactive3.1,2020.1.2,Win32,60,5f47c29a48bd2a1e651a6eb7,5f47ede75080c61345c5990b,4,,,,,,bolt,,,,,,0,21,21,57,1,6,1,,,,,,,,,,,,,,,,,,,,,,,,,,,,,,,,,,,,,,,,,,,,,,,,,,,,,,,,,,,,,,,,,,,,,,,,,,,,,,,,,,,,,,,,,,,,,,,,,,,,,,,,,,,,,
,,,,,,,,,,stimuli/images/PICTURE_95.png,HONEY,5f08dafa392f74145122c0ee,13/10/1999,2020-08-27_18h40.23.296,proactive3.1,2020.1.2,Win32,60,5f47c29a48bd2a1e651a6eb7,5f47ede75080c61345c5990b,4,,,,,,suitcase,,,,,,0,22,22,44,1,5,1,,,,,,,,,,,,,,,,,,,,,,,,,,,,,,,,,,,,,,,,,,,,,,,,,,,,,,,,,,,,,,,,,,,,,,,,,,,,,,,,,,,,,,,,,,,,,,,,,,,,,,,,,,,,,
,,,,,,,,,,stimuli/images/PICTURE_491.png,GLASS,5f08dafa392f74145122c0ee,13/10/1999,2020-08-27_18h40.23.296,proactive3.1,2020.1.2,Win32,60,5f47c29a48bd2a1e651a6eb7,5f47ede75080c61345c5990b,4,,,,,,rug,,,,,,0,23,23,14,1,2,1,,,,,,,,,,,,,,,,,,,,,,,,,,,,,,,,,,,,,,,,,,,,,,,,,,,,,,,,,,,,,,,,,,,,,,,,,,,,,,,,,,,,,,,,,,,,,,,,,,,,,,,,,,,,,
,,,,,,,,,,stimuli/images/PICTURE_675.png,SALE,5f08dafa392f74145122c0ee,13/10/1999,2020-08-27_18h40.23.296,proactive3.1,2020.1.2,Win32,60,5f47c29a48bd2a1e651a6eb7,5f47ede75080c61345c5990b,4,,,,,,windmill,,,,,,0,24,24,47,1,5,1,,,,,,,,,,,,,,,,,,,,,,,,,,,,,,,,,,,,,,,,,,,,,,,,,,,,,,,,,,,,,,,,,,,,,,,,,,,,,,,,,,,,,,,,,,,,,,,,,,,,,,,,,,,,,
,,,,,,,,,,stimuli/images/PICTURE_405.png,PLENTY,5f08dafa392f74145122c0ee,13/10/1999,2020-08-27_18h40.23.296,proactive3.1,2020.1.2,Win32,60,5f47c29a48bd2a1e651a6eb7,5f47ede75080c61345c5990b,4,,,,,,anchor,,,,,,0,25,25,23,1,3,1,,,,,,,,,,,,,,,,,,,,,,,,,,,,,,,,,,,,,,,,,,,,,,,,,,,,,,,,,,,,,,,,,,,,,,,,,,,,,,,,,,,,,,,,,,,,,,,,,,,,,,,,,,,,,
,,,,,,,,,,stimuli/images/PICTURE_203.png,NIGHT,5f08dafa392f74145122c0ee,13/10/1999,2020-08-27_18h40.23.296,proactive3.1,2020.1.2,Win32,60,5f47c29a48bd2a1e651a6eb7,5f47ede75080c61345c5990b,4,,,,,,cap,,,,,,0,26,26,2,1,1,1,,,,,,,,,,,,,,,,,,,,,,,,,,,,,,,,,,,,,,,,,,,,,,,,,,,,,,,,,,,,,,,,,,,,,,,,,,,,,,,,,,,,,,,,,,,,,,,,,,,,,,,,,,,,,
,,,,,,,,,,stimuli/images/PICTURE_296.png,LOTS,5f08dafa392f74145122c0ee,13/10/1999,2020-08-27_18h40.23.296,proactive3.1,2020.1.2,Win32,60,5f47c29a48bd2a1e651a6eb7,5f47ede75080c61345c5990b,4,,,,,,bolt,,,,,,0,27,27,9,1,1,1,,,,,,,,,,,,,,,,,,,,,,,,,,,,,,,,,,,,,,,,,,,,,,,,,,,,,,,,,,,,,,,,,,,,,,,,,,,,,,,,,,,,,,,,,,,,,,,,,,,,,,,,,,,,,
,,,,,,,,,,stimuli/images/PICTURE_33.png,FRIEND,5f08dafa392f74145122c0ee,13/10/1999,2020-08-27_18h40.23.296,proactive3.1,2020.1.2,Win32,60,5f47c29a48bd2a1e651a6eb7,5f47ede75080c61345c5990b,4,,,,,,frame,,,,,,0,28,28,8,1,1,1,,,,,,,,,,,,,,,,,,,,,,,,,,,,,,,,,,,,,,,,,,,,,,,,,,,,,,,,,,,,,,,,,,,,,,,,,,,,,,,,,,,,,,,,,,,,,,,,,,,,,,,,,,,,,
,,,,,,,,,,stimuli/images/PICTURE_504.png,COPS,5f08dafa392f74145122c0ee,13/10/1999,2020-08-27_18h40.23.296,proactive3.1,2020.1.2,Win32,60,5f47c29a48bd2a1e651a6eb7,5f47ede75080c61345c5990b,4,,,,,,wheel,,,,,,0,29,29,52,1,6,1,,,,,,,,,,,,,,,,,,,,,,,,,,,,,,,,,,,,,,,,,,,,,,,,,,,,,,,,,,,,,,,,,,,,,,,,,,,,,,,,,,,,,,,,,,,,,,,,,,,,,,,,,,,,,
,,,,,,,,,,stimuli/images/PICTURE_285.png,LIFE,5f08dafa392f74145122c0ee,13/10/1999,2020-08-27_18h40.23.296,proactive3.1,2020.1.2,Win32,60,5f47c29a48bd2a1e651a6eb7,5f47ede75080c61345c5990b,4,,,,,,carrot,,,,,,0,30,30,33,1,4,1,,,,,,,,,,,,,,,,,,,,,,,,,,,,,,,,,,,,,,,,,,,,,,,,,,,,,,,,,,,,,,,,,,,,,,,,,,,,,,,,,,,,,,,,,,,,,,,,,,,,,,,,,,,,,
,,,,,,,,,,stimuli/images/PICTURE_32.png,PILLS,5f08dafa392f74145122c0ee,13/10/1999,2020-08-27_18h40.23.296,proactive3.1,2020.1.2,Win32,60,5f47c29a48bd2a1e651a6eb7,5f47ede75080c61345c5990b,4,,,,,,crown,,,,,,0,31,31,18,1,2,1,,,,,,,,,,,,,,,,,,,,,,,,,,,,,,,,,,,,,,,,,,,,,,,,,,,,,,,,,,,,,,,,,,,,,,,,,,,,,,,,,,,,,,,,,,,,,,,,,,,,,,,,,,,,,
,,,,,,,,,,stimuli/images/PICTURE_68.png,MILE,5f08dafa392f74145122c0ee,13/10/1999,2020-08-27_18h40.23.296,proactive3.1,2020.1.2,Win32,60,5f47c29a48bd2a1e651a6eb7,5f47ede75080c61345c5990b,4,,,,,,candle,,,,,,0,32,32,51,1,6,1,,,,,,,,,,,,,,,,,,,,,,,,,,,,,,,,,,,,,,,,,,,,,,,,,,,,,,,,,,,,,,,,,,,,,,,,,,,,,,,,,,,,,,,,,,,,,,,,,,,,,,,,,,,,,
,,,,,,,,,,stimuli/images/PICTURE_85.png,TOILET,5f08dafa392f74145122c0ee,13/10/1999,2020-08-27_18h40.23.296,proactive3.1,2020.1.2,Win32,60,5f47c29a48bd2a1e651a6eb7,5f47ede75080c61345c5990b,4,,,,,,diamond,,,,,,0,33,33,48,1,5,1,,,,,,,,,,,,,,,,,,,,,,,,,,,,,,,,,,,,,,,,,,,,,,,,,,,,,,,,,,,,,,,,,,,,,,,,,,,,,,,,,,,,,,,,,,,,,,,,,,,,,,,,,,,,,
,,,,,,,,,,stimuli/images/PICTURE_108.png,FLIGHT,5f08dafa392f74145122c0ee,13/10/1999,2020-08-27_18h40.23.296,proactive3.1,2020.1.2,Win32,60,5f47c29a48bd2a1e651a6eb7,5f47ede75080c61345c5990b,4,,,,,,calendar,,,,,,0,34,34,59,1,6,1,,,,,,,,,,,,,,,,,,,,,,,,,,,,,,,,,,,,,,,,,,,,,,,,,,,,,,,,,,,,,,,,,,,,,,,,,,,,,,,,,,,,,,,,,,,,,,,,,,,,,,,,,,,,,
,,,,,,,,,,stimuli/images/PICTURE_177.png,WRITER,5f08dafa392f74145122c0ee,13/10/1999,2020-08-27_18h40.23.296,proactive3.1,2020.1.2,Win32,60,5f47c29a48bd2a1e651a6eb7,5f47ede75080c61345c5990b,4,,,,,,mushroom,,,,,,0,35,35,41,1,5,1,,,,,,,,,,,,,,,,,,,,,,,,,,,,,,,,,,,,,,,,,,,,,,,,,,,,,,,,,,,,,,,,,,,,,,,,,,,,,,,,,,,,,,,,,,,,,,,,,,,,,,,,,,,,,
,,,,,,,,,,stimuli/images/PICTURE_57.png,MOMENT,5f08dafa392f74145122c0ee,13/10/1999,2020-08-27_18h40.23.296,proactive3.1,2020.1.2,Win32,60,5f47c29a48bd2a1e651a6eb7,5f47ede75080c61345c5990b,4,,,,,,stamp,,,,,,0,36,36,37,1,4,1,,,,,,,,,,,,,,,,,,,,,,,,,,,,,,,,,,,,,,,,,,,,,,,,,,,,,,,,,,,,,,,,,,,,,,,,,,,,,,,,,,,,,,,,,,,,,,,,,,,,,,,,,,,,,
,,,,,,,,,,stimuli/images/PICTURE_95.png,MILLER,5f08dafa392f74145122c0ee,13/10/1999,2020-08-27_18h40.23.296,proactive3.1,2020.1.2,Win32,60,5f47c29a48bd2a1e651a6eb7,5f47ede75080c61345c5990b,4,,,,,,suitcase,,,,,,0,37,37,56,1,6,1,,,,,,,,,,,,,,,,,,,,,,,,,,,,,,,,,,,,,,,,,,,,,,,,,,,,,,,,,,,,,,,,,,,,,,,,,,,,,,,,,,,,,,,,,,,,,,,,,,,,,,,,,,,,,
,,,,,,,,,,stimuli/images/PICTURE_744.png,WEAPON,5f08dafa392f74145122c0ee,13/10/1999,2020-08-27_18h40.23.296,proactive3.1,2020.1.2,Win32,60,5f47c29a48bd2a1e651a6eb7,5f47ede75080c61345c5990b,4,,,,,,ring,,,,,,0,38,38,50,1,6,1,,,,,,,,,,,,,,,,,,,,,,,,,,,,,,,,,,,,,,,,,,,,,,,,,,,,,,,,,,,,,,,,,,,,,,,,,,,,,,,,,,,,,,,,,,,,,,,,,,,,,,,,,,,,,
,,,,,,,,,,stimuli/images/PICTURE_654.png,MONTH,5f08dafa392f74145122c0ee,13/10/1999,2020-08-27_18h40.23.296,proactive3.1,2020.1.2,Win32,60,5f47c29a48bd2a1e651a6eb7,5f47ede75080c61345c5990b,4,,,,,,pencil,,,,,,0,39,39,29,1,3,1,,,,,,,,,,,,,,,,,,,,,,,,,,,,,,,,,,,,,,,,,,,,,,,,,,,,,,,,,,,,,,,,,,,,,,,,,,,,,,,,,,,,,,,,,,,,,,,,,,,,,,,,,,,,,
,,,,,,,,,,stimuli/images/PICTURE_403.png,RIVER,5f08dafa392f74145122c0ee,13/10/1999,2020-08-27_18h40.23.296,proactive3.1,2020.1.2,Win32,60,5f47c29a48bd2a1e651a6eb7,5f47ede75080c61345c5990b,4,,,,,,cathedral,,,,,,0,40,40,40,1,5,1,,,,,,,,,,,,,,,,,,,,,,,,,,,,,,,,,,,,,,,,,,,,,,,,,,,,,,,,,,,,,,,,,,,,,,,,,,,,,,,,,,,,,,,,,,,,,,,,,,,,,,,,,,,,,
,,,,,,,,,,stimuli/images/PICTURE_380.png,HONEY,5f08dafa392f74145122c0ee,13/10/1999,2020-08-27_18h40.23.296,proactive3.1,2020.1.2,Win32,60,5f47c29a48bd2a1e651a6eb7,5f47ede75080c61345c5990b,4,,,,,,gorilla,,,,,,0,41,41,19,1,2,1,,,,,,,,,,,,,,,,,,,,,,,,,,,,,,,,,,,,,,,,,,,,,,,,,,,,,,,,,,,,,,,,,,,,,,,,,,,,,,,,,,,,,,,,,,,,,,,,,,,,,,,,,,,,,
,,,,,,,,,,stimuli/images/PICTURE_327.png,CASINO,5f08dafa392f74145122c0ee,13/10/1999,2020-08-27_18h40.23.296,proactive3.1,2020.1.2,Win32,60,5f47c29a48bd2a1e651a6eb7,5f47ede75080c61345c5990b,4,,,,,,helmet,,,,,,0,42,42,20,1,3,1,,,,,,,,,,,,,,,,,,,,,,,,,,,,,,,,,,,,,,,,,,,,,,,,,,,,,,,,,,,,,,,,,,,,,,,,,,,,,,,,,,,,,,,,,,,,,,,,,,,,,,,,,,,,,
,,,,,,,,,,stimuli/images/PICTURE_469.png,AGENT,5f08dafa392f74145122c0ee,13/10/1999,2020-08-27_18h40.23.296,proactive3.1,2020.1.2,Win32,60,5f47c29a48bd2a1e651a6eb7,5f47ede75080c61345c5990b,4,,,,,,stool,,,,,,0,43,43,16,1,2,1,,,,,,,,,,,,,,,,,,,,,,,,,,,,,,,,,,,,,,,,,,,,,,,,,,,,,,,,,,,,,,,,,,,,,,,,,,,,,,,,,,,,,,,,,,,,,,,,,,,,,,,,,,,,,
,,,,,,,,,,stimuli/images/PICTURE_108.png,POLICY,5f08dafa392f74145122c0ee,13/10/1999,2020-08-27_18h40.23.296,proactive3.1,2020.1.2,Win32,60,5f47c29a48bd2a1e651a6eb7,5f47ede75080c61345c5990b,4,,,,,,calendar,,,,,,0,44,44,22,1,3,1,,,,,,,,,,,,,,,,,,,,,,,,,,,,,,,,,,,,,,,,,,,,,,,,,,,,,,,,,,,,,,,,,,,,,,,,,,,,,,,,,,,,,,,,,,,,,,,,,,,,,,,,,,,,,
,,,,,,,,,,stimuli/images/PICTURE_339.png,CLIENT,5f08dafa392f74145122c0ee,13/10/1999,2020-08-27_18h40.23.296,proactive3.1,2020.1.2,Win32,60,5f47c29a48bd2a1e651a6eb7,5f47ede75080c61345c5990b,4,,,,,,backpack,,,,,,0,45,45,11,1,2,1,,,,,,,,,,,,,,,,,,,,,,,,,,,,,,,,,,,,,,,,,,,,,,,,,,,,,,,,,,,,,,,,,,,,,,,,,,,,,,,,,,,,,,,,,,,,,,,,,,,,,,,,,,,,,
,,,,,,,,,,stimuli/images/PICTURE_308.png,FAMILY,5f08dafa392f74145122c0ee,13/10/1999,2020-08-27_18h40.23.296,proactive3.1,2020.1.2,Win32,60,5f47c29a48bd2a1e651a6eb7,5f47ede75080c61345c5990b,4,,,,,,dice,,,,,,0,46,46,36,1,4,1,,,,,,,,,,,,,,,,,,,,,,,,,,,,,,,,,,,,,,,,,,,,,,,,,,,,,,,,,,,,,,,,,,,,,,,,,,,,,,,,,,,,,,,,,,,,,,,,,,,,,,,,,,,,,
,,,,,,,,,,stimuli/images/PICTURE_504.png,ARTIST,5f08dafa392f74145122c0ee,13/10/1999,2020-08-27_18h40.23.296,proactive3.1,2020.1.2,Win32,60,5f47c29a48bd2a1e651a6eb7,5f47ede75080c61345c5990b,4,,,,,,wheel,,,,,,0,47,47,49,1,5,1,,,,,,,,,,,,,,,,,,,,,,,,,,,,,,,,,,,,,,,,,,,,,,,,,,,,,,,,,,,,,,,,,,,,,,,,,,,,,,,,,,,,,,,,,,,,,,,,,,,,,,,,,,,,,
,,,,,,,,,,stimuli/images/PICTURE_403.png,WRITER,5f08dafa392f74145122c0ee,13/10/1999,2020-08-27_18h40.23.296,proactive3.1,2020.1.2,Win32,60,5f47c29a48bd2a1e651a6eb7,5f47ede75080c61345c5990b,4,,,,,,cathedral,,,,,,0,48,48,31,1,4,1,,,,,,,,,,,,,,,,,,,,,,,,,,,,,,,,,,,,,,,,,,,,,,,,,,,,,,,,,,,,,,,,,,,,,,,,,,,,,,,,,,,,,,,,,,,,,,,,,,,,,,,,,,,,,
,,,,,,,,,,stimuli/images/PICTURE_667.png,RIVER,5f08dafa392f74145122c0ee,13/10/1999,2020-08-27_18h40.23.296,proactive3.1,2020.1.2,Win32,60,5f47c29a48bd2a1e651a6eb7,5f47ede75080c61345c5990b,4,,,,,,daisy,,,,,,0,49,49,10,1,2,1,,,,,,,,,,,,,,,,,,,,,,,,,,,,,,,,,,,,,,,,,,,,,,,,,,,,,,,,,,,,,,,,,,,,,,,,,,,,,,,,,,,,,,,,,,,,,,,,,,,,,,,,,,,,,
,,,,,,,,,,stimuli/images/PICTURE_491.png,RIVER,5f08dafa392f74145122c0ee,13/10/1999,2020-08-27_18h40.23.296,proactive3.1,2020.1.2,Win32,60,5f47c29a48bd2a1e651a6eb7,5f47ede75080c61345c5990b,4,,,,,,rug,,,,,,0,50,50,6,1,1,1,,,,,,,,,,,,,,,,,,,,,,,,,,,,,,,,,,,,,,,,,,,,,,,,,,,,,,,,,,,,,,,,,,,,,,,,,,,,,,,,,,,,,,,,,,,,,,,,,,,,,,,,,,,,,
,,,,,,,,,,stimuli/images/PICTURE_655.png,TOILET,5f08dafa392f74145122c0ee,13/10/1999,2020-08-27_18h40.23.296,proactive3.1,2020.1.2,Win32,60,5f47c29a48bd2a1e651a6eb7,5f47ede75080c61345c5990b,4,,,,,,megaphone,,,,,,0,51,51,12,1,2,1,,,,,,,,,,,,,,,,,,,,,,,,,,,,,,,,,,,,,,,,,,,,,,,,,,,,,,,,,,,,,,,,,,,,,,,,,,,,,,,,,,,,,,,,,,,,,,,,,,,,,,,,,,,,,
,,,,,,,,,,stimuli/images/PICTURE_383.png,SERIES,5f08dafa392f74145122c0ee,13/10/1999,2020-08-27_18h40.23.296,proactive3.1,2020.1.2,Win32,60,5f47c29a48bd2a1e651a6eb7,5f47ede75080c61345c5990b,4,,,,,,coin,,,,,,0,52,52,46,1,5,1,,,,,,,,,,,,,,,,,,,,,,,,,,,,,,,,,,,,,,,,,,,,,,,,,,,,,,,,,,,,,,,,,,,,,,,,,,,,,,,,,,,,,,,,,,,,,,,,,,,,,,,,,,,,,
,,,,,,,,,,stimuli/images/PICTURE_95.png,BOYS,5f08dafa392f74145122c0ee,13/10/1999,2020-08-27_18h40.23.296,proactive3.1,2020.1.2,Win32,60,5f47c29a48bd2a1e651a6eb7,5f47ede75080c61345c5990b,4,,,,,,suitcase,,,,,,0,53,53,1,1,1,1,,,,,,,,,,,,,,,,,,,,,,,,,,,,,,,,,,,,,,,,,,,,,,,,,,,,,,,,,,,,,,,,,,,,,,,,,,,,,,,,,,,,,,,,,,,,,,,,,,,,,,,,,,,,,
,,,,,,,,,,stimuli/images/PICTURE_340.png,LETTER,5f08dafa392f74145122c0ee,13/10/1999,2020-08-27_18h40.23.296,proactive3.1,2020.1.2,Win32,60,5f47c29a48bd2a1e651a6eb7,5f47ede75080c61345c5990b,4,,,,,,mirror,,,,,,0,54,54,24,1,3,1,,,,,,,,,,,,,,,,,,,,,,,,,,,,,,,,,,,,,,,,,,,,,,,,,,,,,,,,,,,,,,,,,,,,,,,,,,,,,,,,,,,,,,,,,,,,,,,,,,,,,,,,,,,,,
,,,,,,,,,,stimuli/images/PICTURE_487.png,GIRL,5f08dafa392f74145122c0ee,13/10/1999,2020-08-27_18h40.23.296,proactive3.1,2020.1.2,Win32,60,5f47c29a48bd2a1e651a6eb7,5f47ede75080c61345c5990b,4,,,,,,basket,,,,,,0,55,55,45,1,5,1,,,,,,,,,,,,,,,,,,,,,,,,,,,,,,,,,,,,,,,,,,,,,,,,,,,,,,,,,,,,,,,,,,,,,,,,,,,,,,,,,,,,,,,,,,,,,,,,,,,,,,,,,,,,,
,,,,,,,,,,stimuli/images/PICTURE_68.png,ROOF,5f08dafa392f74145122c0ee,13/10/1999,2020-08-27_18h40.23.296,proactive3.1,2020.1.2,Win32,60,5f47c29a48bd2a1e651a6eb7,5f47ede75080c61345c5990b,4,,,,,,candle,,,,,,0,56,56,38,1,4,1,,,,,,,,,,,,,,,,,,,,,,,,,,,,,,,,,,,,,,,,,,,,,,,,,,,,,,,,,,,,,,,,,,,,,,,,,,,,,,,,,,,,,,,,,,,,,,,,,,,,,,,,,,,,,
,,,,,,,,,,stimuli/images/PICTURE_449.png,DUDE,5f08dafa392f74145122c0ee,13/10/1999,2020-08-27_18h40.23.296,proactive3.1,2020.1.2,Win32,60,5f47c29a48bd2a1e651a6eb7,5f47ede75080c61345c5990b,4,,,,,,bench,,,,,,0,57,57,17,1,2,1,,,,,,,,,,,,,,,,,,,,,,,,,,,,,,,,,,,,,,,,,,,,,,,,,,,,,,,,,,,,,,,,,,,,,,,,,,,,,,,,,,,,,,,,,,,,,,,,,,,,,,,,,,,,,
,,,,,,,,,,stimuli/images/PICTURE_233.png,LOTS,5f08dafa392f74145122c0ee,13/10/1999,2020-08-27_18h40.23.296,proactive3.1,2020.1.2,Win32,60,5f47c29a48bd2a1e651a6eb7,5f47ede75080c61345c5990b,4,,,,,,salt,,,,,,0,58,58,42,1,5,1,,,,,,,,,,,,,,,,,,,,,,,,,,,,,,,,,,,,,,,,,,,,,,,,,,,,,,,,,,,,,,,,,,,,,,,,,,,,,,,,,,,,,,,,,,,,,,,,,,,,,,,,,,,,,
,,?,0.00118,0,,,,,,stimuli/images/PICTURE_95.png,MILLER,5f08dafa392f74145122c0ee,13/10/1999,2020-08-27_18h40.23.296,proactive3.1,2020.1.2,Win32,60,5f47c29a48bd2a1e651a6eb7,5f47ede75080c61345c5990b,4,,,,,,suitcase,,,,,,,,,,,6,1,0,0,0,56,1,,,,,,,,,,,,,,,,,,,,,,,,,,,,,,,,,,,,,,,,,,,,,,,,,,,,,,,,,,,,,,,,,,,,,,,,,,,,,,,,,,,,,,,,,,,,,,,,,,,,,,,,
,,?,0.00069,0,,,,,,stimuli/images/PICTURE_340.png,LETTER,5f08dafa392f74145122c0ee,13/10/1999,2020-08-27_18h40.23.296,proactive3.1,2020.1.2,Win32,60,5f47c29a48bd2a1e651a6eb7,5f47ede75080c61345c5990b,4,,,,,,mirror,,,,,,,,,,,3,1,0,1,1,24,1,,,,,,,,,,,,,,,,,,,,,,,,,,,,,,,,,,,,,,,,,,,,,,,,,,,,,,,,,,,,,,,,,,,,,,,,,,,,,,,,,,,,,,,,,,,,,,,,,,,,,,,,
,,?,0.00064,0,,,,,,stimuli/images/PICTURE_403.png,RIVER,5f08dafa392f74145122c0ee,13/10/1999,2020-08-27_18h40.23.296,proactive3.1,2020.1.2,Win32,60,5f47c29a48bd2a1e651a6eb7,5f47ede75080c61345c5990b,4,,,,,,cathedral,,,,,,,,,,,5,1,0,2,2,40,1,,,,,,,,,,,,,,,,,,,,,,,,,,,,,,,,,,,,,,,,,,,,,,,,,,,,,,,,,,,,,,,,,,,,,,,,,,,,,,,,,,,,,,,,,,,,,,,,,,,,,,,,
,,?,0.00057,0,,,,,,stimuli/images/PICTURE_403.png,TOILET,5f08dafa392f74145122c0ee,13/10/1999,2020-08-27_18h40.23.296,proactive3.1,2020.1.2,Win32,60,5f47c29a48bd2a1e651a6eb7,5f47ede75080c61345c5990b,4,,,,,,cathedral,,,,,,,,,,,3,1,0,3,3,25,1,,,,,,,,,,,,,,,,,,,,,,,,,,,,,,,,,,,,,,,,,,,,,,,,,,,,,,,,,,,,,,,,,,,,,,,,,,,,,,,,,,,,,,,,,,,,,,,,,,,,,,,,
,,?,0.000545,0,,,,,,stimuli/images/PICTURE_147.png,YEAR,5f08dafa392f74145122c0ee,13/10/1999,2020-08-27_18h40.23.296,proactive3.1,2020.1.2,Win32,60,5f47c29a48bd2a1e651a6eb7,5f47ede75080c61345c5990b,4,,,,,,hanger,,,,,,,,,,,3,1,0,4,4,21,1,,,,,,,,,,,,,,,,,,,,,,,,,,,,,,,,,,,,,,,,,,,,,,,,,,,,,,,,,,,,,,,,,,,,,,,,,,,,,,,,,,,,,,,,,,,,,,,,,,,,,,,,
,,?,0.000615,0,,,,,,stimuli/images/PICTURE_177.png,WRITER,5f08dafa392f74145122c0ee,13/10/1999,2020-08-27_18h40.23.296,proactive3.1,2020.1.2,Win32,60,5f47c29a48bd2a1e651a6eb7,5f47ede75080c61345c5990b,4,,,,,,mushroom,,,,,,,,,,,5,1,0,5,5,41,1,,,,,,,,,,,,,,,,,,,,,,,,,,,,,,,,,,,,,,,,,,,,,,,,,,,,,,,,,,,,,,,,,,,,,,,,,,,,,,,,,,,,,,,,,,,,,,,,,,,,,,,,
,,?,0.000835,0,,,,,,stimuli/images/PICTURE_708.png,RECORD,5f08dafa392f74145122c0ee,13/10/1999,2020-08-27_18h40.23.296,proactive3.1,2020.1.2,Win32,60,5f47c29a48bd2a1e651a6eb7,5f47ede75080c61345c5990b,4,,,,,,monkey,,,,,,,,,,,6,1,0,6,6,58,1,,,,,,,,,,,,,,,,,,,,,,,,,,,,,,,,,,,,,,,,,,,,,,,,,,,,,,,,,,,,,,,,,,,,,,,,,,,,,,,,,,,,,,,,,,,,,,,,,,,,,,,,
,,?,0.00068,0,,,,,,stimuli/images/PICTURE_405.png,PLENTY,5f08dafa392f74145122c0ee,13/10/1999,2020-08-27_18h40.23.296,proactive3.1,2020.1.2,Win32,60,5f47c29a48bd2a1e651a6eb7,5f47ede75080c61345c5990b,4,,,,,,anchor,,,,,,,,,,,3,1,0,7,7,23,1,,,,,,,,,,,,,,,,,,,,,,,,,,,,,,,,,,,,,,,,,,,,,,,,,,,,,,,,,,,,,,,,,,,,,,,,,,,,,,,,,,,,,,,,,,,,,,,,,,,,,,,,
,,?,0.00202,0,,,,,,stimuli/images/PICTURE_491.png,GLASS,5f08dafa392f74145122c0ee,13/10/1999,2020-08-27_18h40.23.296,proactive3.1,2020.1.2,Win32,60,5f47c29a48bd2a1e651a6eb7,5f47ede75080c61345c5990b,4,,,,,,rug,,,,,,,,,,,2,1,0,8,8,14,1,,,,,,,,,,,,,,,,,,,,,,,,,,,,,,,,,,,,,,,,,,,,,,,,,,,,,,,,,,,,,,,,,,,,,,,,,,,,,,,,,,,,,,,,,,,,,,,,,,,,,,,,
,,YEAR,8.950515,1,,,,,,stimuli/images/PICTURE_405.png,YEAR,5f08dafa392f74145122c0ee,13/10/1999,2020-08-27_18h40.23.296,proactive3.1,2020.1.2,Win32,60,5f47c29a48bd2a1e651a6eb7,5f47ede75080c61345c5990b,4,,,,,,anchor,,,,,,,,,,,4,1,0,9,9,34,1,,,,,,,,,,,,,,,,,,,,,,,,,,,,,,,,,,,,,,,,,,,,,,,,,,,,,,,,,,,,,,,,,,,,,,,,,,,,,,,,,,,,,,,,,,,,,,,,,,,,,,,,
,,?,0.00166,0,,,,,,stimuli/images/PICTURE_42.png,BOYS,5f08dafa392f74145122c0ee,13/10/1999,2020-08-27_18h40.23.296,proactive3.1,2020.1.2,Win32,60,5f47c29a48bd2a1e651a6eb7,5f47ede75080c61345c5990b,4,,,,,,pear,,,,,,,,,,,6,1,0,10,10,55,1,,,,,,,,,,,,,,,,,,,,,,,,,,,,,,,,,,,,,,,,,,,,,,,,,,,,,,,,,,,,,,,,,,,,,,,,,,,,,,,,,,,,,,,,,,,,,,,,,,,,,,,,
,,?,0.00085,0,,,,,,stimuli/images/PICTURE_685.png,PENNY,5f08dafa392f74145122c0ee,13/10/1999,2020-08-27_18h40.23.296,proactive3.1,2020.1.2,Win32,60,5f47c29a48bd2a1e651a6eb7,5f47ede75080c61345c5990b,4,,,,,,goose,,,,,,,,,,,1,1,0,11,11,4,1,,,,,,,,,,,,,,,,,,,,,,,,,,,,,,,,,,,,,,,,,,,,,,,,,,,,,,,,,,,,,,,,,,,,,,,,,,,,,,,,,,,,,,,,,,,,,,,,,,,,,,,,
,,?,0.000565,0,,,,,,stimuli/images/PICTURE_467.png,POLICY,5f08dafa392f74145122c0ee,13/10/1999,2020-08-27_18h40.23.296,proactive3.1,2020.1.2,Win32,60,5f47c29a48bd2a1e651a6eb7,5f47ede75080c61345c5990b,4,,,,,,peg,,,,,,,,,,,6,1,0,12,12,53,1,,,,,,,,,,,,,,,,,,,,,,,,,,,,,,,,,,,,,,,,,,,,,,,,,,,,,,,,,,,,,,,,,,,,,,,,,,,,,,,,,,,,,,,,,,,,,,,,,,,,,,,,
,,CAP,5.09583,0,,,,,,stimuli/images/PICTURE_203.png,GODS,5f08dafa392f74145122c0ee,13/10/1999,2020-08-27_18h40.23.296,proactive3.1,2020.1.2,Win32,60,5f47c29a48bd2a1e651a6eb7,5f47ede75080c61345c5990b,4,,,,,,cap,,,,,,,,,,,4,1,0,13,13,30,1,,,,,,,,,,,,,,,,,,,,,,,,,,,,,,,,,,,,,,,,,,,,,,,,,,,,,,,,,,,,,,,,,,,,,,,,,,,,,,,,,,,,,,,,,,,,,,,,,,,,,,,,
,,?,0.00078,0,,,,,,stimuli/images/PICTURE_655.png,TOILET,5f08dafa392f74145122c0ee,13/10/1999,2020-08-27_18h40.23.296,proactive3.1,2020.1.2,Win32,60,5f47c29a48bd2a1e651a6eb7,5f47ede75080c61345c5990b,4,,,,,,megaphone,,,,,,,,,,,2,1,0,14,14,12,1,,,,,,,,,,,,,,,,,,,,,,,,,,,,,,,,,,,,,,,,,,,,,,,,,,,,,,,,,,,,,,,,,,,,,,,,,,,,,,,,,,,,,,,,,,,,,,,,,,,,,,,,
,,?,0.00057,0,,,,,,stimuli/images/PICTURE_85.png,NATION,5f08dafa392f74145122c0ee,13/10/1999,2020-08-27_18h40.23.296,proactive3.1,2020.1.2,Win32,60,5f47c29a48bd2a1e651a6eb7,5f47ede75080c61345c5990b,4,,,,,,diamond,,,,,,,,,,,1,1,0,15,15,5,1,,,,,,,,,,,,,,,,,,,,,,,,,,,,,,,,,,,,,,,,,,,,,,,,,,,,,,,,,,,,,,,,,,,,,,,,,,,,,,,,,,,,,,,,,,,,,,,,,,,,,,,,
,,?,0.00054,0,,,,,,stimuli/images/PICTURE_95.png,HONEY,5f08dafa392f74145122c0ee,13/10/1999,2020-08-27_18h40.23.296,proactive3.1,2020.1.2,Win32,60,5f47c29a48bd2a1e651a6eb7,5f47ede75080c61345c5990b,4,,,,,,suitcase,,,,,,,,,,,5,1,0,16,16,44,1,,,,,,,,,,,,,,,,,,,,,,,,,,,,,,,,,,,,,,,,,,,,,,,,,,,,,,,,,,,,,,,,,,,,,,,,,,,,,,,,,,,,,,,,,,,,,,,,,,,,,,,,
,,?,0.00063,0,,,,,,stimuli/images/PICTURE_2.png,FLIGHT,5f08dafa392f74145122c0ee,13/10/1999,2020-08-27_18h40.23.296,proactive3.1,2020.1.2,Win32,60,5f47c29a48bd2a1e651a6eb7,5f47ede75080c61345c5990b,4,,,,,,tyre,,,,,,,,,,,2,1,0,17,17,15,1,,,,,,,,,,,,,,,,,,,,,,,,,,,,,,,,,,,,,,,,,,,,,,,,,,,,,,,,,,,,,,,,,,,,,,,,,,,,,,,,,,,,,,,,,,,,,,,,,,,,,,,,
,,?,0.000655,0,,,,,,stimuli/images/PICTURE_504.png,ARTIST,5f08dafa392f74145122c0ee,13/10/1999,2020-08-27_18h40.23.296,proactive3.1,2020.1.2,Win32,60,5f47c29a48bd2a1e651a6eb7,5f47ede75080c61345c5990b,4,,,,,,wheel,,,,,,,,,,,5,1,0,18,18,49,1,,,,,,,,,,,,,,,,,,,,,,,,,,,,,,,,,,,,,,,,,,,,,,,,,,,,,,,,,,,,,,,,,,,,,,,,,,,,,,,,,,,,,,,,,,,,,,,,,,,,,,,,
,,MOMENT,8.562785,1,,,,,,stimuli/images/PICTURE_57.png,MOMENT,5f08dafa392f74145122c0ee,13/10/1999,2020-08-27_18h40.23.296,proactive3.1,2020.1.2,Win32,60,5f47c29a48bd2a1e651a6eb7,5f47ede75080c61345c5990b,4,,,,,,stamp,,,,,,,,,,,4,1,0,19,19,37,1,,,,,,,,,,,,,,,,,,,,,,,,,,,,,,,,,,,,,,,,,,,,,,,,,,,,,,,,,,,,,,,,,,,,,,,,,,,,,,,,,,,,,,,,,,,,,,,,,,,,,,,,
,,?,0.001555,0,,,,,,stimuli/images/PICTURE_380.png,HONEY,5f08dafa392f74145122c0ee,13/10/1999,2020-08-27_18h40.23.296,proactive3.1,2020.1.2,Win32,60,5f47c29a48bd2a1e651a6eb7,5f47ede75080c61345c5990b,4,,,,,,gorilla,,,,,,,,,,,2,1,0,20,20,19,1,,,,,,,,,,,,,,,,,,,,,,,,,,,,,,,,,,,,,,,,,,,,,,,,,,,,,,,,,,,,,,,,,,,,,,,,,,,,,,,,,,,,,,,,,,,,,,,,,,,,,,,,
,,WRITER,14.5061,1,,,,,,stimuli/images/PICTURE_403.png,WRITER,5f08dafa392f74145122c0ee,13/10/1999,2020-08-27_18h40.23.296,proactive3.1,2020.1.2,Win32,60,5f47c29a48bd2a1e651a6eb7,5f47ede75080c61345c5990b,4,,,,,,cathedral,,,,,,,,,,,4,1,0,21,21,31,1,,,,,,,,,,,,,,,,,,,,,,,,,,,,,,,,,,,,,,,,,,,,,,,,,,,,,,,,,,,,,,,,,,,,,,,,,,,,,,,,,,,,,,,,,,,,,,,,,,,,,,,,
,,?,0.00167,0,,,,,,stimuli/images/PICTURE_383.png,WRITER,5f08dafa392f74145122c0ee,13/10/1999,2020-08-27_18h40.23.296,proactive3.1,2020.1.2,Win32,60,5f47c29a48bd2a1e651a6eb7,5f47ede75080c61345c5990b,4,,,,,,coin,,,,,,,,,,,3,1,0,22,22,28,1,,,,,,,,,,,,,,,,,,,,,,,,,,,,,,,,,,,,,,,,,,,,,,,,,,,,,,,,,,,,,,,,,,,,,,,,,,,,,,,,,,,,,,,,,,,,,,,,,,,,,,,,
,,?,0.00063,0,,,,,,stimuli/images/PICTURE_296.png,LIFE,5f08dafa392f74145122c0ee,13/10/1999,2020-08-27_18h40.23.296,proactive3.1,2020.1.2,Win32,60,5f47c29a48bd2a1e651a6eb7,5f47ede75080c61345c5990b,4,,,,,,bolt,,,,,,,,,,,6,1,0,23,23,57,1,,,,,,,,,,,,,,,,,,,,,,,,,,,,,,,,,,,,,,,,,,,,,,,,,,,,,,,,,,,,,,,,,,,,,,,,,,,,,,,,,,,,,,,,,,,,,,,,,,,,,,,,
,,?,0.000565,0,,,,,,stimuli/images/PICTURE_68.png,MILE,5f08dafa392f74145122c0ee,13/10/1999,2020-08-27_18h40.23.296,proactive3.1,2020.1.2,Win32,60,5f47c29a48bd2a1e651a6eb7,5f47ede75080c61345c5990b,4,,,,,,candle,,,,,,,,,,,6,1,0,24,24,51,1,,,,,,,,,,,,,,,,,,,,,,,,,,,,,,,,,,,,,,,,,,,,,,,,,,,,,,,,,,,,,,,,,,,,,,,,,,,,,,,,,,,,,,,,,,,,,,,,,,,,,,,,
,,?,0.000575,0,,,,,,stimuli/images/PICTURE_233.png,LOTS,5f08dafa392f74145122c0ee,13/10/1999,2020-08-27_18h40.23.296,proactive3.1,2020.1.2,Win32,60,5f47c29a48bd2a1e651a6eb7,5f47ede75080c61345c5990b,4,,,,,,salt,,,,,,,,,,,5,1,0,25,25,42,1,,,,,,,,,,,,,,,,,,,,,,,,,,,,,,,,,,,,,,,,,,,,,,,,,,,,,,,,,,,,,,,,,,,,,,,,,,,,,,,,,,,,,,,,,,,,,,,,,,,,,,,,
,,?,0.0005,0,,,,,,stimuli/images/PICTURE_504.png,COPS,5f08dafa392f74145122c0ee,13/10/1999,2020-08-27_18h40.23.296,proactive3.1,2020.1.2,Win32,60,5f47c29a48bd2a1e651a6eb7,5f47ede75080c61345c5990b,4,,,,,,wheel,,,,,,,,,,,6,1,0,26,26,52,1,,,,,,,,,,,,,,,,,,,,,,,,,,,,,,,,,,,,,,,,,,,,,,,,,,,,,,,,,,,,,,,,,,,,,,,,,,,,,,,,,,,,,,,,,,,,,,,,,,,,,,,,
,,?,0.00052,0,,,,,,stimuli/images/PICTURE_85.png,TOILET,5f08dafa392f74145122c0ee,13/10/1999,2020-08-27_18h40.23.296,proactive3.1,2020.1.2,Win32,60,5f47c29a48bd2a1e651a6eb7,5f47ede75080c61345c5990b,4,,,,,,diamond,,,,,,,,,,,5,1,0,27,27,48,1,,,,,,,,,,,,,,,,,,,,,,,,,,,,,,,,,,,,,,,,,,,,,,,,,,,,,,,,,,,,,,,,,,,,,,,,,,,,,,,,,,,,,,,,,,,,,,,,,,,,,,,,
,,?,0.000825,0,,,,,,stimuli/images/PICTURE_327.png,SERIES,5f08dafa392f74145122c0ee,13/10/1999,2020-08-27_18h40.23.296,proactive3.1,2020.1.2,Win32,60,5f47c29a48bd2a1e651a6eb7,5f47ede75080c61345c5990b,4,,,,,,helmet,,,,,,,,,,,1,1,0,28,28,3,1,,,,,,,,,,,,,,,,,,,,,,,,,,,,,,,,,,,,,,,,,,,,,,,,,,,,,,,,,,,,,,,,,,,,,,,,,,,,,,,,,,,,,,,,,,,,,,,,,,,,,,,,
,,?,0.00063,0,,,,,,stimuli/images/PICTURE_33.png,FRIEND,5f08dafa392f74145122c0ee,13/10/1999,2020-08-27_18h40.23.296,proactive3.1,2020.1.2,Win32,60,5f47c29a48bd2a1e651a6eb7,5f47ede75080c61345c5990b,4,,,,,,frame,,,,,,,,,,,1,1,0,29,29,8,1,,,,,,,,,,,,,,,,,,,,,,,,,,,,,,,,,,,,,,,,,,,,,,,,,,,,,,,,,,,,,,,,,,,,,,,,,,,,,,,,,,,,,,,,,,,,,,,,,,,,,,,,
,,?,0.00072,0,,,,,,stimuli/images/PICTURE_667.png,RIVER,5f08dafa392f74145122c0ee,13/10/1999,2020-08-27_18h40.23.296,proactive3.1,2020.1.2,Win32,60,5f47c29a48bd2a1e651a6eb7,5f47ede75080c61345c5990b,4,,,,,,daisy,,,,,,,,,,,2,1,0,30,30,10,1,,,,,,,,,,,,,,,,,,,,,,,,,,,,,,,,,,,,,,,,,,,,,,,,,,,,,,,,,,,,,,,,,,,,,,,,,,,,,,,,,,,,,,,,,,,,,,,,,,,,,,,,
,,?,0.000785,0,,,,,,stimuli/images/PICTURE_744.png,WEAPON,5f08dafa392f74145122c0ee,13/10/1999,2020-08-27_18h40.23.296,proactive3.1,2020.1.2,Win32,60,5f47c29a48bd2a1e651a6eb7,5f47ede75080c61345c5990b,4,,,,,,ring,,,,,,,,,,,6,1,0,31,31,50,1,,,,,,,,,,,,,,,,,,,,,,,,,,,,,,,,,,,,,,,,,,,,,,,,,,,,,,,,,,,,,,,,,,,,,,,,,,,,,,,,,,,,,,,,,,,,,,,,,,,,,,,,
,,?,0.00061,0,,,,,,stimuli/images/PICTURE_383.png,SERIES,5f08dafa392f74145122c0ee,13/10/1999,2020-08-27_18h40.23.296,proactive3.1,2020.1.2,Win32,60,5f47c29a48bd2a1e651a6eb7,5f47ede75080c61345c5990b,4,,,,,,coin,,,,,,,,,,,5,1,0,32,32,46,1,,,,,,,,,,,,,,,,,,,,,,,,,,,,,,,,,,,,,,,,,,,,,,,,,,,,,,,,,,,,,,,,,,,,,,,,,,,,,,,,,,,,,,,,,,,,,,,,,,,,,,,,
,,ROOF,3.44973,1,,,,,,stimuli/images/PICTURE_68.png,ROOF,5f08dafa392f74145122c0ee,13/10/1999,2020-08-27_18h40.23.296,proactive3.1,2020.1.2,Win32,60,5f47c29a48bd2a1e651a6eb7,5f47ede75080c61345c5990b,4,,,,,,candle,,,,,,,,,,,4,1,0,33,33,38,1,,,,,,,,,,,,,,,,,,,,,,,,,,,,,,,,,,,,,,,,,,,,,,,,,,,,,,,,,,,,,,,,,,,,,,,,,,,,,,,,,,,,,,,,,,,,,,,,,,,,,,,,
,,?,0.00151,0,,,,,,stimuli/images/PICTURE_108.png,POLICY,5f08dafa392f74145122c0ee,13/10/1999,2020-08-27_18h40.23.296,proactive3.1,2020.1.2,Win32,60,5f47c29a48bd2a1e651a6eb7,5f47ede75080c61345c5990b,4,,,,,,calendar,,,,,,,,,,,3,1,0,34,34,22,1,,,,,,,,,,,,,,,,,,,,,,,,,,,,,,,,,,,,,,,,,,,,,,,,,,,,,,,,,,,,,,,,,,,,,,,,,,,,,,,,,,,,,,,,,,,,,,,,,,,,,,,,
,,FAMILY,6.350615,1,,,,,,stimuli/images/PICTURE_308.png,FAMILY,5f08dafa392f74145122c0ee,13/10/1999,2020-08-27_18h40.23.296,proactive3.1,2020.1.2,Win32,60,5f47c29a48bd2a1e651a6eb7,5f47ede75080c61345c5990b,4,,,,,,dice,,,,,,,,,,,4,1,0,35,35,36,1,,,,,,,,,,,,,,,,,,,,,,,,,,,,,,,,,,,,,,,,,,,,,,,,,,,,,,,,,,,,,,,,,,,,,,,,,,,,,,,,,,,,,,,,,,,,,,,,,,,,,,,,
,,?,0.00137,0,,,,,,stimuli/images/PICTURE_564.png,BATH,5f08dafa392f74145122c0ee,13/10/1999,2020-08-27_18h40.23.296,proactive3.1,2020.1.2,Win32,60,5f47c29a48bd2a1e651a6eb7,5f47ede75080c61345c5990b,4,,,,,,spoon,,,,,,,,,,,3,1,0,36,36,26,1,,,,,,,,,,,,,,,,,,,,,,,,,,,,,,,,,,,,,,,,,,,,,,,,,,,,,,,,,,,,,,,,,,,,,,,,,,,,,,,,,,,,,,,,,,,,,,,,,,,,,,,,
,,LIFE,8.185855,1,,,,,,stimuli/images/PICTURE_285.png,LIFE,5f08dafa392f74145122c0ee,13/10/1999,2020-08-27_18h40.23.296,proactive3.1,2020.1.2,Win32,60,5f47c29a48bd2a1e651a6eb7,5f47ede75080c61345c5990b,4,,,,,,carrot,,,,,,,,,,,4,1,0,37,37,33,1,,,,,,,,,,,,,,,,,,,,,,,,,,,,,,,,,,,,,,,,,,,,,,,,,,,,,,,,,,,,,,,,,,,,,,,,,,,,,,,,,,,,,,,,,,,,,,,,,,,,,,,,
,,RIVER,5.986985,1,,,,,,stimuli/images/PICTURE_297.png,RIVER,5f08dafa392f74145122c0ee,13/10/1999,2020-08-27_18h40.23.296,proactive3.1,2020.1.2,Win32,60,5f47c29a48bd2a1e651a6eb7,5f47ede75080c61345c5990b,4,,,,,,aeroplane,,,,,,,,,,,4,1,0,38,38,39,1,,,,,,,,,,,,,,,,,,,,,,,,,,,,,,,,,,,,,,,,,,,,,,,,,,,,,,,,,,,,,,,,,,,,,,,,,,,,,,,,,,,,,,,,,,,,,,,,,,,,,,,,
,,?,0.001015,0,,,,,,stimuli/images/PICTURE_449.png,DUDE,5f08dafa392f74145122c0ee,13/10/1999,2020-08-27_18h40.23.296,proactive3.1,2020.1.2,Win32,60,5f47c29a48bd2a1e651a6eb7,5f47ede75080c61345c5990b,4,,,,,,bench,,,,,,,,,,,2,1,0,39,39,17,1,,,,,,,,,,,,,,,,,,,,,,,,,,,,,,,,,,,,,,,,,,,,,,,,,,,,,,,,,,,,,,,,,,,,,,,,,,,,,,,,,,,,,,,,,,,,,,,,,,,,,,,,
,,?,0.000605,0,,,,,,stimuli/images/PICTURE_296.png,LOTS,5f08dafa392f74145122c0ee,13/10/1999,2020-08-27_18h40.23.296,proactive3.1,2020.1.2,Win32,60,5f47c29a48bd2a1e651a6eb7,5f47ede75080c61345c5990b,4,,,,,,bolt,,,,,,,,,,,1,1,0,40,40,9,1,,,,,,,,,,,,,,,,,,,,,,,,,,,,,,,,,,,,,,,,,,,,,,,,,,,,,,,,,,,,,,,,,,,,,,,,,,,,,,,,,,,,,,,,,,,,,,,,,,,,,,,,
,,?,0.000605,0,,,,,,stimuli/images/PICTURE_147.png,WOMEN,5f08dafa392f74145122c0ee,13/10/1999,2020-08-27_18h40.23.296,proactive3.1,2020.1.2,Win32,60,5f47c29a48bd2a1e651a6eb7,5f47ede75080c61345c5990b,4,,,,,,hanger,,,,,,,,,,,1,1,0,41,41,7,1,,,,,,,,,,,,,,,,,,,,,,,,,,,,,,,,,,,,,,,,,,,,,,,,,,,,,,,,,,,,,,,,,,,,,,,,,,,,,,,,,,,,,,,,,,,,,,,,,,,,,,,,
,,?,0.000595,0,,,,,,stimuli/images/PICTURE_750.png,HOTEL,5f08dafa392f74145122c0ee,13/10/1999,2020-08-27_18h40.23.296,proactive3.1,2020.1.2,Win32,60,5f47c29a48bd2a1e651a6eb7,5f47ede75080c61345c5990b,4,,,,,,kettle,,,,,,,,,,,3,1,0,42,42,27,1,,,,,,,,,,,,,,,,,,,,,,,,,,,,,,,,,,,,,,,,,,,,,,,,,,,,,,,,,,,,,,,,,,,,,,,,,,,,,,,,,,,,,,,,,,,,,,,,,,,,,,,,
,,?,15.002825,0,,,,,,stimuli/images/PICTURE_208.png,SYSTEM,5f08dafa392f74145122c0ee,13/10/1999,2020-08-27_18h40.23.296,proactive3.1,2020.1.2,Win32,60,5f47c29a48bd2a1e651a6eb7,5f47ede75080c61345c5990b,4,,,,,,microphone,,,,,,,,,,,4,1,0,43,43,32,1,,,,,,,,,,,,,,,,,,,,,,,,,,,,,,,,,,,,,,,,,,,,,,,,,,,,,,,,,,,,,,,,,,,,,,,,,,,,,,,,,,,,,,,,,,,,,,,,,,,,,,,,
,,?,0.000755,0,,,,,,stimuli/images/PICTURE_380.png,CANDY,5f08dafa392f74145122c0ee,13/10/1999,2020-08-27_18h40.23.296,proactive3.1,2020.1.2,Win32,60,5f47c29a48bd2a1e651a6eb7,5f47ede75080c61345c5990b,4,,,,,,gorilla,,,,,,,,,,,1,1,0,44,44,0,1,,,,,,,,,,,,,,,,,,,,,,,,,,,,,,,,,,,,,,,,,,,,,,,,,,,,,,,,,,,,,,,,,,,,,,,,,,,,,,,,,,,,,,,,,,,,,,,,,,,,,,,,
,,?,0.00062,0,,,,,,stimuli/images/PICTURE_203.png,NIGHT,5f08dafa392f74145122c0ee,13/10/1999,2020-08-27_18h40.23.296,proactive3.1,2020.1.2,Win32,60,5f47c29a48bd2a1e651a6eb7,5f47ede75080c61345c5990b,4,,,,,,cap,,,,,,,,,,,1,1,0,45,45,2,1,,,,,,,,,,,,,,,,,,,,,,,,,,,,,,,,,,,,,,,,,,,,,,,,,,,,,,,,,,,,,,,,,,,,,,,,,,,,,,,,,,,,,,,,,,,,,,,,,,,,,,,,
,,?,0.000575,0,,,,,,stimuli/images/PICTURE_469.png,AGENT,5f08dafa392f74145122c0ee,13/10/1999,2020-08-27_18h40.23.296,proactive3.1,2020.1.2,Win32,60,5f47c29a48bd2a1e651a6eb7,5f47ede75080c61345c5990b,4,,,,,,stool,,,,,,,,,,,2,1,0,46,46,16,1,,,,,,,,,,,,,,,,,,,,,,,,,,,,,,,,,,,,,,,,,,,,,,,,,,,,,,,,,,,,,,,,,,,,,,,,,,,,,,,,,,,,,,,,,,,,,,,,,,,,,,,,
,,?,0.000565,0,,,,,,stimuli/images/PICTURE_504.png,YEAR,5f08dafa392f74145122c0ee,13/10/1999,2020-08-27_18h40.23.296,proactive3.1,2020.1.2,Win32,60,5f47c29a48bd2a1e651a6eb7,5f47ede75080c61345c5990b,4,,,,,,wheel,,,,,,,,,,,2,1,0,47,47,13,1,,,,,,,,,,,,,,,,,,,,,,,,,,,,,,,,,,,,,,,,,,,,,,,,,,,,,,,,,,,,,,,,,,,,,,,,,,,,,,,,,,,,,,,,,,,,,,,,,,,,,,,,
,,?,0.00062,0,,,,,,stimuli/images/PICTURE_339.png,CLIENT,5f08dafa392f74145122c0ee,13/10/1999,2020-08-27_18h40.23.296,proactive3.1,2020.1.2,Win32,60,5f47c29a48bd2a1e651a6eb7,5f47ede75080c61345c5990b,4,,,,,,backpack,,,,,,,,,,,2,1,0,48,48,11,1,,,,,,,,,,,,,,,,,,,,,,,,,,,,,,,,,,,,,,,,,,,,,,,,,,,,,,,,,,,,,,,,,,,,,,,,,,,,,,,,,,,,,,,,,,,,,,,,,,,,,,,,
,,?,0.00051,0,,,,,,stimuli/images/PICTURE_95.png,BOYS,5f08dafa392f74145122c0ee,13/10/1999,2020-08-27_18h40.23.296,proactive3.1,2020.1.2,Win32,60,5f47c29a48bd2a1e651a6eb7,5f47ede75080c61345c5990b,4,,,,,,suitcase,,,,,,,,,,,1,1,0,49,49,1,1,,,,,,,,,,,,,,,,,,,,,,,,,,,,,,,,,,,,,,,,,,,,,,,,,,,,,,,,,,,,,,,,,,,,,,,,,,,,,,,,,,,,,,,,,,,,,,,,,,,,,,,,
,,?,0.000535,0,,,,,,stimuli/images/PICTURE_487.png,GIRL,5f08dafa392f74145122c0ee,13/10/1999,2020-08-27_18h40.23.296,proactive3.1,2020.1.2,Win32,60,5f47c29a48bd2a1e651a6eb7,5f47ede75080c61345c5990b,4,,,,,,basket,,,,,,,,,,,5,1,0,50,50,45,1,,,,,,,,,,,,,,,,,,,,,,,,,,,,,,,,,,,,,,,,,,,,,,,,,,,,,,,,,,,,,,,,,,,,,,,,,,,,,,,,,,,,,,,,,,,,,,,,,,,,,,,,
,,?,0.000505,0,,,,,,stimuli/images/PICTURE_327.png,CASINO,5f08dafa392f74145122c0ee,13/10/1999,2020-08-27_18h40.23.296,proactive3.1,2020.1.2,Win32,60,5f47c29a48bd2a1e651a6eb7,5f47ede75080c61345c5990b,4,,,,,,helmet,,,,,,,,,,,3,1,0,51,51,20,1,,,,,,,,,,,,,,,,,,,,,,,,,,,,,,,,,,,,,,,,,,,,,,,,,,,,,,,,,,,,,,,,,,,,,,,,,,,,,,,,,,,,,,,,,,,,,,,,,,,,,,,,
,,?,0.000505,0,,,,,,stimuli/images/PICTURE_340.png,VALLEY,5f08dafa392f74145122c0ee,13/10/1999,2020-08-27_18h40.23.296,proactive3.1,2020.1.2,Win32,60,5f47c29a48bd2a1e651a6eb7,5f47ede75080c61345c5990b,4,,,,,,mirror,,,,,,,,,,,6,1,0,52,52,54,1,,,,,,,,,,,,,,,,,,,,,,,,,,,,,,,,,,,,,,,,,,,,,,,,,,,,,,,,,,,,,,,,,,,,,,,,,,,,,,,,,,,,,,,,,,,,,,,,,,,,,,,,
,,?,0.000545,0,,,,,,stimuli/images/PICTURE_108.png,FLIGHT,5f08dafa392f74145122c0ee,13/10/1999,2020-08-27_18h40.23.296,proactive3.1,2020.1.2,Win32,60,5f47c29a48bd2a1e651a6eb7,5f47ede75080c61345c5990b,4,,,,,,calendar,,,,,,,,,,,6,1,0,53,53,59,1,,,,,,,,,,,,,,,,,,,,,,,,,,,,,,,,,,,,,,,,,,,,,,,,,,,,,,,,,,,,,,,,,,,,,,,,,,,,,,,,,,,,,,,,,,,,,,,,,,,,,,,,
,,?,0.002235,0,,,,,,stimuli/images/PICTURE_675.png,SALE,5f08dafa392f74145122c0ee,13/10/1999,2020-08-27_18h40.23.296,proactive3.1,2020.1.2,Win32,60,5f47c29a48bd2a1e651a6eb7,5f47ede75080c61345c5990b,4,,,,,,windmill,,,,,,,,,,,5,1,0,54,54,47,1,,,,,,,,,,,,,,,,,,,,,,,,,,,,,,,,,,,,,,,,,,,,,,,,,,,,,,,,,,,,,,,,,,,,,,,,,,,,,,,,,,,,,,,,,,,,,,,,,,,,,,,,
,,?,0.000605,0,,,,,,stimuli/images/PICTURE_32.png,PILLS,5f08dafa392f74145122c0ee,13/10/1999,2020-08-27_18h40.23.296,proactive3.1,2020.1.2,Win32,60,5f47c29a48bd2a1e651a6eb7,5f47ede75080c61345c5990b,4,,,,,,crown,,,,,,,,,,,2,1,0,55,55,18,1,,,,,,,,,,,,,,,,,,,,,,,,,,,,,,,,,,,,,,,,,,,,,,,,,,,,,,,,,,,,,,,,,,,,,,,,,,,,,,,,,,,,,,,,,,,,,,,,,,,,,,,,
,,?,0.00063,0,,,,,,stimuli/images/PICTURE_654.png,MONTH,5f08dafa392f74145122c0ee,13/10/1999,2020-08-27_18h40.23.296,proactive3.1,2020.1.2,Win32,60,5f47c29a48bd2a1e651a6eb7,5f47ede75080c61345c5990b,4,,,,,,pencil,,,,,,,,,,,3,1,0,56,56,29,1,,,,,,,,,,,,,,,,,,,,,,,,,,,,,,,,,,,,,,,,,,,,,,,,,,,,,,,,,,,,,,,,,,,,,,,,,,,,,,,,,,,,,,,,,,,,,,,,,,,,,,,,
,,?,0.00058,0,,,,,,stimuli/images/PICTURE_677.png,APPLE,5f08dafa392f74145122c0ee,13/10/1999,2020-08-27_18h40.23.296,proactive3.1,2020.1.2,Win32,60,5f47c29a48bd2a1e651a6eb7,5f47ede75080c61345c5990b,4,,,,,,map,,,,,,,,,,,5,1,0,57,57,43,1,,,,,,,,,,,,,,,,,,,,,,,,,,,,,,,,,,,,,,,,,,,,,,,,,,,,,,,,,,,,,,,,,,,,,,,,,,,,,,,,,,,,,,,,,,,,,,,,,,,,,,,,
,,KIND,5.56311,1,,,,,,stimuli/images/PICTURE_32.png,KIND,5f08dafa392f74145122c0ee,13/10/1999,2020-08-27_18h40.23.296,proactive3.1,2020.1.2,Win32,60,5f47c29a48bd2a1e651a6eb7,5f47ede75080c61345c5990b,4,,,,,,crown,,,,,,,,,,,4,1,0,58,58,35,1,,,,,,,,,,,,,,,,,,,,,,,,,,,,,,,,,,,,,,,,,,,,,,,,,,,,,,,,,,,,,,,,,,,,,,,,,,,,,,,,,,,,,,,,,,,,,,,,,,,,,,,,
,,?,0.00164,0,,,,,,stimuli/images/PICTURE_491.png,RIVER,5f08dafa392f74145122c0ee,13/10/1999,2020-08-27_18h40.23.296,proactive3.1,2020.1.2,Win32,60,5f47c29a48bd2a1e651a6eb7,5f47ede75080c61345c5990b,4,,,,,,rug,,,,,,,,,,,1,1,0,59,59,6,1,,,,,,,,,,,,,,,,,,,,,,,,,,,,,,,,,,,,,,,,,,,,,,,,,,,,,,,,,,,,,,,,,,,,,,,,,,,,,,,,,,,,,,,,,,,,,,,,,,,,,,,,
,,,,,,,,,,,,5f08dafa392f74145122c0ee,13/10/1999,2020-08-27_18h40.23.296,proactive3.1,2020.1.2,Win32,60,5f47c29a48bd2a1e651a6eb7,5f47ede75080c61345c5990b,4,,,,,,,,,,,,,,,,,,,,,,,,0,1,1,1,1,stimuli/learn-block2.csv,,,,,,,,,,,,,,,,,,,,,,,,,,,,,,,,,,,,,,,,,,,,,,,,,,,,,,,,,,,,,,,,,,,,,,,,,,,,,,,,,,,,,,,,,,,,,,,,,,
,,,,,,,,,,stimuli/images/PICTURE_68.png,KIND,5f08dafa392f74145122c0ee,13/10/1999,2020-08-27_18h40.23.296,proactive3.1,2020.1.2,Win32,60,5f47c29a48bd2a1e651a6eb7,5f47ede75080c61345c5990b,4,,,,,,candle,,,,,,0,0,0,23,1,3,2,,,,,,,,,,,,,,,,,,,,,,,,,,,,,,,,,,,,,,,,,,,,,,,,,,,,,,,,,,,,,,,,,,,,,,,,,,,,,,,,,,,,,,,,,,,,,,,,,,,,,,,,,,,,,
,,,,,,,,,,stimuli/images/PICTURE_654.png,YEAR,5f08dafa392f74145122c0ee,13/10/1999,2020-08-27_18h40.23.296,proactive3.1,2020.1.2,Win32,60,5f47c29a48bd2a1e651a6eb7,5f47ede75080c61345c5990b,4,,,,,,pencil,,,,,,0,1,1,41,1,5,2,,,,,,,,,,,,,,,,,,,,,,,,,,,,,,,,,,,,,,,,,,,,,,,,,,,,,,,,,,,,,,,,,,,,,,,,,,,,,,,,,,,,,,,,,,,,,,,,,,,,,,,,,,,,,
,,,,,,,,,,stimuli/images/PICTURE_692.png,DUDE,5f08dafa392f74145122c0ee,13/10/1999,2020-08-27_18h40.23.296,proactive3.1,2020.1.2,Win32,60,5f47c29a48bd2a1e651a6eb7,5f47ede75080c61345c5990b,4,,,,,,cherry,,,,,,0,2,2,47,1,5,2,,,,,,,,,,,,,,,,,,,,,,,,,,,,,,,,,,,,,,,,,,,,,,,,,,,,,,,,,,,,,,,,,,,,,,,,,,,,,,,,,,,,,,,,,,,,,,,,,,,,,,,,,,,,,
,,,,,,,,,,stimuli/images/PICTURE_509.png,BATH,5f08dafa392f74145122c0ee,13/10/1999,2020-08-27_18h40.23.296,proactive3.1,2020.1.2,Win32,60,5f47c29a48bd2a1e651a6eb7,5f47ede75080c61345c5990b,4,,,,,,telephone,,,,,,0,3,3,15,1,2,2,,,,,,,,,,,,,,,,,,,,,,,,,,,,,,,,,,,,,,,,,,,,,,,,,,,,,,,,,,,,,,,,,,,,,,,,,,,,,,,,,,,,,,,,,,,,,,,,,,,,,,,,,,,,,
,,,,,,,,,,stimuli/images/PICTURE_177.png,HOUSE,5f08dafa392f74145122c0ee,13/10/1999,2020-08-27_18h40.23.296,proactive3.1,2020.1.2,Win32,60,5f47c29a48bd2a1e651a6eb7,5f47ede75080c61345c5990b,4,,,,,,mushroom,,,,,,0,4,4,25,1,3,2,,,,,,,,,,,,,,,,,,,,,,,,,,,,,,,,,,,,,,,,,,,,,,,,,,,,,,,,,,,,,,,,,,,,,,,,,,,,,,,,,,,,,,,,,,,,,,,,,,,,,,,,,,,,,
,,,,,,,,,,stimuli/images/PICTURE_285.png,PRINCE,5f08dafa392f74145122c0ee,13/10/1999,2020-08-27_18h40.23.296,proactive3.1,2020.1.2,Win32,60,5f47c29a48bd2a1e651a6eb7,5f47ede75080c61345c5990b,4,,,,,,carrot,,,,,,0,5,5,20,1,3,2,,,,,,,,,,,,,,,,,,,,,,,,,,,,,,,,,,,,,,,,,,,,,,,,,,,,,,,,,,,,,,,,,,,,,,,,,,,,,,,,,,,,,,,,,,,,,,,,,,,,,,,,,,,,,
,,,,,,,,,,stimuli/images/PICTURE_215.png,LEADER,5f08dafa392f74145122c0ee,13/10/1999,2020-08-27_18h40.23.296,proactive3.1,2020.1.2,Win32,60,5f47c29a48bd2a1e651a6eb7,5f47ede75080c61345c5990b,4,,,,,,boot,,,,,,0,6,6,43,1,5,2,,,,,,,,,,,,,,,,,,,,,,,,,,,,,,,,,,,,,,,,,,,,,,,,,,,,,,,,,,,,,,,,,,,,,,,,,,,,,,,,,,,,,,,,,,,,,,,,,,,,,,,,,,,,,
,,,,,,,,,,stimuli/images/PICTURE_348.png,TOILET,5f08dafa392f74145122c0ee,13/10/1999,2020-08-27_18h40.23.296,proactive3.1,2020.1.2,Win32,60,5f47c29a48bd2a1e651a6eb7,5f47ede75080c61345c5990b,4,,,,,,pepper,,,,,,0,7,7,4,1,1,2,,,,,,,,,,,,,,,,,,,,,,,,,,,,,,,,,,,,,,,,,,,,,,,,,,,,,,,,,,,,,,,,,,,,,,,,,,,,,,,,,,,,,,,,,,,,,,,,,,,,,,,,,,,,,
,,,,,,,,,,stimuli/images/PICTURE_509.png,APPLE,5f08dafa392f74145122c0ee,13/10/1999,2020-08-27_18h40.23.296,proactive3.1,2020.1.2,Win32,60,5f47c29a48bd2a1e651a6eb7,5f47ede75080c61345c5990b,4,,,,,,telephone,,,,,,0,8,8,38,1,4,2,,,,,,,,,,,,,,,,,,,,,,,,,,,,,,,,,,,,,,,,,,,,,,,,,,,,,,,,,,,,,,,,,,,,,,,,,,,,,,,,,,,,,,,,,,,,,,,,,,,,,,,,,,,,,
,,,,,,,,,,stimuli/images/PICTURE_327.png,LEADER,5f08dafa392f74145122c0ee,13/10/1999,2020-08-27_18h40.23.296,proactive3.1,2020.1.2,Win32,60,5f47c29a48bd2a1e651a6eb7,5f47ede75080c61345c5990b,4,,,,,,helmet,,,,,,0,9,9,17,1,2,2,,,,,,,,,,,,,,,,,,,,,,,,,,,,,,,,,,,,,,,,,,,,,,,,,,,,,,,,,,,,,,,,,,,,,,,,,,,,,,,,,,,,,,,,,,,,,,,,,,,,,,,,,,,,,
,,,,,,,,,,stimuli/images/PICTURE_95.png,NIGHT,5f08dafa392f74145122c0ee,13/10/1999,2020-08-27_18h40.23.296,proactive3.1,2020.1.2,Win32,60,5f47c29a48bd2a1e651a6eb7,5f47ede75080c61345c5990b,4,,,,,,suitcase,,,,,,0,10,10,37,1,4,2,,,,,,,,,,,,,,,,,,,,,,,,,,,,,,,,,,,,,,,,,,,,,,,,,,,,,,,,,,,,,,,,,,,,,,,,,,,,,,,,,,,,,,,,,,,,,,,,,,,,,,,,,,,,,
,,,,,,,,,,stimuli/images/PICTURE_215.png,FOOD,5f08dafa392f74145122c0ee,13/10/1999,2020-08-27_18h40.23.296,proactive3.1,2020.1.2,Win32,60,5f47c29a48bd2a1e651a6eb7,5f47ede75080c61345c5990b,4,,,,,,boot,,,,,,0,11,11,5,1,1,2,,,,,,,,,,,,,,,,,,,,,,,,,,,,,,,,,,,,,,,,,,,,,,,,,,,,,,,,,,,,,,,,,,,,,,,,,,,,,,,,,,,,,,,,,,,,,,,,,,,,,,,,,,,,,
,,,,,,,,,,stimuli/images/PICTURE_314.png,SPEECH,5f08dafa392f74145122c0ee,13/10/1999,2020-08-27_18h40.23.296,proactive3.1,2020.1.2,Win32,60,5f47c29a48bd2a1e651a6eb7,5f47ede75080c61345c5990b,4,,,,,,perfume,,,,,,0,12,12,35,1,4,2,,,,,,,,,,,,,,,,,,,,,,,,,,,,,,,,,,,,,,,,,,,,,,,,,,,,,,,,,,,,,,,,,,,,,,,,,,,,,,,,,,,,,,,,,,,,,,,,,,,,,,,,,,,,,
,,,,,,,,,,stimuli/images/PICTURE_2.png,AREA,5f08dafa392f74145122c0ee,13/10/1999,2020-08-27_18h40.23.296,proactive3.1,2020.1.2,Win32,60,5f47c29a48bd2a1e651a6eb7,5f47ede75080c61345c5990b,4,,,,,,tyre,,,,,,0,13,13,32,1,4,2,,,,,,,,,,,,,,,,,,,,,,,,,,,,,,,,,,,,,,,,,,,,,,,,,,,,,,,,,,,,,,,,,,,,,,,,,,,,,,,,,,,,,,,,,,,,,,,,,,,,,,,,,,,,,
,,,,,,,,,,stimuli/images/PICTURE_57.png,CANDY,5f08dafa392f74145122c0ee,13/10/1999,2020-08-27_18h40.23.296,proactive3.1,2020.1.2,Win32,60,5f47c29a48bd2a1e651a6eb7,5f47ede75080c61345c5990b,4,,,,,,stamp,,,,,,0,14,14,52,1,6,2,,,,,,,,,,,,,,,,,,,,,,,,,,,,,,,,,,,,,,,,,,,,,,,,,,,,,,,,,,,,,,,,,,,,,,,,,,,,,,,,,,,,,,,,,,,,,,,,,,,,,,,,,,,,,
,,,,,,,,,,stimuli/images/PICTURE_509.png,SHOTS,5f08dafa392f74145122c0ee,13/10/1999,2020-08-27_18h40.23.296,proactive3.1,2020.1.2,Win32,60,5f47c29a48bd2a1e651a6eb7,5f47ede75080c61345c5990b,4,,,,,,telephone,,,,,,0,15,15,7,1,1,2,,,,,,,,,,,,,,,,,,,,,,,,,,,,,,,,,,,,,,,,,,,,,,,,,,,,,,,,,,,,,,,,,,,,,,,,,,,,,,,,,,,,,,,,,,,,,,,,,,,,,,,,,,,,,
,,,,,,,,,,stimuli/images/PICTURE_215.png,BOYS,5f08dafa392f74145122c0ee,13/10/1999,2020-08-27_18h40.23.296,proactive3.1,2020.1.2,Win32,60,5f47c29a48bd2a1e651a6eb7,5f47ede75080c61345c5990b,4,,,,,,boot,,,,,,0,16,16,24,1,3,2,,,,,,,,,,,,,,,,,,,,,,,,,,,,,,,,,,,,,,,,,,,,,,,,,,,,,,,,,,,,,,,,,,,,,,,,,,,,,,,,,,,,,,,,,,,,,,,,,,,,,,,,,,,,,
,,,,,,,,,,stimuli/images/PICTURE_453.png,FAMILY,5f08dafa392f74145122c0ee,13/10/1999,2020-08-27_18h40.23.296,proactive3.1,2020.1.2,Win32,60,5f47c29a48bd2a1e651a6eb7,5f47ede75080c61345c5990b,4,,,,,,scissors,,,,,,0,17,17,48,1,5,2,,,,,,,,,,,,,,,,,,,,,,,,,,,,,,,,,,,,,,,,,,,,,,,,,,,,,,,,,,,,,,,,,,,,,,,,,,,,,,,,,,,,,,,,,,,,,,,,,,,,,,,,,,,,,
,,,,,,,,,,stimuli/images/PICTURE_255.png,PENNY,5f08dafa392f74145122c0ee,13/10/1999,2020-08-27_18h40.23.296,proactive3.1,2020.1.2,Win32,60,5f47c29a48bd2a1e651a6eb7,5f47ede75080c61345c5990b,4,,,,,,shovel,,,,,,0,18,18,19,1,2,2,,,,,,,,,,,,,,,,,,,,,,,,,,,,,,,,,,,,,,,,,,,,,,,,,,,,,,,,,,,,,,,,,,,,,,,,,,,,,,,,,,,,,,,,,,,,,,,,,,,,,,,,,,,,,
,,,,,,,,,,stimuli/images/PICTURE_348.png,DUDE,5f08dafa392f74145122c0ee,13/10/1999,2020-08-27_18h40.23.296,proactive3.1,2020.1.2,Win32,60,5f47c29a48bd2a1e651a6eb7,5f47ede75080c61345c5990b,4,,,,,,pepper,,,,,,0,19,19,59,1,6,2,,,,,,,,,,,,,,,,,,,,,,,,,,,,,,,,,,,,,,,,,,,,,,,,,,,,,,,,,,,,,,,,,,,,,,,,,,,,,,,,,,,,,,,,,,,,,,,,,,,,,,,,,,,,,
,,,,,,,,,,stimuli/images/PICTURE_750.png,POLICY,5f08dafa392f74145122c0ee,13/10/1999,2020-08-27_18h40.23.296,proactive3.1,2020.1.2,Win32,60,5f47c29a48bd2a1e651a6eb7,5f47ede75080c61345c5990b,4,,,,,,kettle,,,,,,0,20,20,44,1,5,2,,,,,,,,,,,,,,,,,,,,,,,,,,,,,,,,,,,,,,,,,,,,,,,,,,,,,,,,,,,,,,,,,,,,,,,,,,,,,,,,,,,,,,,,,,,,,,,,,,,,,,,,,,,,,
,,,,,,,,,,stimuli/images/PICTURE_18.png,RIVER,5f08dafa392f74145122c0ee,13/10/1999,2020-08-27_18h40.23.296,proactive3.1,2020.1.2,Win32,60,5f47c29a48bd2a1e651a6eb7,5f47ede75080c61345c5990b,4,,,,,,planet,,,,,,0,21,21,22,1,3,2,,,,,,,,,,,,,,,,,,,,,,,,,,,,,,,,,,,,,,,,,,,,,,,,,,,,,,,,,,,,,,,,,,,,,,,,,,,,,,,,,,,,,,,,,,,,,,,,,,,,,,,,,,,,,
,,,,,,,,,,stimuli/images/PICTURE_285.png,WRITER,5f08dafa392f74145122c0ee,13/10/1999,2020-08-27_18h40.23.296,proactive3.1,2020.1.2,Win32,60,5f47c29a48bd2a1e651a6eb7,5f47ede75080c61345c5990b,4,,,,,,carrot,,,,,,0,22,22,6,1,1,2,,,,,,,,,,,,,,,,,,,,,,,,,,,,,,,,,,,,,,,,,,,,,,,,,,,,,,,,,,,,,,,,,,,,,,,,,,,,,,,,,,,,,,,,,,,,,,,,,,,,,,,,,,,,,
,,,,,,,,,,stimuli/images/PICTURE_654.png,COPS,5f08dafa392f74145122c0ee,13/10/1999,2020-08-27_18h40.23.296,proactive3.1,2020.1.2,Win32,60,5f47c29a48bd2a1e651a6eb7,5f47ede75080c61345c5990b,4,,,,,,pencil,,,,,,0,23,23,10,1,2,2,,,,,,,,,,,,,,,,,,,,,,,,,,,,,,,,,,,,,,,,,,,,,,,,,,,,,,,,,,,,,,,,,,,,,,,,,,,,,,,,,,,,,,,,,,,,,,,,,,,,,,,,,,,,,
,,,,,,,,,,stimuli/images/PICTURE_487.png,ROOF,5f08dafa392f74145122c0ee,13/10/1999,2020-08-27_18h40.23.296,proactive3.1,2020.1.2,Win32,60,5f47c29a48bd2a1e651a6eb7,5f47ede75080c61345c5990b,4,,,,,,basket,,,,,,0,24,24,50,1,6,2,,,,,,,,,,,,,,,,,,,,,,,,,,,,,,,,,,,,,,,,,,,,,,,,,,,,,,,,,,,,,,,,,,,,,,,,,,,,,,,,,,,,,,,,,,,,,,,,,,,,,,,,,,,,,
,,,,,,,,,,stimuli/images/PICTURE_2.png,YARD,5f08dafa392f74145122c0ee,13/10/1999,2020-08-27_18h40.23.296,proactive3.1,2020.1.2,Win32,60,5f47c29a48bd2a1e651a6eb7,5f47ede75080c61345c5990b,4,,,,,,tyre,,,,,,0,25,25,55,1,6,2,,,,,,,,,,,,,,,,,,,,,,,,,,,,,,,,,,,,,,,,,,,,,,,,,,,,,,,,,,,,,,,,,,,,,,,,,,,,,,,,,,,,,,,,,,,,,,,,,,,,,,,,,,,,,
,,,,,,,,,,stimuli/images/PICTURE_147.png,LEADER,5f08dafa392f74145122c0ee,13/10/1999,2020-08-27_18h40.23.296,proactive3.1,2020.1.2,Win32,60,5f47c29a48bd2a1e651a6eb7,5f47ede75080c61345c5990b,4,,,,,,hanger,,,,,,0,26,26,33,1,4,2,,,,,,,,,,,,,,,,,,,,,,,,,,,,,,,,,,,,,,,,,,,,,,,,,,,,,,,,,,,,,,,,,,,,,,,,,,,,,,,,,,,,,,,,,,,,,,,,,,,,,,,,,,,,,
,,,,,,,,,,stimuli/images/PICTURE_667.png,GLASS,5f08dafa392f74145122c0ee,13/10/1999,2020-08-27_18h40.23.296,proactive3.1,2020.1.2,Win32,60,5f47c29a48bd2a1e651a6eb7,5f47ede75080c61345c5990b,4,,,,,,daisy,,,,,,0,27,27,27,1,3,2,,,,,,,,,,,,,,,,,,,,,,,,,,,,,,,,,,,,,,,,,,,,,,,,,,,,,,,,,,,,,,,,,,,,,,,,,,,,,,,,,,,,,,,,,,,,,,,,,,,,,,,,,,,,,
,,,,,,,,,,stimuli/images/PICTURE_491.png,SERIES,5f08dafa392f74145122c0ee,13/10/1999,2020-08-27_18h40.23.296,proactive3.1,2020.1.2,Win32,60,5f47c29a48bd2a1e651a6eb7,5f47ede75080c61345c5990b,4,,,,,,rug,,,,,,0,28,28,39,1,4,2,,,,,,,,,,,,,,,,,,,,,,,,,,,,,,,,,,,,,,,,,,,,,,,,,,,,,,,,,,,,,,,,,,,,,,,,,,,,,,,,,,,,,,,,,,,,,,,,,,,,,,,,,,,,,
,,,,,,,,,,stimuli/images/PICTURE_405.png,JUNGLE,5f08dafa392f74145122c0ee,13/10/1999,2020-08-27_18h40.23.296,proactive3.1,2020.1.2,Win32,60,5f47c29a48bd2a1e651a6eb7,5f47ede75080c61345c5990b,4,,,,,,anchor,,,,,,0,29,29,58,1,6,2,,,,,,,,,,,,,,,,,,,,,,,,,,,,,,,,,,,,,,,,,,,,,,,,,,,,,,,,,,,,,,,,,,,,,,,,,,,,,,,,,,,,,,,,,,,,,,,,,,,,,,,,,,,,,
,,,,,,,,,,stimuli/images/PICTURE_403.png,FAMILY,5f08dafa392f74145122c0ee,13/10/1999,2020-08-27_18h40.23.296,proactive3.1,2020.1.2,Win32,60,5f47c29a48bd2a1e651a6eb7,5f47ede75080c61345c5990b,4,,,,,,cathedral,,,,,,0,30,30,9,1,1,2,,,,,,,,,,,,,,,,,,,,,,,,,,,,,,,,,,,,,,,,,,,,,,,,,,,,,,,,,,,,,,,,,,,,,,,,,,,,,,,,,,,,,,,,,,,,,,,,,,,,,,,,,,,,,
,,,,,,,,,,stimuli/images/PICTURE_564.png,PLENTY,5f08dafa392f74145122c0ee,13/10/1999,2020-08-27_18h40.23.296,proactive3.1,2020.1.2,Win32,60,5f47c29a48bd2a1e651a6eb7,5f47ede75080c61345c5990b,4,,,,,,spoon,,,,,,0,31,31,11,1,2,2,,,,,,,,,,,,,,,,,,,,,,,,,,,,,,,,,,,,,,,,,,,,,,,,,,,,,,,,,,,,,,,,,,,,,,,,,,,,,,,,,,,,,,,,,,,,,,,,,,,,,,,,,,,,,
,,,,,,,,,,stimuli/images/PICTURE_208.png,SPIRIT,5f08dafa392f74145122c0ee,13/10/1999,2020-08-27_18h40.23.296,proactive3.1,2020.1.2,Win32,60,5f47c29a48bd2a1e651a6eb7,5f47ede75080c61345c5990b,4,,,,,,microphone,,,,,,0,32,32,28,1,3,2,,,,,,,,,,,,,,,,,,,,,,,,,,,,,,,,,,,,,,,,,,,,,,,,,,,,,,,,,,,,,,,,,,,,,,,,,,,,,,,,,,,,,,,,,,,,,,,,,,,,,,,,,,,,,
,,,,,,,,,,stimuli/images/PICTURE_123.png,SALE,5f08dafa392f74145122c0ee,13/10/1999,2020-08-27_18h40.23.296,proactive3.1,2020.1.2,Win32,60,5f47c29a48bd2a1e651a6eb7,5f47ede75080c61345c5990b,4,,,,,,dart,,,,,,0,33,33,8,1,1,2,,,,,,,,,,,,,,,,,,,,,,,,,,,,,,,,,,,,,,,,,,,,,,,,,,,,,,,,,,,,,,,,,,,,,,,,,,,,,,,,,,,,,,,,,,,,,,,,,,,,,,,,,,,,,
,,,,,,,,,,stimuli/images/PICTURE_93.png,GIRL,5f08dafa392f74145122c0ee,13/10/1999,2020-08-27_18h40.23.296,proactive3.1,2020.1.2,Win32,60,5f47c29a48bd2a1e651a6eb7,5f47ede75080c61345c5990b,4,,,,,,skateboard,,,,,,0,34,34,31,1,4,2,,,,,,,,,,,,,,,,,,,,,,,,,,,,,,,,,,,,,,,,,,,,,,,,,,,,,,,,,,,,,,,,,,,,,,,,,,,,,,,,,,,,,,,,,,,,,,,,,,,,,,,,,,,,,
,,,,,,,,,,stimuli/images/PICTURE_297.png,BODY,5f08dafa392f74145122c0ee,13/10/1999,2020-08-27_18h40.23.296,proactive3.1,2020.1.2,Win32,60,5f47c29a48bd2a1e651a6eb7,5f47ede75080c61345c5990b,4,,,,,,aeroplane,,,,,,0,35,35,51,1,6,2,,,,,,,,,,,,,,,,,,,,,,,,,,,,,,,,,,,,,,,,,,,,,,,,,,,,,,,,,,,,,,,,,,,,,,,,,,,,,,,,,,,,,,,,,,,,,,,,,,,,,,,,,,,,,
,,,,,,,,,,stimuli/images/PICTURE_504.png,HOUSE,5f08dafa392f74145122c0ee,13/10/1999,2020-08-27_18h40.23.296,proactive3.1,2020.1.2,Win32,60,5f47c29a48bd2a1e651a6eb7,5f47ede75080c61345c5990b,4,,,,,,wheel,,,,,,0,36,36,36,1,4,2,,,,,,,,,,,,,,,,,,,,,,,,,,,,,,,,,,,,,,,,,,,,,,,,,,,,,,,,,,,,,,,,,,,,,,,,,,,,,,,,,,,,,,,,,,,,,,,,,,,,,,,,,,,,,
,,,,,,,,,,stimuli/images/PICTURE_677.png,FAMILY,5f08dafa392f74145122c0ee,13/10/1999,2020-08-27_18h40.23.296,proactive3.1,2020.1.2,Win32,60,5f47c29a48bd2a1e651a6eb7,5f47ede75080c61345c5990b,4,,,,,,map,,,,,,0,37,37,53,1,6,2,,,,,,,,,,,,,,,,,,,,,,,,,,,,,,,,,,,,,,,,,,,,,,,,,,,,,,,,,,,,,,,,,,,,,,,,,,,,,,,,,,,,,,,,,,,,,,,,,,,,,,,,,,,,,
,,,,,,,,,,stimuli/images/PICTURE_311.png,TOILET,5f08dafa392f74145122c0ee,13/10/1999,2020-08-27_18h40.23.296,proactive3.1,2020.1.2,Win32,60,5f47c29a48bd2a1e651a6eb7,5f47ede75080c61345c5990b,4,,,,,,razor,,,,,,0,38,38,54,1,6,2,,,,,,,,,,,,,,,,,,,,,,,,,,,,,,,,,,,,,,,,,,,,,,,,,,,,,,,,,,,,,,,,,,,,,,,,,,,,,,,,,,,,,,,,,,,,,,,,,,,,,,,,,,,,,
,,,,,,,,,,stimuli/images/PICTURE_296.png,CLOCK,5f08dafa392f74145122c0ee,13/10/1999,2020-08-27_18h40.23.296,proactive3.1,2020.1.2,Win32,60,5f47c29a48bd2a1e651a6eb7,5f47ede75080c61345c5990b,4,,,,,,bolt,,,,,,0,39,39,18,1,2,2,,,,,,,,,,,,,,,,,,,,,,,,,,,,,,,,,,,,,,,,,,,,,,,,,,,,,,,,,,,,,,,,,,,,,,,,,,,,,,,,,,,,,,,,,,,,,,,,,,,,,,,,,,,,,
,,,,,,,,,,stimuli/images/PICTURE_470.png,BEAUTY,5f08dafa392f74145122c0ee,13/10/1999,2020-08-27_18h40.23.296,proactive3.1,2020.1.2,Win32,60,5f47c29a48bd2a1e651a6eb7,5f47ede75080c61345c5990b,4,,,,,,motorbike,,,,,,0,40,40,26,1,3,2,,,,,,,,,,,,,,,,,,,,,,,,,,,,,,,,,,,,,,,,,,,,,,,,,,,,,,,,,,,,,,,,,,,,,,,,,,,,,,,,,,,,,,,,,,,,,,,,,,,,,,,,,,,,,
,,,,,,,,,,stimuli/images/PICTURE_470.png,MOMENT,5f08dafa392f74145122c0ee,13/10/1999,2020-08-27_18h40.23.296,proactive3.1,2020.1.2,Win32,60,5f47c29a48bd2a1e651a6eb7,5f47ede75080c61345c5990b,4,,,,,,motorbike,,,,,,0,41,41,40,1,5,2,,,,,,,,,,,,,,,,,,,,,,,,,,,,,,,,,,,,,,,,,,,,,,,,,,,,,,,,,,,,,,,,,,,,,,,,,,,,,,,,,,,,,,,,,,,,,,,,,,,,,,,,,,,,,
,,,,,,,,,,stimuli/images/PICTURE_2.png,JUNGLE,5f08dafa392f74145122c0ee,13/10/1999,2020-08-27_18h40.23.296,proactive3.1,2020.1.2,Win32,60,5f47c29a48bd2a1e651a6eb7,5f47ede75080c61345c5990b,4,,,,,,tyre,,,,,,0,42,42,1,1,1,2,,,,,,,,,,,,,,,,,,,,,,,,,,,,,,,,,,,,,,,,,,,,,,,,,,,,,,,,,,,,,,,,,,,,,,,,,,,,,,,,,,,,,,,,,,,,,,,,,,,,,,,,,,,,,
,,,,,,,,,,stimuli/images/PICTURE_356.png,CANDY,5f08dafa392f74145122c0ee,13/10/1999,2020-08-27_18h40.23.296,proactive3.1,2020.1.2,Win32,60,5f47c29a48bd2a1e651a6eb7,5f47ede75080c61345c5990b,4,,,,,,pawn,,,,,,0,43,43,46,1,5,2,,,,,,,,,,,,,,,,,,,,,,,,,,,,,,,,,,,,,,,,,,,,,,,,,,,,,,,,,,,,,,,,,,,,,,,,,,,,,,,,,,,,,,,,,,,,,,,,,,,,,,,,,,,,,
,,,,,,,,,,stimuli/images/PICTURE_160.png,HOTEL,5f08dafa392f74145122c0ee,13/10/1999,2020-08-27_18h40.23.296,proactive3.1,2020.1.2,Win32,60,5f47c29a48bd2a1e651a6eb7,5f47ede75080c61345c5990b,4,,,,,,wheelbarrow,,,,,,0,44,44,16,1,2,2,,,,,,,,,,,,,,,,,,,,,,,,,,,,,,,,,,,,,,,,,,,,,,,,,,,,,,,,,,,,,,,,,,,,,,,,,,,,,,,,,,,,,,,,,,,,,,,,,,,,,,,,,,,,,
,,,,,,,,,,stimuli/images/PICTURE_655.png,SALE,5f08dafa392f74145122c0ee,13/10/1999,2020-08-27_18h40.23.296,proactive3.1,2020.1.2,Win32,60,5f47c29a48bd2a1e651a6eb7,5f47ede75080c61345c5990b,4,,,,,,megaphone,,,,,,0,45,45,57,1,6,2,,,,,,,,,,,,,,,,,,,,,,,,,,,,,,,,,,,,,,,,,,,,,,,,,,,,,,,,,,,,,,,,,,,,,,,,,,,,,,,,,,,,,,,,,,,,,,,,,,,,,,,,,,,,,
,,,,,,,,,,stimuli/images/PICTURE_708.png,VALLEY,5f08dafa392f74145122c0ee,13/10/1999,2020-08-27_18h40.23.296,proactive3.1,2020.1.2,Win32,60,5f47c29a48bd2a1e651a6eb7,5f47ede75080c61345c5990b,4,,,,,,monkey,,,,,,0,46,46,45,1,5,2,,,,,,,,,,,,,,,,,,,,,,,,,,,,,,,,,,,,,,,,,,,,,,,,,,,,,,,,,,,,,,,,,,,,,,,,,,,,,,,,,,,,,,,,,,,,,,,,,,,,,,,,,,,,,
,,,,,,,,,,stimuli/images/PICTURE_141.png,CLIENT,5f08dafa392f74145122c0ee,13/10/1999,2020-08-27_18h40.23.296,proactive3.1,2020.1.2,Win32,60,5f47c29a48bd2a1e651a6eb7,5f47ede75080c61345c5990b,4,,,,,,sunflower,,,,,,0,47,47,30,1,4,2,,,,,,,,,,,,,,,,,,,,,,,,,,,,,,,,,,,,,,,,,,,,,,,,,,,,,,,,,,,,,,,,,,,,,,,,,,,,,,,,,,,,,,,,,,,,,,,,,,,,,,,,,,,,,
,,,,,,,,,,stimuli/images/PICTURE_32.png,LETTER,5f08dafa392f74145122c0ee,13/10/1999,2020-08-27_18h40.23.296,proactive3.1,2020.1.2,Win32,60,5f47c29a48bd2a1e651a6eb7,5f47ede75080c61345c5990b,4,,,,,,crown,,,,,,0,48,48,56,1,6,2,,,,,,,,,,,,,,,,,,,,,,,,,,,,,,,,,,,,,,,,,,,,,,,,,,,,,,,,,,,,,,,,,,,,,,,,,,,,,,,,,,,,,,,,,,,,,,,,,,,,,,,,,,,,,
,,,,,,,,,,stimuli/images/PICTURE_57.png,NATION,5f08dafa392f74145122c0ee,13/10/1999,2020-08-27_18h40.23.296,proactive3.1,2020.1.2,Win32,60,5f47c29a48bd2a1e651a6eb7,5f47ede75080c61345c5990b,4,,,,,,stamp,,,,,,0,49,49,21,1,3,2,,,,,,,,,,,,,,,,,,,,,,,,,,,,,,,,,,,,,,,,,,,,,,,,,,,,,,,,,,,,,,,,,,,,,,,,,,,,,,,,,,,,,,,,,,,,,,,,,,,,,,,,,,,,,
,,,,,,,,,,stimuli/images/PICTURE_487.png,POLICY,5f08dafa392f74145122c0ee,13/10/1999,2020-08-27_18h40.23.296,proactive3.1,2020.1.2,Win32,60,5f47c29a48bd2a1e651a6eb7,5f47ede75080c61345c5990b,4,,,,,,basket,,,,,,0,50,50,34,1,4,2,,,,,,,,,,,,,,,,,,,,,,,,,,,,,,,,,,,,,,,,,,,,,,,,,,,,,,,,,,,,,,,,,,,,,,,,,,,,,,,,,,,,,,,,,,,,,,,,,,,,,,,,,,,,,
,,,,,,,,,,stimuli/images/PICTURE_57.png,CASINO,5f08dafa392f74145122c0ee,13/10/1999,2020-08-27_18h40.23.296,proactive3.1,2020.1.2,Win32,60,5f47c29a48bd2a1e651a6eb7,5f47ede75080c61345c5990b,4,,,,,,stamp,,,,,,0,51,51,12,1,2,2,,,,,,,,,,,,,,,,,,,,,,,,,,,,,,,,,,,,,,,,,,,,,,,,,,,,,,,,,,,,,,,,,,,,,,,,,,,,,,,,,,,,,,,,,,,,,,,,,,,,,,,,,,,,,
,,,,,,,,,,stimuli/images/PICTURE_311.png,FLESH,5f08dafa392f74145122c0ee,13/10/1999,2020-08-27_18h40.23.296,proactive3.1,2020.1.2,Win32,60,5f47c29a48bd2a1e651a6eb7,5f47ede75080c61345c5990b,4,,,,,,razor,,,,,,0,52,52,3,1,1,2,,,,,,,,,,,,,,,,,,,,,,,,,,,,,,,,,,,,,,,,,,,,,,,,,,,,,,,,,,,,,,,,,,,,,,,,,,,,,,,,,,,,,,,,,,,,,,,,,,,,,,,,,,,,,
,,,,,,,,,,stimuli/images/PICTURE_33.png,COPS,5f08dafa392f74145122c0ee,13/10/1999,2020-08-27_18h40.23.296,proactive3.1,2020.1.2,Win32,60,5f47c29a48bd2a1e651a6eb7,5f47ede75080c61345c5990b,4,,,,,,frame,,,,,,0,53,53,29,1,3,2,,,,,,,,,,,,,,,,,,,,,,,,,,,,,,,,,,,,,,,,,,,,,,,,,,,,,,,,,,,,,,,,,,,,,,,,,,,,,,,,,,,,,,,,,,,,,,,,,,,,,,,,,,,,,
,,,,,,,,,,stimuli/images/PICTURE_688.png,CLOCK,5f08dafa392f74145122c0ee,13/10/1999,2020-08-27_18h40.23.296,proactive3.1,2020.1.2,Win32,60,5f47c29a48bd2a1e651a6eb7,5f47ede75080c61345c5990b,4,,,,,,runner,,,,,,0,54,54,42,1,5,2,,,,,,,,,,,,,,,,,,,,,,,,,,,,,,,,,,,,,,,,,,,,,,,,,,,,,,,,,,,,,,,,,,,,,,,,,,,,,,,,,,,,,,,,,,,,,,,,,,,,,,,,,,,,,
,,,,,,,,,,stimuli/images/PICTURE_452.png,COPS,5f08dafa392f74145122c0ee,13/10/1999,2020-08-27_18h40.23.296,proactive3.1,2020.1.2,Win32,60,5f47c29a48bd2a1e651a6eb7,5f47ede75080c61345c5990b,4,,,,,,watch,,,,,,0,55,55,0,1,1,2,,,,,,,,,,,,,,,,,,,,,,,,,,,,,,,,,,,,,,,,,,,,,,,,,,,,,,,,,,,,,,,,,,,,,,,,,,,,,,,,,,,,,,,,,,,,,,,,,,,,,,,,,,,,,
,,,,,,,,,,stimuli/images/PICTURE_405.png,HOUSE,5f08dafa392f74145122c0ee,13/10/1999,2020-08-27_18h40.23.296,proactive3.1,2020.1.2,Win32,60,5f47c29a48bd2a1e651a6eb7,5f47ede75080c61345c5990b,4,,,,,,anchor,,,,,,0,56,56,2,1,1,2,,,,,,,,,,,,,,,,,,,,,,,,,,,,,,,,,,,,,,,,,,,,,,,,,,,,,,,,,,,,,,,,,,,,,,,,,,,,,,,,,,,,,,,,,,,,,,,,,,,,,,,,,,,,,
,,,,,,,,,,stimuli/images/PICTURE_677.png,PHOTO,5f08dafa392f74145122c0ee,13/10/1999,2020-08-27_18h40.23.296,proactive3.1,2020.1.2,Win32,60,5f47c29a48bd2a1e651a6eb7,5f47ede75080c61345c5990b,4,,,,,,map,,,,,,0,57,57,14,1,2,2,,,,,,,,,,,,,,,,,,,,,,,,,,,,,,,,,,,,,,,,,,,,,,,,,,,,,,,,,,,,,,,,,,,,,,,,,,,,,,,,,,,,,,,,,,,,,,,,,,,,,,,,,,,,,
,,,,,,,,,,stimuli/images/PICTURE_509.png,MILLER,5f08dafa392f74145122c0ee,13/10/1999,2020-08-27_18h40.23.296,proactive3.1,2020.1.2,Win32,60,5f47c29a48bd2a1e651a6eb7,5f47ede75080c61345c5990b,4,,,,,,telephone,,,,,,0,58,58,49,1,5,2,,,,,,,,,,,,,,,,,,,,,,,,,,,,,,,,,,,,,,,,,,,,,,,,,,,,,,,,,,,,,,,,,,,,,,,,,,,,,,,,,,,,,,,,,,,,,,,,,,,,,,,,,,,,,
,,?,0.00128,0,,,,,,stimuli/images/PICTURE_564.png,PLENTY,5f08dafa392f74145122c0ee,13/10/1999,2020-08-27_18h40.23.296,proactive3.1,2020.1.2,Win32,60,5f47c29a48bd2a1e651a6eb7,5f47ede75080c61345c5990b,4,,,,,,spoon,,,,,,,,,,,2,2,0,0,0,11,1,,,,,,,,,,,,,,,,,,,,,,,,,,,,,,,,,,,,,,,,,,,,,,,,,,,,,,,,,,,,,,,,,,,,,,,,,,,,,,,,,,,,,,,,,,,,,,,,,,,,,,,,
,,?,0.000705,0,,,,,,stimuli/images/PICTURE_677.png,FAMILY,5f08dafa392f74145122c0ee,13/10/1999,2020-08-27_18h40.23.296,proactive3.1,2020.1.2,Win32,60,5f47c29a48bd2a1e651a6eb7,5f47ede75080c61345c5990b,4,,,,,,map,,,,,,,,,,,6,2,0,1,1,53,1,,,,,,,,,,,,,,,,,,,,,,,,,,,,,,,,,,,,,,,,,,,,,,,,,,,,,,,,,,,,,,,,,,,,,,,,,,,,,,,,,,,,,,,,,,,,,,,,,,,,,,,,
,,?,0.002155,0,,,,,,stimuli/images/PICTURE_487.png,ROOF,5f08dafa392f74145122c0ee,13/10/1999,2020-08-27_18h40.23.296,proactive3.1,2020.1.2,Win32,60,5f47c29a48bd2a1e651a6eb7,5f47ede75080c61345c5990b,4,,,,,,basket,,,,,,,,,,,6,2,0,2,2,50,1,,,,,,,,,,,,,,,,,,,,,,,,,,,,,,,,,,,,,,,,,,,,,,,,,,,,,,,,,,,,,,,,,,,,,,,,,,,,,,,,,,,,,,,,,,,,,,,,,,,,,,,,
,,?,0.0007,0,,,,,,stimuli/images/PICTURE_177.png,HOUSE,5f08dafa392f74145122c0ee,13/10/1999,2020-08-27_18h40.23.296,proactive3.1,2020.1.2,Win32,60,5f47c29a48bd2a1e651a6eb7,5f47ede75080c61345c5990b,4,,,,,,mushroom,,,,,,,,,,,3,2,0,3,3,25,1,,,,,,,,,,,,,,,,,,,,,,,,,,,,,,,,,,,,,,,,,,,,,,,,,,,,,,,,,,,,,,,,,,,,,,,,,,,,,,,,,,,,,,,,,,,,,,,,,,,,,,,,
,,?,0.000555,0,,,,,,stimuli/images/PICTURE_68.png,KIND,5f08dafa392f74145122c0ee,13/10/1999,2020-08-27_18h40.23.296,proactive3.1,2020.1.2,Win32,60,5f47c29a48bd2a1e651a6eb7,5f47ede75080c61345c5990b,4,,,,,,candle,,,,,,,,,,,3,2,0,4,4,23,1,,,,,,,,,,,,,,,,,,,,,,,,,,,,,,,,,,,,,,,,,,,,,,,,,,,,,,,,,,,,,,,,,,,,,,,,,,,,,,,,,,,,,,,,,,,,,,,,,,,,,,,,
,,?,0.00057,0,,,,,,stimuli/images/PICTURE_57.png,NATION,5f08dafa392f74145122c0ee,13/10/1999,2020-08-27_18h40.23.296,proactive3.1,2020.1.2,Win32,60,5f47c29a48bd2a1e651a6eb7,5f47ede75080c61345c5990b,4,,,,,,stamp,,,,,,,,,,,3,2,0,5,5,21,1,,,,,,,,,,,,,,,,,,,,,,,,,,,,,,,,,,,,,,,,,,,,,,,,,,,,,,,,,,,,,,,,,,,,,,,,,,,,,,,,,,,,,,,,,,,,,,,,,,,,,,,,
,,?,0.000725,0,,,,,,stimuli/images/PICTURE_208.png,SPIRIT,5f08dafa392f74145122c0ee,13/10/1999,2020-08-27_18h40.23.296,proactive3.1,2020.1.2,Win32,60,5f47c29a48bd2a1e651a6eb7,5f47ede75080c61345c5990b,4,,,,,,microphone,,,,,,,,,,,3,2,0,6,6,28,1,,,,,,,,,,,,,,,,,,,,,,,,,,,,,,,,,,,,,,,,,,,,,,,,,,,,,,,,,,,,,,,,,,,,,,,,,,,,,,,,,,,,,,,,,,,,,,,,,,,,,,,,
,,?,0.000595,0,,,,,,stimuli/images/PICTURE_750.png,POLICY,5f08dafa392f74145122c0ee,13/10/1999,2020-08-27_18h40.23.296,proactive3.1,2020.1.2,Win32,60,5f47c29a48bd2a1e651a6eb7,5f47ede75080c61345c5990b,4,,,,,,kettle,,,,,,,,,,,5,2,0,7,7,44,1,,,,,,,,,,,,,,,,,,,,,,,,,,,,,,,,,,,,,,,,,,,,,,,,,,,,,,,,,,,,,,,,,,,,,,,,,,,,,,,,,,,,,,,,,,,,,,,,,,,,,,,,
,,CLIEN,15.00651,0,,,,,,stimuli/images/PICTURE_141.png,CLIENT,5f08dafa392f74145122c0ee,13/10/1999,2020-08-27_18h40.23.296,proactive3.1,2020.1.2,Win32,60,5f47c29a48bd2a1e651a6eb7,5f47ede75080c61345c5990b,4,,,,,,sunflower,,,,,,,,,,,4,2,0,8,8,30,1,,,,,,,,,,,,,,,,,,,,,,,,,,,,,,,,,,,,,,,,,,,,,,,,,,,,,,,,,,,,,,,,,,,,,,,,,,,,,,,,,,,,,,,,,,,,,,,,,,,,,,,,
,,PH,15.0086,0,,,,,,stimuli/images/PICTURE_509.png,APPLE,5f08dafa392f74145122c0ee,13/10/1999,2020-08-27_18h40.23.296,proactive3.1,2020.1.2,Win32,60,5f47c29a48bd2a1e651a6eb7,5f47ede75080c61345c5990b,4,,,,,,telephone,,,,,,,,,,,4,2,0,9,9,38,1,,,,,,,,,,,,,,,,,,,,,,,,,,,,,,,,,,,,,,,,,,,,,,,,,,,,,,,,,,,,,,,,,,,,,,,,,,,,,,,,,,,,,,,,,,,,,,,,,,,,,,,,
,,?,0.00094,0,,,,,,stimuli/images/PICTURE_215.png,LEADER,5f08dafa392f74145122c0ee,13/10/1999,2020-08-27_18h40.23.296,proactive3.1,2020.1.2,Win32,60,5f47c29a48bd2a1e651a6eb7,5f47ede75080c61345c5990b,4,,,,,,boot,,,,,,,,,,,5,2,0,10,10,43,1,,,,,,,,,,,,,,,,,,,,,,,,,,,,,,,,,,,,,,,,,,,,,,,,,,,,,,,,,,,,,,,,,,,,,,,,,,,,,,,,,,,,,,,,,,,,,,,,,,,,,,,,
,,?,0.000605,0,,,,,,stimuli/images/PICTURE_2.png,JUNGLE,5f08dafa392f74145122c0ee,13/10/1999,2020-08-27_18h40.23.296,proactive3.1,2020.1.2,Win32,60,5f47c29a48bd2a1e651a6eb7,5f47ede75080c61345c5990b,4,,,,,,tyre,,,,,,,,,,,1,2,0,11,11,1,1,,,,,,,,,,,,,,,,,,,,,,,,,,,,,,,,,,,,,,,,,,,,,,,,,,,,,,,,,,,,,,,,,,,,,,,,,,,,,,,,,,,,,,,,,,,,,,,,,,,,,,,,
,,?,0.00057,0,,,,,,stimuli/images/PICTURE_708.png,VALLEY,5f08dafa392f74145122c0ee,13/10/1999,2020-08-27_18h40.23.296,proactive3.1,2020.1.2,Win32,60,5f47c29a48bd2a1e651a6eb7,5f47ede75080c61345c5990b,4,,,,,,monkey,,,,,,,,,,,5,2,0,12,12,45,1,,,,,,,,,,,,,,,,,,,,,,,,,,,,,,,,,,,,,,,,,,,,,,,,,,,,,,,,,,,,,,,,,,,,,,,,,,,,,,,,,,,,,,,,,,,,,,,,,,,,,,,,
,,?,0.000555,0,,,,,,stimuli/images/PICTURE_655.png,SALE,5f08dafa392f74145122c0ee,13/10/1999,2020-08-27_18h40.23.296,proactive3.1,2020.1.2,Win32,60,5f47c29a48bd2a1e651a6eb7,5f47ede75080c61345c5990b,4,,,,,,megaphone,,,,,,,,,,,6,2,0,13,13,57,1,,,,,,,,,,,,,,,,,,,,,,,,,,,,,,,,,,,,,,,,,,,,,,,,,,,,,,,,,,,,,,,,,,,,,,,,,,,,,,,,,,,,,,,,,,,,,,,,,,,,,,,,
,,?,0.000615,0,,,,,,stimuli/images/PICTURE_296.png,CLOCK,5f08dafa392f74145122c0ee,13/10/1999,2020-08-27_18h40.23.296,proactive3.1,2020.1.2,Win32,60,5f47c29a48bd2a1e651a6eb7,5f47ede75080c61345c5990b,4,,,,,,bolt,,,,,,,,,,,2,2,0,14,14,18,1,,,,,,,,,,,,,,,,,,,,,,,,,,,,,,,,,,,,,,,,,,,,,,,,,,,,,,,,,,,,,,,,,,,,,,,,,,,,,,,,,,,,,,,,,,,,,,,,,,,,,,,,
,,?,0.000695,0,,,,,,stimuli/images/PICTURE_405.png,JUNGLE,5f08dafa392f74145122c0ee,13/10/1999,2020-08-27_18h40.23.296,proactive3.1,2020.1.2,Win32,60,5f47c29a48bd2a1e651a6eb7,5f47ede75080c61345c5990b,4,,,,,,anchor,,,,,,,,,,,6,2,0,15,15,58,1,,,,,,,,,,,,,,,,,,,,,,,,,,,,,,,,,,,,,,,,,,,,,,,,,,,,,,,,,,,,,,,,,,,,,,,,,,,,,,,,,,,,,,,,,,,,,,,,,,,,,,,,
,,?,0.0006,0,,,,,,stimuli/images/PICTURE_18.png,RIVER,5f08dafa392f74145122c0ee,13/10/1999,2020-08-27_18h40.23.296,proactive3.1,2020.1.2,Win32,60,5f47c29a48bd2a1e651a6eb7,5f47ede75080c61345c5990b,4,,,,,,planet,,,,,,,,,,,3,2,0,16,16,22,1,,,,,,,,,,,,,,,,,,,,,,,,,,,,,,,,,,,,,,,,,,,,,,,,,,,,,,,,,,,,,,,,,,,,,,,,,,,,,,,,,,,,,,,,,,,,,,,,,,,,,,,,
,,?,0.000545,0,,,,,,stimuli/images/PICTURE_509.png,SHOTS,5f08dafa392f74145122c0ee,13/10/1999,2020-08-27_18h40.23.296,proactive3.1,2020.1.2,Win32,60,5f47c29a48bd2a1e651a6eb7,5f47ede75080c61345c5990b,4,,,,,,telephone,,,,,,,,,,,1,2,0,17,17,7,1,,,,,,,,,,,,,,,,,,,,,,,,,,,,,,,,,,,,,,,,,,,,,,,,,,,,,,,,,,,,,,,,,,,,,,,,,,,,,,,,,,,,,,,,,,,,,,,,,,,,,,,,
,,?,0.000745,0,,,,,,stimuli/images/PICTURE_654.png,YEAR,5f08dafa392f74145122c0ee,13/10/1999,2020-08-27_18h40.23.296,proactive3.1,2020.1.2,Win32,60,5f47c29a48bd2a1e651a6eb7,5f47ede75080c61345c5990b,4,,,,,,pencil,,,,,,,,,,,5,2,0,18,18,41,1,,,,,,,,,,,,,,,,,,,,,,,,,,,,,,,,,,,,,,,,,,,,,,,,,,,,,,,,,,,,,,,,,,,,,,,,,,,,,,,,,,,,,,,,,,,,,,,,,,,,,,,,
,,?,0.00062,0,,,,,,stimuli/images/PICTURE_33.png,COPS,5f08dafa392f74145122c0ee,13/10/1999,2020-08-27_18h40.23.296,proactive3.1,2020.1.2,Win32,60,5f47c29a48bd2a1e651a6eb7,5f47ede75080c61345c5990b,4,,,,,,frame,,,,,,,,,,,3,2,0,19,19,29,1,,,,,,,,,,,,,,,,,,,,,,,,,,,,,,,,,,,,,,,,,,,,,,,,,,,,,,,,,,,,,,,,,,,,,,,,,,,,,,,,,,,,,,,,,,,,,,,,,,,,,,,,
,,?,0.000575,0,,,,,,stimuli/images/PICTURE_327.png,LEADER,5f08dafa392f74145122c0ee,13/10/1999,2020-08-27_18h40.23.296,proactive3.1,2020.1.2,Win32,60,5f47c29a48bd2a1e651a6eb7,5f47ede75080c61345c5990b,4,,,,,,helmet,,,,,,,,,,,2,2,0,20,20,17,1,,,,,,,,,,,,,,,,,,,,,,,,,,,,,,,,,,,,,,,,,,,,,,,,,,,,,,,,,,,,,,,,,,,,,,,,,,,,,,,,,,,,,,,,,,,,,,,,,,,,,,,,
,,?,0.00223,0,,,,,,stimuli/images/PICTURE_667.png,GLASS,5f08dafa392f74145122c0ee,13/10/1999,2020-08-27_18h40.23.296,proactive3.1,2020.1.2,Win32,60,5f47c29a48bd2a1e651a6eb7,5f47ede75080c61345c5990b,4,,,,,,daisy,,,,,,,,,,,3,2,0,21,21,27,1,,,,,,,,,,,,,,,,,,,,,,,,,,,,,,,,,,,,,,,,,,,,,,,,,,,,,,,,,,,,,,,,,,,,,,,,,,,,,,,,,,,,,,,,,,,,,,,,,,,,,,,,
,,?,0.00068,0,,,,,,stimuli/images/PICTURE_509.png,BATH,5f08dafa392f74145122c0ee,13/10/1999,2020-08-27_18h40.23.296,proactive3.1,2020.1.2,Win32,60,5f47c29a48bd2a1e651a6eb7,5f47ede75080c61345c5990b,4,,,,,,telephone,,,,,,,,,,,2,2,0,22,22,15,1,,,,,,,,,,,,,,,,,,,,,,,,,,,,,,,,,,,,,,,,,,,,,,,,,,,,,,,,,,,,,,,,,,,,,,,,,,,,,,,,,,,,,,,,,,,,,,,,,,,,,,,,
,,SERIES,8.965965,1,,,,,,stimuli/images/PICTURE_491.png,SERIES,5f08dafa392f74145122c0ee,13/10/1999,2020-08-27_18h40.23.296,proactive3.1,2020.1.2,Win32,60,5f47c29a48bd2a1e651a6eb7,5f47ede75080c61345c5990b,4,,,,,,rug,,,,,,,,,,,4,2,0,23,23,39,1,,,,,,,,,,,,,,,,,,,,,,,,,,,,,,,,,,,,,,,,,,,,,,,,,,,,,,,,,,,,,,,,,,,,,,,,,,,,,,,,,,,,,,,,,,,,,,,,,,,,,,,,
,,?,0.00152,0,,,,,,stimuli/images/PICTURE_2.png,YARD,5f08dafa392f74145122c0ee,13/10/1999,2020-08-27_18h40.23.296,proactive3.1,2020.1.2,Win32,60,5f47c29a48bd2a1e651a6eb7,5f47ede75080c61345c5990b,4,,,,,,tyre,,,,,,,,,,,6,2,0,24,24,55,1,,,,,,,,,,,,,,,,,,,,,,,,,,,,,,,,,,,,,,,,,,,,,,,,,,,,,,,,,,,,,,,,,,,,,,,,,,,,,,,,,,,,,,,,,,,,,,,,,,,,,,,,
,,HOUSE,4.283145,1,,,,,,stimuli/images/PICTURE_504.png,HOUSE,5f08dafa392f74145122c0ee,13/10/1999,2020-08-27_18h40.23.296,proactive3.1,2020.1.2,Win32,60,5f47c29a48bd2a1e651a6eb7,5f47ede75080c61345c5990b,4,,,,,,wheel,,,,,,,,,,,4,2,0,25,25,36,1,,,,,,,,,,,,,,,,,,,,,,,,,,,,,,,,,,,,,,,,,,,,,,,,,,,,,,,,,,,,,,,,,,,,,,,,,,,,,,,,,,,,,,,,,,,,,,,,,,,,,,,,
,,?,0.00175,0,,,,,,stimuli/images/PICTURE_403.png,FAMILY,5f08dafa392f74145122c0ee,13/10/1999,2020-08-27_18h40.23.296,proactive3.1,2020.1.2,Win32,60,5f47c29a48bd2a1e651a6eb7,5f47ede75080c61345c5990b,4,,,,,,cathedral,,,,,,,,,,,1,2,0,26,26,9,1,,,,,,,,,,,,,,,,,,,,,,,,,,,,,,,,,,,,,,,,,,,,,,,,,,,,,,,,,,,,,,,,,,,,,,,,,,,,,,,,,,,,,,,,,,,,,,,,,,,,,,,,
,,?,0.00097,0,,,,,,stimuli/images/PICTURE_405.png,HOUSE,5f08dafa392f74145122c0ee,13/10/1999,2020-08-27_18h40.23.296,proactive3.1,2020.1.2,Win32,60,5f47c29a48bd2a1e651a6eb7,5f47ede75080c61345c5990b,4,,,,,,anchor,,,,,,,,,,,1,2,0,27,27,2,1,,,,,,,,,,,,,,,,,,,,,,,,,,,,,,,,,,,,,,,,,,,,,,,,,,,,,,,,,,,,,,,,,,,,,,,,,,,,,,,,,,,,,,,,,,,,,,,,,,,,,,,,
,,?,0.00071,0,,,,,,stimuli/images/PICTURE_356.png,CANDY,5f08dafa392f74145122c0ee,13/10/1999,2020-08-27_18h40.23.296,proactive3.1,2020.1.2,Win32,60,5f47c29a48bd2a1e651a6eb7,5f47ede75080c61345c5990b,4,,,,,,pawn,,,,,,,,,,,5,2,0,28,28,46,1,,,,,,,,,,,,,,,,,,,,,,,,,,,,,,,,,,,,,,,,,,,,,,,,,,,,,,,,,,,,,,,,,,,,,,,,,,,,,,,,,,,,,,,,,,,,,,,,,,,,,,,,
,,?,0.000555,0,,,,,,stimuli/images/PICTURE_215.png,BOYS,5f08dafa392f74145122c0ee,13/10/1999,2020-08-27_18h40.23.296,proactive3.1,2020.1.2,Win32,60,5f47c29a48bd2a1e651a6eb7,5f47ede75080c61345c5990b,4,,,,,,boot,,,,,,,,,,,3,2,0,29,29,24,1,,,,,,,,,,,,,,,,,,,,,,,,,,,,,,,,,,,,,,,,,,,,,,,,,,,,,,,,,,,,,,,,,,,,,,,,,,,,,,,,,,,,,,,,,,,,,,,,,,,,,,,,
,,?,0.00073,0,,,,,,stimuli/images/PICTURE_160.png,HOTEL,5f08dafa392f74145122c0ee,13/10/1999,2020-08-27_18h40.23.296,proactive3.1,2020.1.2,Win32,60,5f47c29a48bd2a1e651a6eb7,5f47ede75080c61345c5990b,4,,,,,,wheelbarrow,,,,,,,,,,,2,2,0,30,30,16,1,,,,,,,,,,,,,,,,,,,,,,,,,,,,,,,,,,,,,,,,,,,,,,,,,,,,,,,,,,,,,,,,,,,,,,,,,,,,,,,,,,,,,,,,,,,,,,,,,,,,,,,,
,,?,0.000575,0,,,,,,stimuli/images/PICTURE_285.png,WRITER,5f08dafa392f74145122c0ee,13/10/1999,2020-08-27_18h40.23.296,proactive3.1,2020.1.2,Win32,60,5f47c29a48bd2a1e651a6eb7,5f47ede75080c61345c5990b,4,,,,,,carrot,,,,,,,,,,,1,2,0,31,31,6,1,,,,,,,,,,,,,,,,,,,,,,,,,,,,,,,,,,,,,,,,,,,,,,,,,,,,,,,,,,,,,,,,,,,,,,,,,,,,,,,,,,,,,,,,,,,,,,,,,,,,,,,,
,,LEADER,7.976075,1,,,,,,stimuli/images/PICTURE_147.png,LEADER,5f08dafa392f74145122c0ee,13/10/1999,2020-08-27_18h40.23.296,proactive3.1,2020.1.2,Win32,60,5f47c29a48bd2a1e651a6eb7,5f47ede75080c61345c5990b,4,,,,,,hanger,,,,,,,,,,,4,2,0,32,32,33,1,,,,,,,,,,,,,,,,,,,,,,,,,,,,,,,,,,,,,,,,,,,,,,,,,,,,,,,,,,,,,,,,,,,,,,,,,,,,,,,,,,,,,,,,,,,,,,,,,,,,,,,,
,,?,0.001705,0,,,,,,stimuli/images/PICTURE_32.png,LETTER,5f08dafa392f74145122c0ee,13/10/1999,2020-08-27_18h40.23.296,proactive3.1,2020.1.2,Win32,60,5f47c29a48bd2a1e651a6eb7,5f47ede75080c61345c5990b,4,,,,,,crown,,,,,,,,,,,6,2,0,33,33,56,1,,,,,,,,,,,,,,,,,,,,,,,,,,,,,,,,,,,,,,,,,,,,,,,,,,,,,,,,,,,,,,,,,,,,,,,,,,,,,,,,,,,,,,,,,,,,,,,,,,,,,,,,
,,?,0.00057,0,,,,,,stimuli/images/PICTURE_470.png,BEAUTY,5f08dafa392f74145122c0ee,13/10/1999,2020-08-27_18h40.23.296,proactive3.1,2020.1.2,Win32,60,5f47c29a48bd2a1e651a6eb7,5f47ede75080c61345c5990b,4,,,,,,motorbike,,,,,,,,,,,3,2,0,34,34,26,1,,,,,,,,,,,,,,,,,,,,,,,,,,,,,,,,,,,,,,,,,,,,,,,,,,,,,,,,,,,,,,,,,,,,,,,,,,,,,,,,,,,,,,,,,,,,,,,,,,,,,,,,
,,?,0.000645,0,,,,,,stimuli/images/PICTURE_654.png,COPS,5f08dafa392f74145122c0ee,13/10/1999,2020-08-27_18h40.23.296,proactive3.1,2020.1.2,Win32,60,5f47c29a48bd2a1e651a6eb7,5f47ede75080c61345c5990b,4,,,,,,pencil,,,,,,,,,,,2,2,0,35,35,10,1,,,,,,,,,,,,,,,,,,,,,,,,,,,,,,,,,,,,,,,,,,,,,,,,,,,,,,,,,,,,,,,,,,,,,,,,,,,,,,,,,,,,,,,,,,,,,,,,,,,,,,,,
,,?,0.00056,0,,,,,,stimuli/images/PICTURE_311.png,TOILET,5f08dafa392f74145122c0ee,13/10/1999,2020-08-27_18h40.23.296,proactive3.1,2020.1.2,Win32,60,5f47c29a48bd2a1e651a6eb7,5f47ede75080c61345c5990b,4,,,,,,razor,,,,,,,,,,,6,2,0,36,36,54,1,,,,,,,,,,,,,,,,,,,,,,,,,,,,,,,,,,,,,,,,,,,,,,,,,,,,,,,,,,,,,,,,,,,,,,,,,,,,,,,,,,,,,,,,,,,,,,,,,,,,,,,,
,,POLICY,9.33245,1,,,,,,stimuli/images/PICTURE_487.png,POLICY,5f08dafa392f74145122c0ee,13/10/1999,2020-08-27_18h40.23.296,proactive3.1,2020.1.2,Win32,60,5f47c29a48bd2a1e651a6eb7,5f47ede75080c61345c5990b,4,,,,,,basket,,,,,,,,,,,4,2,0,37,37,34,1,,,,,,,,,,,,,,,,,,,,,,,,,,,,,,,,,,,,,,,,,,,,,,,,,,,,,,,,,,,,,,,,,,,,,,,,,,,,,,,,,,,,,,,,,,,,,,,,,,,,,,,,
,,?,0.001,0,,,,,,stimuli/images/PICTURE_297.png,BODY,5f08dafa392f74145122c0ee,13/10/1999,2020-08-27_18h40.23.296,proactive3.1,2020.1.2,Win32,60,5f47c29a48bd2a1e651a6eb7,5f47ede75080c61345c5990b,4,,,,,,aeroplane,,,,,,,,,,,6,2,0,38,38,51,1,,,,,,,,,,,,,,,,,,,,,,,,,,,,,,,,,,,,,,,,,,,,,,,,,,,,,,,,,,,,,,,,,,,,,,,,,,,,,,,,,,,,,,,,,,,,,,,,,,,,,,,,
,,?,0.00063,0,,,,,,stimuli/images/PICTURE_348.png,DUDE,5f08dafa392f74145122c0ee,13/10/1999,2020-08-27_18h40.23.296,proactive3.1,2020.1.2,Win32,60,5f47c29a48bd2a1e651a6eb7,5f47ede75080c61345c5990b,4,,,,,,pepper,,,,,,,,,,,6,2,0,39,39,59,1,,,,,,,,,,,,,,,,,,,,,,,,,,,,,,,,,,,,,,,,,,,,,,,,,,,,,,,,,,,,,,,,,,,,,,,,,,,,,,,,,,,,,,,,,,,,,,,,,,,,,,,,
,,?,0.000605,0,,,,,,stimuli/images/PICTURE_285.png,PRINCE,5f08dafa392f74145122c0ee,13/10/1999,2020-08-27_18h40.23.296,proactive3.1,2020.1.2,Win32,60,5f47c29a48bd2a1e651a6eb7,5f47ede75080c61345c5990b,4,,,,,,carrot,,,,,,,,,,,3,2,0,40,40,20,1,,,,,,,,,,,,,,,,,,,,,,,,,,,,,,,,,,,,,,,,,,,,,,,,,,,,,,,,,,,,,,,,,,,,,,,,,,,,,,,,,,,,,,,,,,,,,,,,,,,,,,,,
,,?,0.00057,0,,,,,,stimuli/images/PICTURE_470.png,MOMENT,5f08dafa392f74145122c0ee,13/10/1999,2020-08-27_18h40.23.296,proactive3.1,2020.1.2,Win32,60,5f47c29a48bd2a1e651a6eb7,5f47ede75080c61345c5990b,4,,,,,,motorbike,,,,,,,,,,,5,2,0,41,41,40,1,,,,,,,,,,,,,,,,,,,,,,,,,,,,,,,,,,,,,,,,,,,,,,,,,,,,,,,,,,,,,,,,,,,,,,,,,,,,,,,,,,,,,,,,,,,,,,,,,,,,,,,,
,,?,0.00054,0,,,,,,stimuli/images/PICTURE_692.png,DUDE,5f08dafa392f74145122c0ee,13/10/1999,2020-08-27_18h40.23.296,proactive3.1,2020.1.2,Win32,60,5f47c29a48bd2a1e651a6eb7,5f47ede75080c61345c5990b,4,,,,,,cherry,,,,,,,,,,,5,2,0,42,42,47,1,,,,,,,,,,,,,,,,,,,,,,,,,,,,,,,,,,,,,,,,,,,,,,,,,,,,,,,,,,,,,,,,,,,,,,,,,,,,,,,,,,,,,,,,,,,,,,,,,,,,,,,,
,,?,0.0006,0,,,,,,stimuli/images/PICTURE_311.png,FLESH,5f08dafa392f74145122c0ee,13/10/1999,2020-08-27_18h40.23.296,proactive3.1,2020.1.2,Win32,60,5f47c29a48bd2a1e651a6eb7,5f47ede75080c61345c5990b,4,,,,,,razor,,,,,,,,,,,1,2,0,43,43,3,1,,,,,,,,,,,,,,,,,,,,,,,,,,,,,,,,,,,,,,,,,,,,,,,,,,,,,,,,,,,,,,,,,,,,,,,,,,,,,,,,,,,,,,,,,,,,,,,,,,,,,,,,
,,?,0.000615,0,,,,,,stimuli/images/PICTURE_677.png,PHOTO,5f08dafa392f74145122c0ee,13/10/1999,2020-08-27_18h40.23.296,proactive3.1,2020.1.2,Win32,60,5f47c29a48bd2a1e651a6eb7,5f47ede75080c61345c5990b,4,,,,,,map,,,,,,,,,,,2,2,0,44,44,14,1,,,,,,,,,,,,,,,,,,,,,,,,,,,,,,,,,,,,,,,,,,,,,,,,,,,,,,,,,,,,,,,,,,,,,,,,,,,,,,,,,,,,,,,,,,,,,,,,,,,,,,,,
,,?,0.00095,0,,,,,,stimuli/images/PICTURE_405.png,JUNGLE,5f08dafa392f74145122c0ee,13/10/1999,2020-08-27_18h40.23.296,proactive3.1,2020.1.2,Win32,60,5f47c29a48bd2a1e651a6eb7,5f47ede75080c61345c5990b,4,,,,,,anchor,,,,,,,,,,,2,2,0,45,45,13,1,,,,,,,,,,,,,,,,,,,,,,,,,,,,,,,,,,,,,,,,,,,,,,,,,,,,,,,,,,,,,,,,,,,,,,,,,,,,,,,,,,,,,,,,,,,,,,,,,,,,,,,,
,,?,0.00062,0,,,,,,stimuli/images/PICTURE_57.png,CANDY,5f08dafa392f74145122c0ee,13/10/1999,2020-08-27_18h40.23.296,proactive3.1,2020.1.2,Win32,60,5f47c29a48bd2a1e651a6eb7,5f47ede75080c61345c5990b,4,,,,,,stamp,,,,,,,,,,,6,2,0,46,46,52,1,,,,,,,,,,,,,,,,,,,,,,,,,,,,,,,,,,,,,,,,,,,,,,,,,,,,,,,,,,,,,,,,,,,,,,,,,,,,,,,,,,,,,,,,,,,,,,,,,,,,,,,,
,,?,0.000665,0,,,,,,stimuli/images/PICTURE_255.png,PENNY,5f08dafa392f74145122c0ee,13/10/1999,2020-08-27_18h40.23.296,proactive3.1,2020.1.2,Win32,60,5f47c29a48bd2a1e651a6eb7,5f47ede75080c61345c5990b,4,,,,,,shovel,,,,,,,,,,,2,2,0,47,47,19,1,,,,,,,,,,,,,,,,,,,,,,,,,,,,,,,,,,,,,,,,,,,,,,,,,,,,,,,,,,,,,,,,,,,,,,,,,,,,,,,,,,,,,,,,,,,,,,,,,,,,,,,,
,,GIRL,5.10117,1,,,,,,stimuli/images/PICTURE_93.png,GIRL,5f08dafa392f74145122c0ee,13/10/1999,2020-08-27_18h40.23.296,proactive3.1,2020.1.2,Win32,60,5f47c29a48bd2a1e651a6eb7,5f47ede75080c61345c5990b,4,,,,,,skateboard,,,,,,,,,,,4,2,0,48,48,31,1,,,,,,,,,,,,,,,,,,,,,,,,,,,,,,,,,,,,,,,,,,,,,,,,,,,,,,,,,,,,,,,,,,,,,,,,,,,,,,,,,,,,,,,,,,,,,,,,,,,,,,,,
,,SPEECH,7.55474,1,,,,,,stimuli/images/PICTURE_314.png,SPEECH,5f08dafa392f74145122c0ee,13/10/1999,2020-08-27_18h40.23.296,proactive3.1,2020.1.2,Win32,60,5f47c29a48bd2a1e651a6eb7,5f47ede75080c61345c5990b,4,,,,,,perfume,,,,,,,,,,,4,2,0,49,49,35,1,,,,,,,,,,,,,,,,,,,,,,,,,,,,,,,,,,,,,,,,,,,,,,,,,,,,,,,,,,,,,,,,,,,,,,,,,,,,,,,,,,,,,,,,,,,,,,,,,,,,,,,,
,,?,0.001215,0,,,,,,stimuli/images/PICTURE_348.png,TOILET,5f08dafa392f74145122c0ee,13/10/1999,2020-08-27_18h40.23.296,proactive3.1,2020.1.2,Win32,60,5f47c29a48bd2a1e651a6eb7,5f47ede75080c61345c5990b,4,,,,,,pepper,,,,,,,,,,,1,2,0,50,50,4,1,,,,,,,,,,,,,,,,,,,,,,,,,,,,,,,,,,,,,,,,,,,,,,,,,,,,,,,,,,,,,,,,,,,,,,,,,,,,,,,,,,,,,,,,,,,,,,,,,,,,,,,,
,,?,0.00064,0,,,,,,stimuli/images/PICTURE_453.png,FAMILY,5f08dafa392f74145122c0ee,13/10/1999,2020-08-27_18h40.23.296,proactive3.1,2020.1.2,Win32,60,5f47c29a48bd2a1e651a6eb7,5f47ede75080c61345c5990b,4,,,,,,scissors,,,,,,,,,,,5,2,0,51,51,48,1,,,,,,,,,,,,,,,,,,,,,,,,,,,,,,,,,,,,,,,,,,,,,,,,,,,,,,,,,,,,,,,,,,,,,,,,,,,,,,,,,,,,,,,,,,,,,,,,,,,,,,,,
,,AREA,3.19713,1,,,,,,stimuli/images/PICTURE_2.png,AREA,5f08dafa392f74145122c0ee,13/10/1999,2020-08-27_18h40.23.296,proactive3.1,2020.1.2,Win32,60,5f47c29a48bd2a1e651a6eb7,5f47ede75080c61345c5990b,4,,,,,,tyre,,,,,,,,,,,4,2,0,52,52,32,1,,,,,,,,,,,,,,,,,,,,,,,,,,,,,,,,,,,,,,,,,,,,,,,,,,,,,,,,,,,,,,,,,,,,,,,,,,,,,,,,,,,,,,,,,,,,,,,,,,,,,,,,
,,?,0.00196,0,,,,,,stimuli/images/PICTURE_215.png,FOOD,5f08dafa392f74145122c0ee,13/10/1999,2020-08-27_18h40.23.296,proactive3.1,2020.1.2,Win32,60,5f47c29a48bd2a1e651a6eb7,5f47ede75080c61345c5990b,4,,,,,,boot,,,,,,,,,,,1,2,0,53,53,5,1,,,,,,,,,,,,,,,,,,,,,,,,,,,,,,,,,,,,,,,,,,,,,,,,,,,,,,,,,,,,,,,,,,,,,,,,,,,,,,,,,,,,,,,,,,,,,,,,,,,,,,,,
,,?,0.00211,0,,,,,,stimuli/images/PICTURE_57.png,CASINO,5f08dafa392f74145122c0ee,13/10/1999,2020-08-27_18h40.23.296,proactive3.1,2020.1.2,Win32,60,5f47c29a48bd2a1e651a6eb7,5f47ede75080c61345c5990b,4,,,,,,stamp,,,,,,,,,,,2,2,0,54,54,12,1,,,,,,,,,,,,,,,,,,,,,,,,,,,,,,,,,,,,,,,,,,,,,,,,,,,,,,,,,,,,,,,,,,,,,,,,,,,,,,,,,,,,,,,,,,,,,,,,,,,,,,,,
,,?,0.001215,0,,,,,,stimuli/images/PICTURE_452.png,COPS,5f08dafa392f74145122c0ee,13/10/1999,2020-08-27_18h40.23.296,proactive3.1,2020.1.2,Win32,60,5f47c29a48bd2a1e651a6eb7,5f47ede75080c61345c5990b,4,,,,,,watch,,,,,,,,,,,1,2,0,55,55,0,1,,,,,,,,,,,,,,,,,,,,,,,,,,,,,,,,,,,,,,,,,,,,,,,,,,,,,,,,,,,,,,,,,,,,,,,,,,,,,,,,,,,,,,,,,,,,,,,,,,,,,,,,
,,NIGHT,14.11165,1,,,,,,stimuli/images/PICTURE_95.png,NIGHT,5f08dafa392f74145122c0ee,13/10/1999,2020-08-27_18h40.23.296,proactive3.1,2020.1.2,Win32,60,5f47c29a48bd2a1e651a6eb7,5f47ede75080c61345c5990b,4,,,,,,suitcase,,,,,,,,,,,4,2,0,56,56,37,1,,,,,,,,,,,,,,,,,,,,,,,,,,,,,,,,,,,,,,,,,,,,,,,,,,,,,,,,,,,,,,,,,,,,,,,,,,,,,,,,,,,,,,,,,,,,,,,,,,,,,,,,
,,?,0.001725,0,,,,,,stimuli/images/PICTURE_688.png,CLOCK,5f08dafa392f74145122c0ee,13/10/1999,2020-08-27_18h40.23.296,proactive3.1,2020.1.2,Win32,60,5f47c29a48bd2a1e651a6eb7,5f47ede75080c61345c5990b,4,,,,,,runner,,,,,,,,,,,5,2,0,57,57,42,1,,,,,,,,,,,,,,,,,,,,,,,,,,,,,,,,,,,,,,,,,,,,,,,,,,,,,,,,,,,,,,,,,,,,,,,,,,,,,,,,,,,,,,,,,,,,,,,,,,,,,,,,
,,?,0.000625,0,,,,,,stimuli/images/PICTURE_509.png,MILLER,5f08dafa392f74145122c0ee,13/10/1999,2020-08-27_18h40.23.296,proactive3.1,2020.1.2,Win32,60,5f47c29a48bd2a1e651a6eb7,5f47ede75080c61345c5990b,4,,,,,,telephone,,,,,,,,,,,5,2,0,58,58,49,1,,,,,,,,,,,,,,,,,,,,,,,,,,,,,,,,,,,,,,,,,,,,,,,,,,,,,,,,,,,,,,,,,,,,,,,,,,,,,,,,,,,,,,,,,,,,,,,,,,,,,,,,
,,?,0.00056,0,,,,,,stimuli/images/PICTURE_123.png,SALE,5f08dafa392f74145122c0ee,13/10/1999,2020-08-27_18h40.23.296,proactive3.1,2020.1.2,Win32,60,5f47c29a48bd2a1e651a6eb7,5f47ede75080c61345c5990b,4,,,,,,dart,,,,,,,,,,,1,2,0,59,59,8,1,,,,,,,,,,,,,,,,,,,,,,,,,,,,,,,,,,,,,,,,,,,,,,,,,,,,,,,,,,,,,,,,,,,,,,,,,,,,,,,,,,,,,,,,,,,,,,,,,,,,,,,,
,,,,,,,,,,,,5f08dafa392f74145122c0ee,13/10/1999,2020-08-27_18h40.23.296,proactive3.1,2020.1.2,Win32,60,5f47c29a48bd2a1e651a6eb7,5f47ede75080c61345c5990b,4,,,,,,,,,,,,,,,,,,,,,,,,,,,,,,space,71.119325,0,0,0,0,1,,,,,,,,,,,,,,,,,,,,,,,,,,,,,,,,,,,,,,,,,,,,,,,,,,,,,,,,,,,,,,,,,,,,,,,,,,,,,,,,,,,,,,,,,,,
,,,,,,,,,,stimuli/images/PICTURE_654.png,YEAR,5f08dafa392f74145122c0ee,13/10/1999,2020-08-27_18h40.23.296,proactive3.1,2020.1.2,Win32,60,5f47c29a48bd2a1e651a6eb7,5f47ede75080c61345c5990b,4,,,,,,pencil,,,,,,0,0,0,41,1,5,2,,,,,,,,,,,,,,,,,,,,,,,,,,,,,,,,,,,,,,,,,,,,,,,,,,,,,,,,,,,,,,,,,,,,,,,,,,,,,,,,,,,,,,,,,,,,,,,,,,,,,,,,,,,,,
,,,,,,,,,,stimuli/images/PICTURE_296.png,CLOCK,5f08dafa392f74145122c0ee,13/10/1999,2020-08-27_18h40.23.296,proactive3.1,2020.1.2,Win32,60,5f47c29a48bd2a1e651a6eb7,5f47ede75080c61345c5990b,4,,,,,,bolt,,,,,,0,1,1,18,1,2,2,,,,,,,,,,,,,,,,,,,,,,,,,,,,,,,,,,,,,,,,,,,,,,,,,,,,,,,,,,,,,,,,,,,,,,,,,,,,,,,,,,,,,,,,,,,,,,,,,,,,,,,,,,,,,
,,,,,,,,,,stimuli/images/PICTURE_314.png,SPEECH,5f08dafa392f74145122c0ee,13/10/1999,2020-08-27_18h40.23.296,proactive3.1,2020.1.2,Win32,60,5f47c29a48bd2a1e651a6eb7,5f47ede75080c61345c5990b,4,,,,,,perfume,,,,,,0,2,2,35,1,4,2,,,,,,,,,,,,,,,,,,,,,,,,,,,,,,,,,,,,,,,,,,,,,,,,,,,,,,,,,,,,,,,,,,,,,,,,,,,,,,,,,,,,,,,,,,,,,,,,,,,,,,,,,,,,,
,,,,,,,,,,stimuli/images/PICTURE_215.png,LEADER,5f08dafa392f74145122c0ee,13/10/1999,2020-08-27_18h40.23.296,proactive3.1,2020.1.2,Win32,60,5f47c29a48bd2a1e651a6eb7,5f47ede75080c61345c5990b,4,,,,,,boot,,,,,,0,3,3,43,1,5,2,,,,,,,,,,,,,,,,,,,,,,,,,,,,,,,,,,,,,,,,,,,,,,,,,,,,,,,,,,,,,,,,,,,,,,,,,,,,,,,,,,,,,,,,,,,,,,,,,,,,,,,,,,,,,
,,,,,,,,,,stimuli/images/PICTURE_123.png,SALE,5f08dafa392f74145122c0ee,13/10/1999,2020-08-27_18h40.23.296,proactive3.1,2020.1.2,Win32,60,5f47c29a48bd2a1e651a6eb7,5f47ede75080c61345c5990b,4,,,,,,dart,,,,,,0,4,4,8,1,1,2,,,,,,,,,,,,,,,,,,,,,,,,,,,,,,,,,,,,,,,,,,,,,,,,,,,,,,,,,,,,,,,,,,,,,,,,,,,,,,,,,,,,,,,,,,,,,,,,,,,,,,,,,,,,,
,,,,,,,,,,stimuli/images/PICTURE_655.png,SALE,5f08dafa392f74145122c0ee,13/10/1999,2020-08-27_18h40.23.296,proactive3.1,2020.1.2,Win32,60,5f47c29a48bd2a1e651a6eb7,5f47ede75080c61345c5990b,4,,,,,,megaphone,,,,,,0,5,5,57,1,6,2,,,,,,,,,,,,,,,,,,,,,,,,,,,,,,,,,,,,,,,,,,,,,,,,,,,,,,,,,,,,,,,,,,,,,,,,,,,,,,,,,,,,,,,,,,,,,,,,,,,,,,,,,,,,,
,,,,,,,,,,stimuli/images/PICTURE_285.png,PRINCE,5f08dafa392f74145122c0ee,13/10/1999,2020-08-27_18h40.23.296,proactive3.1,2020.1.2,Win32,60,5f47c29a48bd2a1e651a6eb7,5f47ede75080c61345c5990b,4,,,,,,carrot,,,,,,0,6,6,20,1,3,2,,,,,,,,,,,,,,,,,,,,,,,,,,,,,,,,,,,,,,,,,,,,,,,,,,,,,,,,,,,,,,,,,,,,,,,,,,,,,,,,,,,,,,,,,,,,,,,,,,,,,,,,,,,,,
,,,,,,,,,,stimuli/images/PICTURE_509.png,SHOTS,5f08dafa392f74145122c0ee,13/10/1999,2020-08-27_18h40.23.296,proactive3.1,2020.1.2,Win32,60,5f47c29a48bd2a1e651a6eb7,5f47ede75080c61345c5990b,4,,,,,,telephone,,,,,,0,7,7,7,1,1,2,,,,,,,,,,,,,,,,,,,,,,,,,,,,,,,,,,,,,,,,,,,,,,,,,,,,,,,,,,,,,,,,,,,,,,,,,,,,,,,,,,,,,,,,,,,,,,,,,,,,,,,,,,,,,
,,,,,,,,,,stimuli/images/PICTURE_405.png,JUNGLE,5f08dafa392f74145122c0ee,13/10/1999,2020-08-27_18h40.23.296,proactive3.1,2020.1.2,Win32,60,5f47c29a48bd2a1e651a6eb7,5f47ede75080c61345c5990b,4,,,,,,anchor,,,,,,0,8,8,13,1,2,2,,,,,,,,,,,,,,,,,,,,,,,,,,,,,,,,,,,,,,,,,,,,,,,,,,,,,,,,,,,,,,,,,,,,,,,,,,,,,,,,,,,,,,,,,,,,,,,,,,,,,,,,,,,,,
,,,,,,,,,,stimuli/images/PICTURE_708.png,VALLEY,5f08dafa392f74145122c0ee,13/10/1999,2020-08-27_18h40.23.296,proactive3.1,2020.1.2,Win32,60,5f47c29a48bd2a1e651a6eb7,5f47ede75080c61345c5990b,4,,,,,,monkey,,,,,,0,9,9,45,1,5,2,,,,,,,,,,,,,,,,,,,,,,,,,,,,,,,,,,,,,,,,,,,,,,,,,,,,,,,,,,,,,,,,,,,,,,,,,,,,,,,,,,,,,,,,,,,,,,,,,,,,,,,,,,,,,
,,,,,,,,,,stimuli/images/PICTURE_654.png,COPS,5f08dafa392f74145122c0ee,13/10/1999,2020-08-27_18h40.23.296,proactive3.1,2020.1.2,Win32,60,5f47c29a48bd2a1e651a6eb7,5f47ede75080c61345c5990b,4,,,,,,pencil,,,,,,0,10,10,10,1,2,2,,,,,,,,,,,,,,,,,,,,,,,,,,,,,,,,,,,,,,,,,,,,,,,,,,,,,,,,,,,,,,,,,,,,,,,,,,,,,,,,,,,,,,,,,,,,,,,,,,,,,,,,,,,,,
,,,,,,,,,,stimuli/images/PICTURE_509.png,APPLE,5f08dafa392f74145122c0ee,13/10/1999,2020-08-27_18h40.23.296,proactive3.1,2020.1.2,Win32,60,5f47c29a48bd2a1e651a6eb7,5f47ede75080c61345c5990b,4,,,,,,telephone,,,,,,0,11,11,38,1,4,2,,,,,,,,,,,,,,,,,,,,,,,,,,,,,,,,,,,,,,,,,,,,,,,,,,,,,,,,,,,,,,,,,,,,,,,,,,,,,,,,,,,,,,,,,,,,,,,,,,,,,,,,,,,,,
,,,,,,,,,,stimuli/images/PICTURE_667.png,GLASS,5f08dafa392f74145122c0ee,13/10/1999,2020-08-27_18h40.23.296,proactive3.1,2020.1.2,Win32,60,5f47c29a48bd2a1e651a6eb7,5f47ede75080c61345c5990b,4,,,,,,daisy,,,,,,0,12,12,27,1,3,2,,,,,,,,,,,,,,,,,,,,,,,,,,,,,,,,,,,,,,,,,,,,,,,,,,,,,,,,,,,,,,,,,,,,,,,,,,,,,,,,,,,,,,,,,,,,,,,,,,,,,,,,,,,,,
,,,,,,,,,,stimuli/images/PICTURE_160.png,HOTEL,5f08dafa392f74145122c0ee,13/10/1999,2020-08-27_18h40.23.296,proactive3.1,2020.1.2,Win32,60,5f47c29a48bd2a1e651a6eb7,5f47ede75080c61345c5990b,4,,,,,,wheelbarrow,,,,,,0,13,13,16,1,2,2,,,,,,,,,,,,,,,,,,,,,,,,,,,,,,,,,,,,,,,,,,,,,,,,,,,,,,,,,,,,,,,,,,,,,,,,,,,,,,,,,,,,,,,,,,,,,,,,,,,,,,,,,,,,,
,,,,,,,,,,stimuli/images/PICTURE_405.png,JUNGLE,5f08dafa392f74145122c0ee,13/10/1999,2020-08-27_18h40.23.296,proactive3.1,2020.1.2,Win32,60,5f47c29a48bd2a1e651a6eb7,5f47ede75080c61345c5990b,4,,,,,,anchor,,,,,,0,14,14,58,1,6,2,,,,,,,,,,,,,,,,,,,,,,,,,,,,,,,,,,,,,,,,,,,,,,,,,,,,,,,,,,,,,,,,,,,,,,,,,,,,,,,,,,,,,,,,,,,,,,,,,,,,,,,,,,,,,
,,,,,,,,,,stimuli/images/PICTURE_297.png,BODY,5f08dafa392f74145122c0ee,13/10/1999,2020-08-27_18h40.23.296,proactive3.1,2020.1.2,Win32,60,5f47c29a48bd2a1e651a6eb7,5f47ede75080c61345c5990b,4,,,,,,aeroplane,,,,,,0,15,15,51,1,6,2,,,,,,,,,,,,,,,,,,,,,,,,,,,,,,,,,,,,,,,,,,,,,,,,,,,,,,,,,,,,,,,,,,,,,,,,,,,,,,,,,,,,,,,,,,,,,,,,,,,,,,,,,,,,,
,,,,,,,,,,stimuli/images/PICTURE_2.png,YARD,5f08dafa392f74145122c0ee,13/10/1999,2020-08-27_18h40.23.296,proactive3.1,2020.1.2,Win32,60,5f47c29a48bd2a1e651a6eb7,5f47ede75080c61345c5990b,4,,,,,,tyre,,,,,,0,16,16,55,1,6,2,,,,,,,,,,,,,,,,,,,,,,,,,,,,,,,,,,,,,,,,,,,,,,,,,,,,,,,,,,,,,,,,,,,,,,,,,,,,,,,,,,,,,,,,,,,,,,,,,,,,,,,,,,,,,
,,,,,,,,,,stimuli/images/PICTURE_470.png,BEAUTY,5f08dafa392f74145122c0ee,13/10/1999,2020-08-27_18h40.23.296,proactive3.1,2020.1.2,Win32,60,5f47c29a48bd2a1e651a6eb7,5f47ede75080c61345c5990b,4,,,,,,motorbike,,,,,,0,17,17,26,1,3,2,,,,,,,,,,,,,,,,,,,,,,,,,,,,,,,,,,,,,,,,,,,,,,,,,,,,,,,,,,,,,,,,,,,,,,,,,,,,,,,,,,,,,,,,,,,,,,,,,,,,,,,,,,,,,
,,,,,,,,,,stimuli/images/PICTURE_255.png,PENNY,5f08dafa392f74145122c0ee,13/10/1999,2020-08-27_18h40.23.296,proactive3.1,2020.1.2,Win32,60,5f47c29a48bd2a1e651a6eb7,5f47ede75080c61345c5990b,4,,,,,,shovel,,,,,,0,18,18,19,1,2,2,,,,,,,,,,,,,,,,,,,,,,,,,,,,,,,,,,,,,,,,,,,,,,,,,,,,,,,,,,,,,,,,,,,,,,,,,,,,,,,,,,,,,,,,,,,,,,,,,,,,,,,,,,,,,
,,,,,,,,,,stimuli/images/PICTURE_504.png,HOUSE,5f08dafa392f74145122c0ee,13/10/1999,2020-08-27_18h40.23.296,proactive3.1,2020.1.2,Win32,60,5f47c29a48bd2a1e651a6eb7,5f47ede75080c61345c5990b,4,,,,,,wheel,,,,,,0,19,19,36,1,4,2,,,,,,,,,,,,,,,,,,,,,,,,,,,,,,,,,,,,,,,,,,,,,,,,,,,,,,,,,,,,,,,,,,,,,,,,,,,,,,,,,,,,,,,,,,,,,,,,,,,,,,,,,,,,,
,,,,,,,,,,stimuli/images/PICTURE_208.png,SPIRIT,5f08dafa392f74145122c0ee,13/10/1999,2020-08-27_18h40.23.296,proactive3.1,2020.1.2,Win32,60,5f47c29a48bd2a1e651a6eb7,5f47ede75080c61345c5990b,4,,,,,,microphone,,,,,,0,20,20,28,1,3,2,,,,,,,,,,,,,,,,,,,,,,,,,,,,,,,,,,,,,,,,,,,,,,,,,,,,,,,,,,,,,,,,,,,,,,,,,,,,,,,,,,,,,,,,,,,,,,,,,,,,,,,,,,,,,
,,,,,,,,,,stimuli/images/PICTURE_452.png,COPS,5f08dafa392f74145122c0ee,13/10/1999,2020-08-27_18h40.23.296,proactive3.1,2020.1.2,Win32,60,5f47c29a48bd2a1e651a6eb7,5f47ede75080c61345c5990b,4,,,,,,watch,,,,,,0,21,21,0,1,1,2,,,,,,,,,,,,,,,,,,,,,,,,,,,,,,,,,,,,,,,,,,,,,,,,,,,,,,,,,,,,,,,,,,,,,,,,,,,,,,,,,,,,,,,,,,,,,,,,,,,,,,,,,,,,,
,,,,,,,,,,stimuli/images/PICTURE_285.png,WRITER,5f08dafa392f74145122c0ee,13/10/1999,2020-08-27_18h40.23.296,proactive3.1,2020.1.2,Win32,60,5f47c29a48bd2a1e651a6eb7,5f47ede75080c61345c5990b,4,,,,,,carrot,,,,,,0,22,22,6,1,1,2,,,,,,,,,,,,,,,,,,,,,,,,,,,,,,,,,,,,,,,,,,,,,,,,,,,,,,,,,,,,,,,,,,,,,,,,,,,,,,,,,,,,,,,,,,,,,,,,,,,,,,,,,,,,,
,,,,,,,,,,stimuli/images/PICTURE_68.png,KIND,5f08dafa392f74145122c0ee,13/10/1999,2020-08-27_18h40.23.296,proactive3.1,2020.1.2,Win32,60,5f47c29a48bd2a1e651a6eb7,5f47ede75080c61345c5990b,4,,,,,,candle,,,,,,0,23,23,23,1,3,2,,,,,,,,,,,,,,,,,,,,,,,,,,,,,,,,,,,,,,,,,,,,,,,,,,,,,,,,,,,,,,,,,,,,,,,,,,,,,,,,,,,,,,,,,,,,,,,,,,,,,,,,,,,,,
,,,,,,,,,,stimuli/images/PICTURE_327.png,LEADER,5f08dafa392f74145122c0ee,13/10/1999,2020-08-27_18h40.23.296,proactive3.1,2020.1.2,Win32,60,5f47c29a48bd2a1e651a6eb7,5f47ede75080c61345c5990b,4,,,,,,helmet,,,,,,0,24,24,17,1,2,2,,,,,,,,,,,,,,,,,,,,,,,,,,,,,,,,,,,,,,,,,,,,,,,,,,,,,,,,,,,,,,,,,,,,,,,,,,,,,,,,,,,,,,,,,,,,,,,,,,,,,,,,,,,,,
,,,,,,,,,,stimuli/images/PICTURE_677.png,PHOTO,5f08dafa392f74145122c0ee,13/10/1999,2020-08-27_18h40.23.296,proactive3.1,2020.1.2,Win32,60,5f47c29a48bd2a1e651a6eb7,5f47ede75080c61345c5990b,4,,,,,,map,,,,,,0,25,25,14,1,2,2,,,,,,,,,,,,,,,,,,,,,,,,,,,,,,,,,,,,,,,,,,,,,,,,,,,,,,,,,,,,,,,,,,,,,,,,,,,,,,,,,,,,,,,,,,,,,,,,,,,,,,,,,,,,,
,,,,,,,,,,stimuli/images/PICTURE_33.png,COPS,5f08dafa392f74145122c0ee,13/10/1999,2020-08-27_18h40.23.296,proactive3.1,2020.1.2,Win32,60,5f47c29a48bd2a1e651a6eb7,5f47ede75080c61345c5990b,4,,,,,,frame,,,,,,0,26,26,29,1,3,2,,,,,,,,,,,,,,,,,,,,,,,,,,,,,,,,,,,,,,,,,,,,,,,,,,,,,,,,,,,,,,,,,,,,,,,,,,,,,,,,,,,,,,,,,,,,,,,,,,,,,,,,,,,,,
,,,,,,,,,,stimuli/images/PICTURE_147.png,LEADER,5f08dafa392f74145122c0ee,13/10/1999,2020-08-27_18h40.23.296,proactive3.1,2020.1.2,Win32,60,5f47c29a48bd2a1e651a6eb7,5f47ede75080c61345c5990b,4,,,,,,hanger,,,,,,0,27,27,33,1,4,2,,,,,,,,,,,,,,,,,,,,,,,,,,,,,,,,,,,,,,,,,,,,,,,,,,,,,,,,,,,,,,,,,,,,,,,,,,,,,,,,,,,,,,,,,,,,,,,,,,,,,,,,,,,,,
,,,,,,,,,,stimuli/images/PICTURE_57.png,NATION,5f08dafa392f74145122c0ee,13/10/1999,2020-08-27_18h40.23.296,proactive3.1,2020.1.2,Win32,60,5f47c29a48bd2a1e651a6eb7,5f47ede75080c61345c5990b,4,,,,,,stamp,,,,,,0,28,28,21,1,3,2,,,,,,,,,,,,,,,,,,,,,,,,,,,,,,,,,,,,,,,,,,,,,,,,,,,,,,,,,,,,,,,,,,,,,,,,,,,,,,,,,,,,,,,,,,,,,,,,,,,,,,,,,,,,,
,,,,,,,,,,stimuli/images/PICTURE_677.png,FAMILY,5f08dafa392f74145122c0ee,13/10/1999,2020-08-27_18h40.23.296,proactive3.1,2020.1.2,Win32,60,5f47c29a48bd2a1e651a6eb7,5f47ede75080c61345c5990b,4,,,,,,map,,,,,,0,29,29,53,1,6,2,,,,,,,,,,,,,,,,,,,,,,,,,,,,,,,,,,,,,,,,,,,,,,,,,,,,,,,,,,,,,,,,,,,,,,,,,,,,,,,,,,,,,,,,,,,,,,,,,,,,,,,,,,,,,
,,,,,,,,,,stimuli/images/PICTURE_491.png,SERIES,5f08dafa392f74145122c0ee,13/10/1999,2020-08-27_18h40.23.296,proactive3.1,2020.1.2,Win32,60,5f47c29a48bd2a1e651a6eb7,5f47ede75080c61345c5990b,4,,,,,,rug,,,,,,0,30,30,39,1,4,2,,,,,,,,,,,,,,,,,,,,,,,,,,,,,,,,,,,,,,,,,,,,,,,,,,,,,,,,,,,,,,,,,,,,,,,,,,,,,,,,,,,,,,,,,,,,,,,,,,,,,,,,,,,,,
,,,,,,,,,,stimuli/images/PICTURE_487.png,ROOF,5f08dafa392f74145122c0ee,13/10/1999,2020-08-27_18h40.23.296,proactive3.1,2020.1.2,Win32,60,5f47c29a48bd2a1e651a6eb7,5f47ede75080c61345c5990b,4,,,,,,basket,,,,,,0,31,31,50,1,6,2,,,,,,,,,,,,,,,,,,,,,,,,,,,,,,,,,,,,,,,,,,,,,,,,,,,,,,,,,,,,,,,,,,,,,,,,,,,,,,,,,,,,,,,,,,,,,,,,,,,,,,,,,,,,,
,,,,,,,,,,stimuli/images/PICTURE_57.png,CASINO,5f08dafa392f74145122c0ee,13/10/1999,2020-08-27_18h40.23.296,proactive3.1,2020.1.2,Win32,60,5f47c29a48bd2a1e651a6eb7,5f47ede75080c61345c5990b,4,,,,,,stamp,,,,,,0,32,32,12,1,2,2,,,,,,,,,,,,,,,,,,,,,,,,,,,,,,,,,,,,,,,,,,,,,,,,,,,,,,,,,,,,,,,,,,,,,,,,,,,,,,,,,,,,,,,,,,,,,,,,,,,,,,,,,,,,,
,,,,,,,,,,stimuli/images/PICTURE_470.png,MOMENT,5f08dafa392f74145122c0ee,13/10/1999,2020-08-27_18h40.23.296,proactive3.1,2020.1.2,Win32,60,5f47c29a48bd2a1e651a6eb7,5f47ede75080c61345c5990b,4,,,,,,motorbike,,,,,,0,33,33,40,1,5,2,,,,,,,,,,,,,,,,,,,,,,,,,,,,,,,,,,,,,,,,,,,,,,,,,,,,,,,,,,,,,,,,,,,,,,,,,,,,,,,,,,,,,,,,,,,,,,,,,,,,,,,,,,,,,
,,,,,,,,,,stimuli/images/PICTURE_57.png,CANDY,5f08dafa392f74145122c0ee,13/10/1999,2020-08-27_18h40.23.296,proactive3.1,2020.1.2,Win32,60,5f47c29a48bd2a1e651a6eb7,5f47ede75080c61345c5990b,4,,,,,,stamp,,,,,,0,34,34,52,1,6,2,,,,,,,,,,,,,,,,,,,,,,,,,,,,,,,,,,,,,,,,,,,,,,,,,,,,,,,,,,,,,,,,,,,,,,,,,,,,,,,,,,,,,,,,,,,,,,,,,,,,,,,,,,,,,
,,,,,,,,,,stimuli/images/PICTURE_2.png,JUNGLE,5f08dafa392f74145122c0ee,13/10/1999,2020-08-27_18h40.23.296,proactive3.1,2020.1.2,Win32,60,5f47c29a48bd2a1e651a6eb7,5f47ede75080c61345c5990b,4,,,,,,tyre,,,,,,0,35,35,1,1,1,2,,,,,,,,,,,,,,,,,,,,,,,,,,,,,,,,,,,,,,,,,,,,,,,,,,,,,,,,,,,,,,,,,,,,,,,,,,,,,,,,,,,,,,,,,,,,,,,,,,,,,,,,,,,,,
,,,,,,,,,,stimuli/images/PICTURE_95.png,NIGHT,5f08dafa392f74145122c0ee,13/10/1999,2020-08-27_18h40.23.296,proactive3.1,2020.1.2,Win32,60,5f47c29a48bd2a1e651a6eb7,5f47ede75080c61345c5990b,4,,,,,,suitcase,,,,,,0,36,36,37,1,4,2,,,,,,,,,,,,,,,,,,,,,,,,,,,,,,,,,,,,,,,,,,,,,,,,,,,,,,,,,,,,,,,,,,,,,,,,,,,,,,,,,,,,,,,,,,,,,,,,,,,,,,,,,,,,,
,,,,,,,,,,stimuli/images/PICTURE_32.png,LETTER,5f08dafa392f74145122c0ee,13/10/1999,2020-08-27_18h40.23.296,proactive3.1,2020.1.2,Win32,60,5f47c29a48bd2a1e651a6eb7,5f47ede75080c61345c5990b,4,,,,,,crown,,,,,,0,37,37,56,1,6,2,,,,,,,,,,,,,,,,,,,,,,,,,,,,,,,,,,,,,,,,,,,,,,,,,,,,,,,,,,,,,,,,,,,,,,,,,,,,,,,,,,,,,,,,,,,,,,,,,,,,,,,,,,,,,
,,,,,,,,,,stimuli/images/PICTURE_215.png,FOOD,5f08dafa392f74145122c0ee,13/10/1999,2020-08-27_18h40.23.296,proactive3.1,2020.1.2,Win32,60,5f47c29a48bd2a1e651a6eb7,5f47ede75080c61345c5990b,4,,,,,,boot,,,,,,0,38,38,5,1,1,2,,,,,,,,,,,,,,,,,,,,,,,,,,,,,,,,,,,,,,,,,,,,,,,,,,,,,,,,,,,,,,,,,,,,,,,,,,,,,,,,,,,,,,,,,,,,,,,,,,,,,,,,,,,,,
,,,,,,,,,,stimuli/images/PICTURE_311.png,TOILET,5f08dafa392f74145122c0ee,13/10/1999,2020-08-27_18h40.23.296,proactive3.1,2020.1.2,Win32,60,5f47c29a48bd2a1e651a6eb7,5f47ede75080c61345c5990b,4,,,,,,razor,,,,,,0,39,39,54,1,6,2,,,,,,,,,,,,,,,,,,,,,,,,,,,,,,,,,,,,,,,,,,,,,,,,,,,,,,,,,,,,,,,,,,,,,,,,,,,,,,,,,,,,,,,,,,,,,,,,,,,,,,,,,,,,,
,,,,,,,,,,stimuli/images/PICTURE_509.png,BATH,5f08dafa392f74145122c0ee,13/10/1999,2020-08-27_18h40.23.296,proactive3.1,2020.1.2,Win32,60,5f47c29a48bd2a1e651a6eb7,5f47ede75080c61345c5990b,4,,,,,,telephone,,,,,,0,40,40,15,1,2,2,,,,,,,,,,,,,,,,,,,,,,,,,,,,,,,,,,,,,,,,,,,,,,,,,,,,,,,,,,,,,,,,,,,,,,,,,,,,,,,,,,,,,,,,,,,,,,,,,,,,,,,,,,,,,
,,,,,,,,,,stimuli/images/PICTURE_177.png,HOUSE,5f08dafa392f74145122c0ee,13/10/1999,2020-08-27_18h40.23.296,proactive3.1,2020.1.2,Win32,60,5f47c29a48bd2a1e651a6eb7,5f47ede75080c61345c5990b,4,,,,,,mushroom,,,,,,0,41,41,25,1,3,2,,,,,,,,,,,,,,,,,,,,,,,,,,,,,,,,,,,,,,,,,,,,,,,,,,,,,,,,,,,,,,,,,,,,,,,,,,,,,,,,,,,,,,,,,,,,,,,,,,,,,,,,,,,,,
,,,,,,,,,,stimuli/images/PICTURE_348.png,TOILET,5f08dafa392f74145122c0ee,13/10/1999,2020-08-27_18h40.23.296,proactive3.1,2020.1.2,Win32,60,5f47c29a48bd2a1e651a6eb7,5f47ede75080c61345c5990b,4,,,,,,pepper,,,,,,0,42,42,4,1,1,2,,,,,,,,,,,,,,,,,,,,,,,,,,,,,,,,,,,,,,,,,,,,,,,,,,,,,,,,,,,,,,,,,,,,,,,,,,,,,,,,,,,,,,,,,,,,,,,,,,,,,,,,,,,,,
,,,,,,,,,,stimuli/images/PICTURE_311.png,FLESH,5f08dafa392f74145122c0ee,13/10/1999,2020-08-27_18h40.23.296,proactive3.1,2020.1.2,Win32,60,5f47c29a48bd2a1e651a6eb7,5f47ede75080c61345c5990b,4,,,,,,razor,,,,,,0,43,43,3,1,1,2,,,,,,,,,,,,,,,,,,,,,,,,,,,,,,,,,,,,,,,,,,,,,,,,,,,,,,,,,,,,,,,,,,,,,,,,,,,,,,,,,,,,,,,,,,,,,,,,,,,,,,,,,,,,,
,,,,,,,,,,stimuli/images/PICTURE_453.png,FAMILY,5f08dafa392f74145122c0ee,13/10/1999,2020-08-27_18h40.23.296,proactive3.1,2020.1.2,Win32,60,5f47c29a48bd2a1e651a6eb7,5f47ede75080c61345c5990b,4,,,,,,scissors,,,,,,0,44,44,48,1,5,2,,,,,,,,,,,,,,,,,,,,,,,,,,,,,,,,,,,,,,,,,,,,,,,,,,,,,,,,,,,,,,,,,,,,,,,,,,,,,,,,,,,,,,,,,,,,,,,,,,,,,,,,,,,,,
,,,,,,,,,,stimuli/images/PICTURE_215.png,BOYS,5f08dafa392f74145122c0ee,13/10/1999,2020-08-27_18h40.23.296,proactive3.1,2020.1.2,Win32,60,5f47c29a48bd2a1e651a6eb7,5f47ede75080c61345c5990b,4,,,,,,boot,,,,,,0,45,45,24,1,3,2,,,,,,,,,,,,,,,,,,,,,,,,,,,,,,,,,,,,,,,,,,,,,,,,,,,,,,,,,,,,,,,,,,,,,,,,,,,,,,,,,,,,,,,,,,,,,,,,,,,,,,,,,,,,,
,,,,,,,,,,stimuli/images/PICTURE_405.png,HOUSE,5f08dafa392f74145122c0ee,13/10/1999,2020-08-27_18h40.23.296,proactive3.1,2020.1.2,Win32,60,5f47c29a48bd2a1e651a6eb7,5f47ede75080c61345c5990b,4,,,,,,anchor,,,,,,0,46,46,2,1,1,2,,,,,,,,,,,,,,,,,,,,,,,,,,,,,,,,,,,,,,,,,,,,,,,,,,,,,,,,,,,,,,,,,,,,,,,,,,,,,,,,,,,,,,,,,,,,,,,,,,,,,,,,,,,,,
,,,,,,,,,,stimuli/images/PICTURE_93.png,GIRL,5f08dafa392f74145122c0ee,13/10/1999,2020-08-27_18h40.23.296,proactive3.1,2020.1.2,Win32,60,5f47c29a48bd2a1e651a6eb7,5f47ede75080c61345c5990b,4,,,,,,skateboard,,,,,,0,47,47,31,1,4,2,,,,,,,,,,,,,,,,,,,,,,,,,,,,,,,,,,,,,,,,,,,,,,,,,,,,,,,,,,,,,,,,,,,,,,,,,,,,,,,,,,,,,,,,,,,,,,,,,,,,,,,,,,,,,
,,,,,,,,,,stimuli/images/PICTURE_564.png,PLENTY,5f08dafa392f74145122c0ee,13/10/1999,2020-08-27_18h40.23.296,proactive3.1,2020.1.2,Win32,60,5f47c29a48bd2a1e651a6eb7,5f47ede75080c61345c5990b,4,,,,,,spoon,,,,,,0,48,48,11,1,2,2,,,,,,,,,,,,,,,,,,,,,,,,,,,,,,,,,,,,,,,,,,,,,,,,,,,,,,,,,,,,,,,,,,,,,,,,,,,,,,,,,,,,,,,,,,,,,,,,,,,,,,,,,,,,,
,,,,,,,,,,stimuli/images/PICTURE_688.png,CLOCK,5f08dafa392f74145122c0ee,13/10/1999,2020-08-27_18h40.23.296,proactive3.1,2020.1.2,Win32,60,5f47c29a48bd2a1e651a6eb7,5f47ede75080c61345c5990b,4,,,,,,runner,,,,,,0,49,49,42,1,5,2,,,,,,,,,,,,,,,,,,,,,,,,,,,,,,,,,,,,,,,,,,,,,,,,,,,,,,,,,,,,,,,,,,,,,,,,,,,,,,,,,,,,,,,,,,,,,,,,,,,,,,,,,,,,,
,,,,,,,,,,stimuli/images/PICTURE_750.png,POLICY,5f08dafa392f74145122c0ee,13/10/1999,2020-08-27_18h40.23.296,proactive3.1,2020.1.2,Win32,60,5f47c29a48bd2a1e651a6eb7,5f47ede75080c61345c5990b,4,,,,,,kettle,,,,,,0,50,50,44,1,5,2,,,,,,,,,,,,,,,,,,,,,,,,,,,,,,,,,,,,,,,,,,,,,,,,,,,,,,,,,,,,,,,,,,,,,,,,,,,,,,,,,,,,,,,,,,,,,,,,,,,,,,,,,,,,,
,,,,,,,,,,stimuli/images/PICTURE_487.png,POLICY,5f08dafa392f74145122c0ee,13/10/1999,2020-08-27_18h40.23.296,proactive3.1,2020.1.2,Win32,60,5f47c29a48bd2a1e651a6eb7,5f47ede75080c61345c5990b,4,,,,,,basket,,,,,,0,51,51,34,1,4,2,,,,,,,,,,,,,,,,,,,,,,,,,,,,,,,,,,,,,,,,,,,,,,,,,,,,,,,,,,,,,,,,,,,,,,,,,,,,,,,,,,,,,,,,,,,,,,,,,,,,,,,,,,,,,
,,,,,,,,,,stimuli/images/PICTURE_356.png,CANDY,5f08dafa392f74145122c0ee,13/10/1999,2020-08-27_18h40.23.296,proactive3.1,2020.1.2,Win32,60,5f47c29a48bd2a1e651a6eb7,5f47ede75080c61345c5990b,4,,,,,,pawn,,,,,,0,52,52,46,1,5,2,,,,,,,,,,,,,,,,,,,,,,,,,,,,,,,,,,,,,,,,,,,,,,,,,,,,,,,,,,,,,,,,,,,,,,,,,,,,,,,,,,,,,,,,,,,,,,,,,,,,,,,,,,,,,
,,,,,,,,,,stimuli/images/PICTURE_2.png,AREA,5f08dafa392f74145122c0ee,13/10/1999,2020-08-27_18h40.23.296,proactive3.1,2020.1.2,Win32,60,5f47c29a48bd2a1e651a6eb7,5f47ede75080c61345c5990b,4,,,,,,tyre,,,,,,0,53,53,32,1,4,2,,,,,,,,,,,,,,,,,,,,,,,,,,,,,,,,,,,,,,,,,,,,,,,,,,,,,,,,,,,,,,,,,,,,,,,,,,,,,,,,,,,,,,,,,,,,,,,,,,,,,,,,,,,,,
,,,,,,,,,,stimuli/images/PICTURE_509.png,MILLER,5f08dafa392f74145122c0ee,13/10/1999,2020-08-27_18h40.23.296,proactive3.1,2020.1.2,Win32,60,5f47c29a48bd2a1e651a6eb7,5f47ede75080c61345c5990b,4,,,,,,telephone,,,,,,0,54,54,49,1,5,2,,,,,,,,,,,,,,,,,,,,,,,,,,,,,,,,,,,,,,,,,,,,,,,,,,,,,,,,,,,,,,,,,,,,,,,,,,,,,,,,,,,,,,,,,,,,,,,,,,,,,,,,,,,,,
,,,,,,,,,,stimuli/images/PICTURE_403.png,FAMILY,5f08dafa392f74145122c0ee,13/10/1999,2020-08-27_18h40.23.296,proactive3.1,2020.1.2,Win32,60,5f47c29a48bd2a1e651a6eb7,5f47ede75080c61345c5990b,4,,,,,,cathedral,,,,,,0,55,55,9,1,1,2,,,,,,,,,,,,,,,,,,,,,,,,,,,,,,,,,,,,,,,,,,,,,,,,,,,,,,,,,,,,,,,,,,,,,,,,,,,,,,,,,,,,,,,,,,,,,,,,,,,,,,,,,,,,,
,,,,,,,,,,stimuli/images/PICTURE_18.png,RIVER,5f08dafa392f74145122c0ee,13/10/1999,2020-08-27_18h40.23.296,proactive3.1,2020.1.2,Win32,60,5f47c29a48bd2a1e651a6eb7,5f47ede75080c61345c5990b,4,,,,,,planet,,,,,,0,56,56,22,1,3,2,,,,,,,,,,,,,,,,,,,,,,,,,,,,,,,,,,,,,,,,,,,,,,,,,,,,,,,,,,,,,,,,,,,,,,,,,,,,,,,,,,,,,,,,,,,,,,,,,,,,,,,,,,,,,
,,,,,,,,,,stimuli/images/PICTURE_141.png,CLIENT,5f08dafa392f74145122c0ee,13/10/1999,2020-08-27_18h40.23.296,proactive3.1,2020.1.2,Win32,60,5f47c29a48bd2a1e651a6eb7,5f47ede75080c61345c5990b,4,,,,,,sunflower,,,,,,0,57,57,30,1,4,2,,,,,,,,,,,,,,,,,,,,,,,,,,,,,,,,,,,,,,,,,,,,,,,,,,,,,,,,,,,,,,,,,,,,,,,,,,,,,,,,,,,,,,,,,,,,,,,,,,,,,,,,,,,,,
,,,,,,,,,,stimuli/images/PICTURE_692.png,DUDE,5f08dafa392f74145122c0ee,13/10/1999,2020-08-27_18h40.23.296,proactive3.1,2020.1.2,Win32,60,5f47c29a48bd2a1e651a6eb7,5f47ede75080c61345c5990b,4,,,,,,cherry,,,,,,0,58,58,47,1,5,2,,,,,,,,,,,,,,,,,,,,,,,,,,,,,,,,,,,,,,,,,,,,,,,,,,,,,,,,,,,,,,,,,,,,,,,,,,,,,,,,,,,,,,,,,,,,,,,,,,,,,,,,,,,,,
,,GIRL,8.71731,1,,,,,,stimuli/images/PICTURE_93.png,GIRL,5f08dafa392f74145122c0ee,13/10/1999,2020-08-27_18h40.23.296,proactive3.1,2020.1.2,Win32,60,5f47c29a48bd2a1e651a6eb7,5f47ede75080c61345c5990b,4,,,,,,skateboard,,,,,,,,,,,4,2,0,0,0,31,1,,,,,,,,,,,,,,,,,,,,,,,,,,,,,,,,,,,,,,,,,,,,,,,,,,,,,,,,,,,,,,,,,,,,,,,,,,,,,,,,,,,,,,,,,,,,,,,,,,,,,,,,
,,?,0.00174,0,,,,,,stimuli/images/PICTURE_2.png,JUNGLE,5f08dafa392f74145122c0ee,13/10/1999,2020-08-27_18h40.23.296,proactive3.1,2020.1.2,Win32,60,5f47c29a48bd2a1e651a6eb7,5f47ede75080c61345c5990b,4,,,,,,tyre,,,,,,,,,,,1,2,0,1,1,1,1,,,,,,,,,,,,,,,,,,,,,,,,,,,,,,,,,,,,,,,,,,,,,,,,,,,,,,,,,,,,,,,,,,,,,,,,,,,,,,,,,,,,,,,,,,,,,,,,,,,,,,,,
,,?,0.000895,0,,,,,,stimuli/images/PICTURE_487.png,ROOF,5f08dafa392f74145122c0ee,13/10/1999,2020-08-27_18h40.23.296,proactive3.1,2020.1.2,Win32,60,5f47c29a48bd2a1e651a6eb7,5f47ede75080c61345c5990b,4,,,,,,basket,,,,,,,,,,,6,2,0,2,2,50,1,,,,,,,,,,,,,,,,,,,,,,,,,,,,,,,,,,,,,,,,,,,,,,,,,,,,,,,,,,,,,,,,,,,,,,,,,,,,,,,,,,,,,,,,,,,,,,,,,,,,,,,,
,,?,0.00079,0,,,,,,stimuli/images/PICTURE_405.png,HOUSE,5f08dafa392f74145122c0ee,13/10/1999,2020-08-27_18h40.23.296,proactive3.1,2020.1.2,Win32,60,5f47c29a48bd2a1e651a6eb7,5f47ede75080c61345c5990b,4,,,,,,anchor,,,,,,,,,,,1,2,0,3,3,2,1,,,,,,,,,,,,,,,,,,,,,,,,,,,,,,,,,,,,,,,,,,,,,,,,,,,,,,,,,,,,,,,,,,,,,,,,,,,,,,,,,,,,,,,,,,,,,,,,,,,,,,,,
,,NIGHT,3.379715,1,,,,,,stimuli/images/PICTURE_95.png,NIGHT,5f08dafa392f74145122c0ee,13/10/1999,2020-08-27_18h40.23.296,proactive3.1,2020.1.2,Win32,60,5f47c29a48bd2a1e651a6eb7,5f47ede75080c61345c5990b,4,,,,,,suitcase,,,,,,,,,,,4,2,0,4,4,37,1,,,,,,,,,,,,,,,,,,,,,,,,,,,,,,,,,,,,,,,,,,,,,,,,,,,,,,,,,,,,,,,,,,,,,,,,,,,,,,,,,,,,,,,,,,,,,,,,,,,,,,,,
,,?,0.001715,0,,,,,,stimuli/images/PICTURE_311.png,TOILET,5f08dafa392f74145122c0ee,13/10/1999,2020-08-27_18h40.23.296,proactive3.1,2020.1.2,Win32,60,5f47c29a48bd2a1e651a6eb7,5f47ede75080c61345c5990b,4,,,,,,razor,,,,,,,,,,,6,2,0,5,5,54,1,,,,,,,,,,,,,,,,,,,,,,,,,,,,,,,,,,,,,,,,,,,,,,,,,,,,,,,,,,,,,,,,,,,,,,,,,,,,,,,,,,,,,,,,,,,,,,,,,,,,,,,,
,,?,0.00058,0,,,,,,stimuli/images/PICTURE_57.png,NATION,5f08dafa392f74145122c0ee,13/10/1999,2020-08-27_18h40.23.296,proactive3.1,2020.1.2,Win32,60,5f47c29a48bd2a1e651a6eb7,5f47ede75080c61345c5990b,4,,,,,,stamp,,,,,,,,,,,3,2,0,6,6,21,1,,,,,,,,,,,,,,,,,,,,,,,,,,,,,,,,,,,,,,,,,,,,,,,,,,,,,,,,,,,,,,,,,,,,,,,,,,,,,,,,,,,,,,,,,,,,,,,,,,,,,,,,
,,?,0.000675,0,,,,,,stimuli/images/PICTURE_654.png,COPS,5f08dafa392f74145122c0ee,13/10/1999,2020-08-27_18h40.23.296,proactive3.1,2020.1.2,Win32,60,5f47c29a48bd2a1e651a6eb7,5f47ede75080c61345c5990b,4,,,,,,pencil,,,,,,,,,,,2,2,0,7,7,10,1,,,,,,,,,,,,,,,,,,,,,,,,,,,,,,,,,,,,,,,,,,,,,,,,,,,,,,,,,,,,,,,,,,,,,,,,,,,,,,,,,,,,,,,,,,,,,,,,,,,,,,,,
,,?,0.000655,0,,,,,,stimuli/images/PICTURE_285.png,WRITER,5f08dafa392f74145122c0ee,13/10/1999,2020-08-27_18h40.23.296,proactive3.1,2020.1.2,Win32,60,5f47c29a48bd2a1e651a6eb7,5f47ede75080c61345c5990b,4,,,,,,carrot,,,,,,,,,,,1,2,0,8,8,6,1,,,,,,,,,,,,,,,,,,,,,,,,,,,,,,,,,,,,,,,,,,,,,,,,,,,,,,,,,,,,,,,,,,,,,,,,,,,,,,,,,,,,,,,,,,,,,,,,,,,,,,,,
,,?,0.00062,0,,,,,,stimuli/images/PICTURE_348.png,TOILET,5f08dafa392f74145122c0ee,13/10/1999,2020-08-27_18h40.23.296,proactive3.1,2020.1.2,Win32,60,5f47c29a48bd2a1e651a6eb7,5f47ede75080c61345c5990b,4,,,,,,pepper,,,,,,,,,,,1,2,0,9,9,4,1,,,,,,,,,,,,,,,,,,,,,,,,,,,,,,,,,,,,,,,,,,,,,,,,,,,,,,,,,,,,,,,,,,,,,,,,,,,,,,,,,,,,,,,,,,,,,,,,,,,,,,,,
,,?,0.000535,0,,,,,,stimuli/images/PICTURE_208.png,SPIRIT,5f08dafa392f74145122c0ee,13/10/1999,2020-08-27_18h40.23.296,proactive3.1,2020.1.2,Win32,60,5f47c29a48bd2a1e651a6eb7,5f47ede75080c61345c5990b,4,,,,,,microphone,,,,,,,,,,,3,2,0,10,10,28,1,,,,,,,,,,,,,,,,,,,,,,,,,,,,,,,,,,,,,,,,,,,,,,,,,,,,,,,,,,,,,,,,,,,,,,,,,,,,,,,,,,,,,,,,,,,,,,,,,,,,,,,,
,,AREA,7.544755,1,,,,,,stimuli/images/PICTURE_2.png,AREA,5f08dafa392f74145122c0ee,13/10/1999,2020-08-27_18h40.23.296,proactive3.1,2020.1.2,Win32,60,5f47c29a48bd2a1e651a6eb7,5f47ede75080c61345c5990b,4,,,,,,tyre,,,,,,,,,,,4,2,0,11,11,32,1,,,,,,,,,,,,,,,,,,,,,,,,,,,,,,,,,,,,,,,,,,,,,,,,,,,,,,,,,,,,,,,,,,,,,,,,,,,,,,,,,,,,,,,,,,,,,,,,,,,,,,,,
,,POILICY,7.104335,0,,,,,,stimuli/images/PICTURE_487.png,POLICY,5f08dafa392f74145122c0ee,13/10/1999,2020-08-27_18h40.23.296,proactive3.1,2020.1.2,Win32,60,5f47c29a48bd2a1e651a6eb7,5f47ede75080c61345c5990b,4,,,,,,basket,,,,,,,,,,,4,2,0,12,12,34,1,,,,,,,,,,,,,,,,,,,,,,,,,,,,,,,,,,,,,,,,,,,,,,,,,,,,,,,,,,,,,,,,,,,,,,,,,,,,,,,,,,,,,,,,,,,,,,,,,,,,,,,,
,,?,0.000865,0,,,,,,stimuli/images/PICTURE_57.png,CASINO,5f08dafa392f74145122c0ee,13/10/1999,2020-08-27_18h40.23.296,proactive3.1,2020.1.2,Win32,60,5f47c29a48bd2a1e651a6eb7,5f47ede75080c61345c5990b,4,,,,,,stamp,,,,,,,,,,,2,2,0,13,13,12,1,,,,,,,,,,,,,,,,,,,,,,,,,,,,,,,,,,,,,,,,,,,,,,,,,,,,,,,,,,,,,,,,,,,,,,,,,,,,,,,,,,,,,,,,,,,,,,,,,,,,,,,,
,,?,0.000645,0,,,,,,stimuli/images/PICTURE_18.png,RIVER,5f08dafa392f74145122c0ee,13/10/1999,2020-08-27_18h40.23.296,proactive3.1,2020.1.2,Win32,60,5f47c29a48bd2a1e651a6eb7,5f47ede75080c61345c5990b,4,,,,,,planet,,,,,,,,,,,3,2,0,14,14,22,1,,,,,,,,,,,,,,,,,,,,,,,,,,,,,,,,,,,,,,,,,,,,,,,,,,,,,,,,,,,,,,,,,,,,,,,,,,,,,,,,,,,,,,,,,,,,,,,,,,,,,,,,
,,?,0.000735,0,,,,,,stimuli/images/PICTURE_215.png,FOOD,5f08dafa392f74145122c0ee,13/10/1999,2020-08-27_18h40.23.296,proactive3.1,2020.1.2,Win32,60,5f47c29a48bd2a1e651a6eb7,5f47ede75080c61345c5990b,4,,,,,,boot,,,,,,,,,,,1,2,0,15,15,5,1,,,,,,,,,,,,,,,,,,,,,,,,,,,,,,,,,,,,,,,,,,,,,,,,,,,,,,,,,,,,,,,,,,,,,,,,,,,,,,,,,,,,,,,,,,,,,,,,,,,,,,,,
,,SERIES,4.69641,1,,,,,,stimuli/images/PICTURE_491.png,SERIES,5f08dafa392f74145122c0ee,13/10/1999,2020-08-27_18h40.23.296,proactive3.1,2020.1.2,Win32,60,5f47c29a48bd2a1e651a6eb7,5f47ede75080c61345c5990b,4,,,,,,rug,,,,,,,,,,,4,2,0,16,16,39,1,,,,,,,,,,,,,,,,,,,,,,,,,,,,,,,,,,,,,,,,,,,,,,,,,,,,,,,,,,,,,,,,,,,,,,,,,,,,,,,,,,,,,,,,,,,,,,,,,,,,,,,,
,,?,0.00169,0,,,,,,stimuli/images/PICTURE_405.png,JUNGLE,5f08dafa392f74145122c0ee,13/10/1999,2020-08-27_18h40.23.296,proactive3.1,2020.1.2,Win32,60,5f47c29a48bd2a1e651a6eb7,5f47ede75080c61345c5990b,4,,,,,,anchor,,,,,,,,,,,6,2,0,17,17,58,1,,,,,,,,,,,,,,,,,,,,,,,,,,,,,,,,,,,,,,,,,,,,,,,,,,,,,,,,,,,,,,,,,,,,,,,,,,,,,,,,,,,,,,,,,,,,,,,,,,,,,,,,
,,?,0.00072,0,,,,,,stimuli/images/PICTURE_452.png,COPS,5f08dafa392f74145122c0ee,13/10/1999,2020-08-27_18h40.23.296,proactive3.1,2020.1.2,Win32,60,5f47c29a48bd2a1e651a6eb7,5f47ede75080c61345c5990b,4,,,,,,watch,,,,,,,,,,,1,2,0,18,18,0,1,,,,,,,,,,,,,,,,,,,,,,,,,,,,,,,,,,,,,,,,,,,,,,,,,,,,,,,,,,,,,,,,,,,,,,,,,,,,,,,,,,,,,,,,,,,,,,,,,,,,,,,,
,,SPEECH,5.88321,1,,,,,,stimuli/images/PICTURE_314.png,SPEECH,5f08dafa392f74145122c0ee,13/10/1999,2020-08-27_18h40.23.296,proactive3.1,2020.1.2,Win32,60,5f47c29a48bd2a1e651a6eb7,5f47ede75080c61345c5990b,4,,,,,,perfume,,,,,,,,,,,4,2,0,19,19,35,1,,,,,,,,,,,,,,,,,,,,,,,,,,,,,,,,,,,,,,,,,,,,,,,,,,,,,,,,,,,,,,,,,,,,,,,,,,,,,,,,,,,,,,,,,,,,,,,,,,,,,,,,
,,?,0.00147,0,,,,,,stimuli/images/PICTURE_453.png,FAMILY,5f08dafa392f74145122c0ee,13/10/1999,2020-08-27_18h40.23.296,proactive3.1,2020.1.2,Win32,60,5f47c29a48bd2a1e651a6eb7,5f47ede75080c61345c5990b,4,,,,,,scissors,,,,,,,,,,,5,2,0,20,20,48,1,,,,,,,,,,,,,,,,,,,,,,,,,,,,,,,,,,,,,,,,,,,,,,,,,,,,,,,,,,,,,,,,,,,,,,,,,,,,,,,,,,,,,,,,,,,,,,,,,,,,,,,,
,,?,0.00302,0,,,,,,stimuli/images/PICTURE_655.png,SALE,5f08dafa392f74145122c0ee,13/10/1999,2020-08-27_18h40.23.296,proactive3.1,2020.1.2,Win32,60,5f47c29a48bd2a1e651a6eb7,5f47ede75080c61345c5990b,4,,,,,,megaphone,,,,,,,,,,,6,2,0,21,21,57,1,,,,,,,,,,,,,,,,,,,,,,,,,,,,,,,,,,,,,,,,,,,,,,,,,,,,,,,,,,,,,,,,,,,,,,,,,,,,,,,,,,,,,,,,,,,,,,,,,,,,,,,,
,,?,0.000605,0,,,,,,stimuli/images/PICTURE_564.png,PLENTY,5f08dafa392f74145122c0ee,13/10/1999,2020-08-27_18h40.23.296,proactive3.1,2020.1.2,Win32,60,5f47c29a48bd2a1e651a6eb7,5f47ede75080c61345c5990b,4,,,,,,spoon,,,,,,,,,,,2,2,0,22,22,11,1,,,,,,,,,,,,,,,,,,,,,,,,,,,,,,,,,,,,,,,,,,,,,,,,,,,,,,,,,,,,,,,,,,,,,,,,,,,,,,,,,,,,,,,,,,,,,,,,,,,,,,,,
,,?,0.000585,0,,,,,,stimuli/images/PICTURE_405.png,JUNGLE,5f08dafa392f74145122c0ee,13/10/1999,2020-08-27_18h40.23.296,proactive3.1,2020.1.2,Win32,60,5f47c29a48bd2a1e651a6eb7,5f47ede75080c61345c5990b,4,,,,,,anchor,,,,,,,,,,,2,2,0,23,23,13,1,,,,,,,,,,,,,,,,,,,,,,,,,,,,,,,,,,,,,,,,,,,,,,,,,,,,,,,,,,,,,,,,,,,,,,,,,,,,,,,,,,,,,,,,,,,,,,,,,,,,,,,,
,,?,0.00085,0,,,,,,stimuli/images/PICTURE_296.png,CLOCK,5f08dafa392f74145122c0ee,13/10/1999,2020-08-27_18h40.23.296,proactive3.1,2020.1.2,Win32,60,5f47c29a48bd2a1e651a6eb7,5f47ede75080c61345c5990b,4,,,,,,bolt,,,,,,,,,,,2,2,0,24,24,18,1,,,,,,,,,,,,,,,,,,,,,,,,,,,,,,,,,,,,,,,,,,,,,,,,,,,,,,,,,,,,,,,,,,,,,,,,,,,,,,,,,,,,,,,,,,,,,,,,,,,,,,,,
,,?,0.00061,0,,,,,,stimuli/images/PICTURE_255.png,PENNY,5f08dafa392f74145122c0ee,13/10/1999,2020-08-27_18h40.23.296,proactive3.1,2020.1.2,Win32,60,5f47c29a48bd2a1e651a6eb7,5f47ede75080c61345c5990b,4,,,,,,shovel,,,,,,,,,,,2,2,0,25,25,19,1,,,,,,,,,,,,,,,,,,,,,,,,,,,,,,,,,,,,,,,,,,,,,,,,,,,,,,,,,,,,,,,,,,,,,,,,,,,,,,,,,,,,,,,,,,,,,,,,,,,,,,,,
,,?,0.000595,0,,,,,,stimuli/images/PICTURE_654.png,YEAR,5f08dafa392f74145122c0ee,13/10/1999,2020-08-27_18h40.23.296,proactive3.1,2020.1.2,Win32,60,5f47c29a48bd2a1e651a6eb7,5f47ede75080c61345c5990b,4,,,,,,pencil,,,,,,,,,,,5,2,0,26,26,41,1,,,,,,,,,,,,,,,,,,,,,,,,,,,,,,,,,,,,,,,,,,,,,,,,,,,,,,,,,,,,,,,,,,,,,,,,,,,,,,,,,,,,,,,,,,,,,,,,,,,,,,,,
,,?,0.00106,0,,,,,,stimuli/images/PICTURE_750.png,POLICY,5f08dafa392f74145122c0ee,13/10/1999,2020-08-27_18h40.23.296,proactive3.1,2020.1.2,Win32,60,5f47c29a48bd2a1e651a6eb7,5f47ede75080c61345c5990b,4,,,,,,kettle,,,,,,,,,,,5,2,0,27,27,44,1,,,,,,,,,,,,,,,,,,,,,,,,,,,,,,,,,,,,,,,,,,,,,,,,,,,,,,,,,,,,,,,,,,,,,,,,,,,,,,,,,,,,,,,,,,,,,,,,,,,,,,,,
,,?,0.000675,0,,,,,,stimuli/images/PICTURE_470.png,MOMENT,5f08dafa392f74145122c0ee,13/10/1999,2020-08-27_18h40.23.296,proactive3.1,2020.1.2,Win32,60,5f47c29a48bd2a1e651a6eb7,5f47ede75080c61345c5990b,4,,,,,,motorbike,,,,,,,,,,,5,2,0,28,28,40,1,,,,,,,,,,,,,,,,,,,,,,,,,,,,,,,,,,,,,,,,,,,,,,,,,,,,,,,,,,,,,,,,,,,,,,,,,,,,,,,,,,,,,,,,,,,,,,,,,,,,,,,,
,,?,0.00062,0,,,,,,stimuli/images/PICTURE_2.png,YARD,5f08dafa392f74145122c0ee,13/10/1999,2020-08-27_18h40.23.296,proactive3.1,2020.1.2,Win32,60,5f47c29a48bd2a1e651a6eb7,5f47ede75080c61345c5990b,4,,,,,,tyre,,,,,,,,,,,6,2,0,29,29,55,1,,,,,,,,,,,,,,,,,,,,,,,,,,,,,,,,,,,,,,,,,,,,,,,,,,,,,,,,,,,,,,,,,,,,,,,,,,,,,,,,,,,,,,,,,,,,,,,,,,,,,,,,
,,?,0.00074,0,,,,,,stimuli/images/PICTURE_509.png,SHOTS,5f08dafa392f74145122c0ee,13/10/1999,2020-08-27_18h40.23.296,proactive3.1,2020.1.2,Win32,60,5f47c29a48bd2a1e651a6eb7,5f47ede75080c61345c5990b,4,,,,,,telephone,,,,,,,,,,,1,2,0,30,30,7,1,,,,,,,,,,,,,,,,,,,,,,,,,,,,,,,,,,,,,,,,,,,,,,,,,,,,,,,,,,,,,,,,,,,,,,,,,,,,,,,,,,,,,,,,,,,,,,,,,,,,,,,,
,,?,0.00086,0,,,,,,stimuli/images/PICTURE_311.png,FLESH,5f08dafa392f74145122c0ee,13/10/1999,2020-08-27_18h40.23.296,proactive3.1,2020.1.2,Win32,60,5f47c29a48bd2a1e651a6eb7,5f47ede75080c61345c5990b,4,,,,,,razor,,,,,,,,,,,1,2,0,31,31,3,1,,,,,,,,,,,,,,,,,,,,,,,,,,,,,,,,,,,,,,,,,,,,,,,,,,,,,,,,,,,,,,,,,,,,,,,,,,,,,,,,,,,,,,,,,,,,,,,,,,,,,,,,
,,?,0.000705,0,,,,,,stimuli/images/PICTURE_677.png,FAMILY,5f08dafa392f74145122c0ee,13/10/1999,2020-08-27_18h40.23.296,proactive3.1,2020.1.2,Win32,60,5f47c29a48bd2a1e651a6eb7,5f47ede75080c61345c5990b,4,,,,,,map,,,,,,,,,,,6,2,0,32,32,53,1,,,,,,,,,,,,,,,,,,,,,,,,,,,,,,,,,,,,,,,,,,,,,,,,,,,,,,,,,,,,,,,,,,,,,,,,,,,,,,,,,,,,,,,,,,,,,,,,,,,,,,,,
,,?,0.000615,0,,,,,,stimuli/images/PICTURE_356.png,CANDY,5f08dafa392f74145122c0ee,13/10/1999,2020-08-27_18h40.23.296,proactive3.1,2020.1.2,Win32,60,5f47c29a48bd2a1e651a6eb7,5f47ede75080c61345c5990b,4,,,,,,pawn,,,,,,,,,,,5,2,0,33,33,46,1,,,,,,,,,,,,,,,,,,,,,,,,,,,,,,,,,,,,,,,,,,,,,,,,,,,,,,,,,,,,,,,,,,,,,,,,,,,,,,,,,,,,,,,,,,,,,,,,,,,,,,,,
,,?,0.000515,0,,,,,,stimuli/images/PICTURE_348.png,DUDE,5f08dafa392f74145122c0ee,13/10/1999,2020-08-27_18h40.23.296,proactive3.1,2020.1.2,Win32,60,5f47c29a48bd2a1e651a6eb7,5f47ede75080c61345c5990b,4,,,,,,pepper,,,,,,,,,,,6,2,0,34,34,59,1,,,,,,,,,,,,,,,,,,,,,,,,,,,,,,,,,,,,,,,,,,,,,,,,,,,,,,,,,,,,,,,,,,,,,,,,,,,,,,,,,,,,,,,,,,,,,,,,,,,,,,,,
,,?,0.00054,0,,,,,,stimuli/images/PICTURE_470.png,BEAUTY,5f08dafa392f74145122c0ee,13/10/1999,2020-08-27_18h40.23.296,proactive3.1,2020.1.2,Win32,60,5f47c29a48bd2a1e651a6eb7,5f47ede75080c61345c5990b,4,,,,,,motorbike,,,,,,,,,,,3,2,0,35,35,26,1,,,,,,,,,,,,,,,,,,,,,,,,,,,,,,,,,,,,,,,,,,,,,,,,,,,,,,,,,,,,,,,,,,,,,,,,,,,,,,,,,,,,,,,,,,,,,,,,,,,,,,,,
,,?,0.000745,0,,,,,,stimuli/images/PICTURE_177.png,HOUSE,5f08dafa392f74145122c0ee,13/10/1999,2020-08-27_18h40.23.296,proactive3.1,2020.1.2,Win32,60,5f47c29a48bd2a1e651a6eb7,5f47ede75080c61345c5990b,4,,,,,,mushroom,,,,,,,,,,,3,2,0,36,36,25,1,,,,,,,,,,,,,,,,,,,,,,,,,,,,,,,,,,,,,,,,,,,,,,,,,,,,,,,,,,,,,,,,,,,,,,,,,,,,,,,,,,,,,,,,,,,,,,,,,,,,,,,,
,,?,0.000615,0,,,,,,stimuli/images/PICTURE_677.png,PHOTO,5f08dafa392f74145122c0ee,13/10/1999,2020-08-27_18h40.23.296,proactive3.1,2020.1.2,Win32,60,5f47c29a48bd2a1e651a6eb7,5f47ede75080c61345c5990b,4,,,,,,map,,,,,,,,,,,2,2,0,37,37,14,1,,,,,,,,,,,,,,,,,,,,,,,,,,,,,,,,,,,,,,,,,,,,,,,,,,,,,,,,,,,,,,,,,,,,,,,,,,,,,,,,,,,,,,,,,,,,,,,,,,,,,,,,
,,?,0.00059,0,,,,,,stimuli/images/PICTURE_403.png,FAMILY,5f08dafa392f74145122c0ee,13/10/1999,2020-08-27_18h40.23.296,proactive3.1,2020.1.2,Win32,60,5f47c29a48bd2a1e651a6eb7,5f47ede75080c61345c5990b,4,,,,,,cathedral,,,,,,,,,,,1,2,0,38,38,9,1,,,,,,,,,,,,,,,,,,,,,,,,,,,,,,,,,,,,,,,,,,,,,,,,,,,,,,,,,,,,,,,,,,,,,,,,,,,,,,,,,,,,,,,,,,,,,,,,,,,,,,,,
,,?,0.000585,0,,,,,,stimuli/images/PICTURE_57.png,CANDY,5f08dafa392f74145122c0ee,13/10/1999,2020-08-27_18h40.23.296,proactive3.1,2020.1.2,Win32,60,5f47c29a48bd2a1e651a6eb7,5f47ede75080c61345c5990b,4,,,,,,stamp,,,,,,,,,,,6,2,0,39,39,52,1,,,,,,,,,,,,,,,,,,,,,,,,,,,,,,,,,,,,,,,,,,,,,,,,,,,,,,,,,,,,,,,,,,,,,,,,,,,,,,,,,,,,,,,,,,,,,,,,,,,,,,,,
,,HOUSE,6.36521,1,,,,,,stimuli/images/PICTURE_504.png,HOUSE,5f08dafa392f74145122c0ee,13/10/1999,2020-08-27_18h40.23.296,proactive3.1,2020.1.2,Win32,60,5f47c29a48bd2a1e651a6eb7,5f47ede75080c61345c5990b,4,,,,,,wheel,,,,,,,,,,,4,2,0,40,40,36,1,,,,,,,,,,,,,,,,,,,,,,,,,,,,,,,,,,,,,,,,,,,,,,,,,,,,,,,,,,,,,,,,,,,,,,,,,,,,,,,,,,,,,,,,,,,,,,,,,,,,,,,,
,,?,0.001085,0,,,,,,stimuli/images/PICTURE_33.png,COPS,5f08dafa392f74145122c0ee,13/10/1999,2020-08-27_18h40.23.296,proactive3.1,2020.1.2,Win32,60,5f47c29a48bd2a1e651a6eb7,5f47ede75080c61345c5990b,4,,,,,,frame,,,,,,,,,,,3,2,0,41,41,29,1,,,,,,,,,,,,,,,,,,,,,,,,,,,,,,,,,,,,,,,,,,,,,,,,,,,,,,,,,,,,,,,,,,,,,,,,,,,,,,,,,,,,,,,,,,,,,,,,,,,,,,,,
,,?,0.00066,0,,,,,,stimuli/images/PICTURE_32.png,LETTER,5f08dafa392f74145122c0ee,13/10/1999,2020-08-27_18h40.23.296,proactive3.1,2020.1.2,Win32,60,5f47c29a48bd2a1e651a6eb7,5f47ede75080c61345c5990b,4,,,,,,crown,,,,,,,,,,,6,2,0,42,42,56,1,,,,,,,,,,,,,,,,,,,,,,,,,,,,,,,,,,,,,,,,,,,,,,,,,,,,,,,,,,,,,,,,,,,,,,,,,,,,,,,,,,,,,,,,,,,,,,,,,,,,,,,,
,,?,0.00055,0,,,,,,stimuli/images/PICTURE_688.png,CLOCK,5f08dafa392f74145122c0ee,13/10/1999,2020-08-27_18h40.23.296,proactive3.1,2020.1.2,Win32,60,5f47c29a48bd2a1e651a6eb7,5f47ede75080c61345c5990b,4,,,,,,runner,,,,,,,,,,,5,2,0,43,43,42,1,,,,,,,,,,,,,,,,,,,,,,,,,,,,,,,,,,,,,,,,,,,,,,,,,,,,,,,,,,,,,,,,,,,,,,,,,,,,,,,,,,,,,,,,,,,,,,,,,,,,,,,,
,,?,0.00064,0,,,,,,stimuli/images/PICTURE_215.png,LEADER,5f08dafa392f74145122c0ee,13/10/1999,2020-08-27_18h40.23.296,proactive3.1,2020.1.2,Win32,60,5f47c29a48bd2a1e651a6eb7,5f47ede75080c61345c5990b,4,,,,,,boot,,,,,,,,,,,5,2,0,44,44,43,1,,,,,,,,,,,,,,,,,,,,,,,,,,,,,,,,,,,,,,,,,,,,,,,,,,,,,,,,,,,,,,,,,,,,,,,,,,,,,,,,,,,,,,,,,,,,,,,,,,,,,,,,
,,APPLE,4.84566,1,,,,,,stimuli/images/PICTURE_509.png,APPLE,5f08dafa392f74145122c0ee,13/10/1999,2020-08-27_18h40.23.296,proactive3.1,2020.1.2,Win32,60,5f47c29a48bd2a1e651a6eb7,5f47ede75080c61345c5990b,4,,,,,,telephone,,,,,,,,,,,4,2,0,45,45,38,1,,,,,,,,,,,,,,,,,,,,,,,,,,,,,,,,,,,,,,,,,,,,,,,,,,,,,,,,,,,,,,,,,,,,,,,,,,,,,,,,,,,,,,,,,,,,,,,,,,,,,,,,
,,?,0.00158,0,,,,,,stimuli/images/PICTURE_68.png,KIND,5f08dafa392f74145122c0ee,13/10/1999,2020-08-27_18h40.23.296,proactive3.1,2020.1.2,Win32,60,5f47c29a48bd2a1e651a6eb7,5f47ede75080c61345c5990b,4,,,,,,candle,,,,,,,,,,,3,2,0,46,46,23,1,,,,,,,,,,,,,,,,,,,,,,,,,,,,,,,,,,,,,,,,,,,,,,,,,,,,,,,,,,,,,,,,,,,,,,,,,,,,,,,,,,,,,,,,,,,,,,,,,,,,,,,,
,,?,0.00071,0,,,,,,stimuli/images/PICTURE_285.png,PRINCE,5f08dafa392f74145122c0ee,13/10/1999,2020-08-27_18h40.23.296,proactive3.1,2020.1.2,Win32,60,5f47c29a48bd2a1e651a6eb7,5f47ede75080c61345c5990b,4,,,,,,carrot,,,,,,,,,,,3,2,0,47,47,20,1,,,,,,,,,,,,,,,,,,,,,,,,,,,,,,,,,,,,,,,,,,,,,,,,,,,,,,,,,,,,,,,,,,,,,,,,,,,,,,,,,,,,,,,,,,,,,,,,,,,,,,,,
,,CLIENT,7.59847,1,,,,,,stimuli/images/PICTURE_141.png,CLIENT,5f08dafa392f74145122c0ee,13/10/1999,2020-08-27_18h40.23.296,proactive3.1,2020.1.2,Win32,60,5f47c29a48bd2a1e651a6eb7,5f47ede75080c61345c5990b,4,,,,,,sunflower,,,,,,,,,,,4,2,0,48,48,30,1,,,,,,,,,,,,,,,,,,,,,,,,,,,,,,,,,,,,,,,,,,,,,,,,,,,,,,,,,,,,,,,,,,,,,,,,,,,,,,,,,,,,,,,,,,,,,,,,,,,,,,,,
,,?,0.001635,0,,,,,,stimuli/images/PICTURE_509.png,MILLER,5f08dafa392f74145122c0ee,13/10/1999,2020-08-27_18h40.23.296,proactive3.1,2020.1.2,Win32,60,5f47c29a48bd2a1e651a6eb7,5f47ede75080c61345c5990b,4,,,,,,telephone,,,,,,,,,,,5,2,0,49,49,49,1,,,,,,,,,,,,,,,,,,,,,,,,,,,,,,,,,,,,,,,,,,,,,,,,,,,,,,,,,,,,,,,,,,,,,,,,,,,,,,,,,,,,,,,,,,,,,,,,,,,,,,,,
,,?,0.000635,0,,,,,,stimuli/images/PICTURE_708.png,VALLEY,5f08dafa392f74145122c0ee,13/10/1999,2020-08-27_18h40.23.296,proactive3.1,2020.1.2,Win32,60,5f47c29a48bd2a1e651a6eb7,5f47ede75080c61345c5990b,4,,,,,,monkey,,,,,,,,,,,5,2,0,50,50,45,1,,,,,,,,,,,,,,,,,,,,,,,,,,,,,,,,,,,,,,,,,,,,,,,,,,,,,,,,,,,,,,,,,,,,,,,,,,,,,,,,,,,,,,,,,,,,,,,,,,,,,,,,
,,?,0.000565,0,,,,,,stimuli/images/PICTURE_123.png,SALE,5f08dafa392f74145122c0ee,13/10/1999,2020-08-27_18h40.23.296,proactive3.1,2020.1.2,Win32,60,5f47c29a48bd2a1e651a6eb7,5f47ede75080c61345c5990b,4,,,,,,dart,,,,,,,,,,,1,2,0,51,51,8,1,,,,,,,,,,,,,,,,,,,,,,,,,,,,,,,,,,,,,,,,,,,,,,,,,,,,,,,,,,,,,,,,,,,,,,,,,,,,,,,,,,,,,,,,,,,,,,,,,,,,,,,,
,,?,0.00069,0,,,,,,stimuli/images/PICTURE_327.png,LEADER,5f08dafa392f74145122c0ee,13/10/1999,2020-08-27_18h40.23.296,proactive3.1,2020.1.2,Win32,60,5f47c29a48bd2a1e651a6eb7,5f47ede75080c61345c5990b,4,,,,,,helmet,,,,,,,,,,,2,2,0,52,52,17,1,,,,,,,,,,,,,,,,,,,,,,,,,,,,,,,,,,,,,,,,,,,,,,,,,,,,,,,,,,,,,,,,,,,,,,,,,,,,,,,,,,,,,,,,,,,,,,,,,,,,,,,,
,,?,0.00109,0,,,,,,stimuli/images/PICTURE_297.png,BODY,5f08dafa392f74145122c0ee,13/10/1999,2020-08-27_18h40.23.296,proactive3.1,2020.1.2,Win32,60,5f47c29a48bd2a1e651a6eb7,5f47ede75080c61345c5990b,4,,,,,,aeroplane,,,,,,,,,,,6,2,0,53,53,51,1,,,,,,,,,,,,,,,,,,,,,,,,,,,,,,,,,,,,,,,,,,,,,,,,,,,,,,,,,,,,,,,,,,,,,,,,,,,,,,,,,,,,,,,,,,,,,,,,,,,,,,,,
,,?,0.000625,0,,,,,,stimuli/images/PICTURE_509.png,BATH,5f08dafa392f74145122c0ee,13/10/1999,2020-08-27_18h40.23.296,proactive3.1,2020.1.2,Win32,60,5f47c29a48bd2a1e651a6eb7,5f47ede75080c61345c5990b,4,,,,,,telephone,,,,,,,,,,,2,2,0,54,54,15,1,,,,,,,,,,,,,,,,,,,,,,,,,,,,,,,,,,,,,,,,,,,,,,,,,,,,,,,,,,,,,,,,,,,,,,,,,,,,,,,,,,,,,,,,,,,,,,,,,,,,,,,,
,,?,0.000635,0,,,,,,stimuli/images/PICTURE_692.png,DUDE,5f08dafa392f74145122c0ee,13/10/1999,2020-08-27_18h40.23.296,proactive3.1,2020.1.2,Win32,60,5f47c29a48bd2a1e651a6eb7,5f47ede75080c61345c5990b,4,,,,,,cherry,,,,,,,,,,,5,2,0,55,55,47,1,,,,,,,,,,,,,,,,,,,,,,,,,,,,,,,,,,,,,,,,,,,,,,,,,,,,,,,,,,,,,,,,,,,,,,,,,,,,,,,,,,,,,,,,,,,,,,,,,,,,,,,,
,,?,0.000605,0,,,,,,stimuli/images/PICTURE_667.png,GLASS,5f08dafa392f74145122c0ee,13/10/1999,2020-08-27_18h40.23.296,proactive3.1,2020.1.2,Win32,60,5f47c29a48bd2a1e651a6eb7,5f47ede75080c61345c5990b,4,,,,,,daisy,,,,,,,,,,,3,2,0,56,56,27,1,,,,,,,,,,,,,,,,,,,,,,,,,,,,,,,,,,,,,,,,,,,,,,,,,,,,,,,,,,,,,,,,,,,,,,,,,,,,,,,,,,,,,,,,,,,,,,,,,,,,,,,,
,,?,0.000805,0,,,,,,stimuli/images/PICTURE_215.png,BOYS,5f08dafa392f74145122c0ee,13/10/1999,2020-08-27_18h40.23.296,proactive3.1,2020.1.2,Win32,60,5f47c29a48bd2a1e651a6eb7,5f47ede75080c61345c5990b,4,,,,,,boot,,,,,,,,,,,3,2,0,57,57,24,1,,,,,,,,,,,,,,,,,,,,,,,,,,,,,,,,,,,,,,,,,,,,,,,,,,,,,,,,,,,,,,,,,,,,,,,,,,,,,,,,,,,,,,,,,,,,,,,,,,,,,,,,
,,?,0.00116,0,,,,,,stimuli/images/PICTURE_160.png,HOTEL,5f08dafa392f74145122c0ee,13/10/1999,2020-08-27_18h40.23.296,proactive3.1,2020.1.2,Win32,60,5f47c29a48bd2a1e651a6eb7,5f47ede75080c61345c5990b,4,,,,,,wheelbarrow,,,,,,,,,,,2,2,0,58,58,16,1,,,,,,,,,,,,,,,,,,,,,,,,,,,,,,,,,,,,,,,,,,,,,,,,,,,,,,,,,,,,,,,,,,,,,,,,,,,,,,,,,,,,,,,,,,,,,,,,,,,,,,,,
,,LEADER,8.186015,1,,,,,,stimuli/images/PICTURE_147.png,LEADER,5f08dafa392f74145122c0ee,13/10/1999,2020-08-27_18h40.23.296,proactive3.1,2020.1.2,Win32,60,5f47c29a48bd2a1e651a6eb7,5f47ede75080c61345c5990b,4,,,,,,hanger,,,,,,,,,,,4,2,0,59,59,33,1,,,,,,,,,,,,,,,,,,,,,,,,,,,,,,,,,,,,,,,,,,,,,,,,,,,,,,,,,,,,,,,,,,,,,,,,,,,,,,,,,,,,,,,,,,,,,,,,,,,,,,,,
,,,,,,,,,,,,5f08dafa392f74145122c0ee,13/10/1999,2020-08-27_18h40.23.296,proactive3.1,2020.1.2,Win32,60,5f47c29a48bd2a1e651a6eb7,5f47ede75080c61345c5990b,4,,,,,,,,,,,,,,,,,,,,,,,,0,0,0,2,1,stimuli/learn-block3.csv,,,,,,,,,,,,,,,,,,,,,,,,,,,,,,,,,,,,,,,,,,,,,,,,,,,,,,,,,,,,,,,,,,,,,,,,,,,,,,,,,,,,,,,,,,,,,,,,,,
,,,,,,,,,,stimuli/images/PICTURE_403.png,RIVER,5f08dafa392f74145122c0ee,13/10/1999,2020-08-27_18h40.23.296,proactive3.1,2020.1.2,Win32,60,5f47c29a48bd2a1e651a6eb7,5f47ede75080c61345c5990b,4,,,,,,cathedral,,,,,,0,0,0,40,1,5,1,,,,,,,,,,,,,,,,,,,,,,,,,,,,,,,,,,,,,,,,,,,,,,,,,,,,,,,,,,,,,,,,,,,,,,,,,,,,,,,,,,,,,,,,,,,,,,,,,,,,,,,,,,,,,
,,,,,,,,,,stimuli/images/PICTURE_685.png,PENNY,5f08dafa392f74145122c0ee,13/10/1999,2020-08-27_18h40.23.296,proactive3.1,2020.1.2,Win32,60,5f47c29a48bd2a1e651a6eb7,5f47ede75080c61345c5990b,4,,,,,,goose,,,,,,0,1,1,4,1,1,1,,,,,,,,,,,,,,,,,,,,,,,,,,,,,,,,,,,,,,,,,,,,,,,,,,,,,,,,,,,,,,,,,,,,,,,,,,,,,,,,,,,,,,,,,,,,,,,,,,,,,,,,,,,,,
,,,,,,,,,,stimuli/images/PICTURE_327.png,CASINO,5f08dafa392f74145122c0ee,13/10/1999,2020-08-27_18h40.23.296,proactive3.1,2020.1.2,Win32,60,5f47c29a48bd2a1e651a6eb7,5f47ede75080c61345c5990b,4,,,,,,helmet,,,,,,0,2,2,20,1,3,1,,,,,,,,,,,,,,,,,,,,,,,,,,,,,,,,,,,,,,,,,,,,,,,,,,,,,,,,,,,,,,,,,,,,,,,,,,,,,,,,,,,,,,,,,,,,,,,,,,,,,,,,,,,,,
,,,,,,,,,,stimuli/images/PICTURE_487.png,GIRL,5f08dafa392f74145122c0ee,13/10/1999,2020-08-27_18h40.23.296,proactive3.1,2020.1.2,Win32,60,5f47c29a48bd2a1e651a6eb7,5f47ede75080c61345c5990b,4,,,,,,basket,,,,,,0,3,3,45,1,5,1,,,,,,,,,,,,,,,,,,,,,,,,,,,,,,,,,,,,,,,,,,,,,,,,,,,,,,,,,,,,,,,,,,,,,,,,,,,,,,,,,,,,,,,,,,,,,,,,,,,,,,,,,,,,,
,,,,,,,,,,stimuli/images/PICTURE_296.png,LIFE,5f08dafa392f74145122c0ee,13/10/1999,2020-08-27_18h40.23.296,proactive3.1,2020.1.2,Win32,60,5f47c29a48bd2a1e651a6eb7,5f47ede75080c61345c5990b,4,,,,,,bolt,,,,,,0,4,4,57,1,6,1,,,,,,,,,,,,,,,,,,,,,,,,,,,,,,,,,,,,,,,,,,,,,,,,,,,,,,,,,,,,,,,,,,,,,,,,,,,,,,,,,,,,,,,,,,,,,,,,,,,,,,,,,,,,,
,,,,,,,,,,stimuli/images/PICTURE_469.png,AGENT,5f08dafa392f74145122c0ee,13/10/1999,2020-08-27_18h40.23.296,proactive3.1,2020.1.2,Win32,60,5f47c29a48bd2a1e651a6eb7,5f47ede75080c61345c5990b,4,,,,,,stool,,,,,,0,5,5,16,1,2,1,,,,,,,,,,,,,,,,,,,,,,,,,,,,,,,,,,,,,,,,,,,,,,,,,,,,,,,,,,,,,,,,,,,,,,,,,,,,,,,,,,,,,,,,,,,,,,,,,,,,,,,,,,,,,
,,,,,,,,,,stimuli/images/PICTURE_68.png,MILE,5f08dafa392f74145122c0ee,13/10/1999,2020-08-27_18h40.23.296,proactive3.1,2020.1.2,Win32,60,5f47c29a48bd2a1e651a6eb7,5f47ede75080c61345c5990b,4,,,,,,candle,,,,,,0,6,6,51,1,6,1,,,,,,,,,,,,,,,,,,,,,,,,,,,,,,,,,,,,,,,,,,,,,,,,,,,,,,,,,,,,,,,,,,,,,,,,,,,,,,,,,,,,,,,,,,,,,,,,,,,,,,,,,,,,,
,,,,,,,,,,stimuli/images/PICTURE_2.png,FLIGHT,5f08dafa392f74145122c0ee,13/10/1999,2020-08-27_18h40.23.296,proactive3.1,2020.1.2,Win32,60,5f47c29a48bd2a1e651a6eb7,5f47ede75080c61345c5990b,4,,,,,,tyre,,,,,,0,7,7,15,1,2,1,,,,,,,,,,,,,,,,,,,,,,,,,,,,,,,,,,,,,,,,,,,,,,,,,,,,,,,,,,,,,,,,,,,,,,,,,,,,,,,,,,,,,,,,,,,,,,,,,,,,,,,,,,,,,
,,,,,,,,,,stimuli/images/PICTURE_403.png,WRITER,5f08dafa392f74145122c0ee,13/10/1999,2020-08-27_18h40.23.296,proactive3.1,2020.1.2,Win32,60,5f47c29a48bd2a1e651a6eb7,5f47ede75080c61345c5990b,4,,,,,,cathedral,,,,,,0,8,8,31,1,4,1,,,,,,,,,,,,,,,,,,,,,,,,,,,,,,,,,,,,,,,,,,,,,,,,,,,,,,,,,,,,,,,,,,,,,,,,,,,,,,,,,,,,,,,,,,,,,,,,,,,,,,,,,,,,,
,,,,,,,,,,stimuli/images/PICTURE_504.png,ARTIST,5f08dafa392f74145122c0ee,13/10/1999,2020-08-27_18h40.23.296,proactive3.1,2020.1.2,Win32,60,5f47c29a48bd2a1e651a6eb7,5f47ede75080c61345c5990b,4,,,,,,wheel,,,,,,0,9,9,49,1,5,1,,,,,,,,,,,,,,,,,,,,,,,,,,,,,,,,,,,,,,,,,,,,,,,,,,,,,,,,,,,,,,,,,,,,,,,,,,,,,,,,,,,,,,,,,,,,,,,,,,,,,,,,,,,,,
,,,,,,,,,,stimuli/images/PICTURE_380.png,CANDY,5f08dafa392f74145122c0ee,13/10/1999,2020-08-27_18h40.23.296,proactive3.1,2020.1.2,Win32,60,5f47c29a48bd2a1e651a6eb7,5f47ede75080c61345c5990b,4,,,,,,gorilla,,,,,,0,10,10,0,1,1,1,,,,,,,,,,,,,,,,,,,,,,,,,,,,,,,,,,,,,,,,,,,,,,,,,,,,,,,,,,,,,,,,,,,,,,,,,,,,,,,,,,,,,,,,,,,,,,,,,,,,,,,,,,,,,
,,,,,,,,,,stimuli/images/PICTURE_675.png,SALE,5f08dafa392f74145122c0ee,13/10/1999,2020-08-27_18h40.23.296,proactive3.1,2020.1.2,Win32,60,5f47c29a48bd2a1e651a6eb7,5f47ede75080c61345c5990b,4,,,,,,windmill,,,,,,0,11,11,47,1,5,1,,,,,,,,,,,,,,,,,,,,,,,,,,,,,,,,,,,,,,,,,,,,,,,,,,,,,,,,,,,,,,,,,,,,,,,,,,,,,,,,,,,,,,,,,,,,,,,,,,,,,,,,,,,,,
,,,,,,,,,,stimuli/images/PICTURE_504.png,YEAR,5f08dafa392f74145122c0ee,13/10/1999,2020-08-27_18h40.23.296,proactive3.1,2020.1.2,Win32,60,5f47c29a48bd2a1e651a6eb7,5f47ede75080c61345c5990b,4,,,,,,wheel,,,,,,0,12,12,13,1,2,1,,,,,,,,,,,,,,,,,,,,,,,,,,,,,,,,,,,,,,,,,,,,,,,,,,,,,,,,,,,,,,,,,,,,,,,,,,,,,,,,,,,,,,,,,,,,,,,,,,,,,,,,,,,,,
,,,,,,,,,,stimuli/images/PICTURE_750.png,HOTEL,5f08dafa392f74145122c0ee,13/10/1999,2020-08-27_18h40.23.296,proactive3.1,2020.1.2,Win32,60,5f47c29a48bd2a1e651a6eb7,5f47ede75080c61345c5990b,4,,,,,,kettle,,,,,,0,13,13,27,1,3,1,,,,,,,,,,,,,,,,,,,,,,,,,,,,,,,,,,,,,,,,,,,,,,,,,,,,,,,,,,,,,,,,,,,,,,,,,,,,,,,,,,,,,,,,,,,,,,,,,,,,,,,,,,,,,
,,,,,,,,,,stimuli/images/PICTURE_285.png,LIFE,5f08dafa392f74145122c0ee,13/10/1999,2020-08-27_18h40.23.296,proactive3.1,2020.1.2,Win32,60,5f47c29a48bd2a1e651a6eb7,5f47ede75080c61345c5990b,4,,,,,,carrot,,,,,,0,14,14,33,1,4,1,,,,,,,,,,,,,,,,,,,,,,,,,,,,,,,,,,,,,,,,,,,,,,,,,,,,,,,,,,,,,,,,,,,,,,,,,,,,,,,,,,,,,,,,,,,,,,,,,,,,,,,,,,,,,
,,,,,,,,,,stimuli/images/PICTURE_339.png,CLIENT,5f08dafa392f74145122c0ee,13/10/1999,2020-08-27_18h40.23.296,proactive3.1,2020.1.2,Win32,60,5f47c29a48bd2a1e651a6eb7,5f47ede75080c61345c5990b,4,,,,,,backpack,,,,,,0,15,15,11,1,2,1,,,,,,,,,,,,,,,,,,,,,,,,,,,,,,,,,,,,,,,,,,,,,,,,,,,,,,,,,,,,,,,,,,,,,,,,,,,,,,,,,,,,,,,,,,,,,,,,,,,,,,,,,,,,,
,,,,,,,,,,stimuli/images/PICTURE_108.png,FLIGHT,5f08dafa392f74145122c0ee,13/10/1999,2020-08-27_18h40.23.296,proactive3.1,2020.1.2,Win32,60,5f47c29a48bd2a1e651a6eb7,5f47ede75080c61345c5990b,4,,,,,,calendar,,,,,,0,16,16,59,1,6,1,,,,,,,,,,,,,,,,,,,,,,,,,,,,,,,,,,,,,,,,,,,,,,,,,,,,,,,,,,,,,,,,,,,,,,,,,,,,,,,,,,,,,,,,,,,,,,,,,,,,,,,,,,,,,
,,,,,,,,,,stimuli/images/PICTURE_296.png,LOTS,5f08dafa392f74145122c0ee,13/10/1999,2020-08-27_18h40.23.296,proactive3.1,2020.1.2,Win32,60,5f47c29a48bd2a1e651a6eb7,5f47ede75080c61345c5990b,4,,,,,,bolt,,,,,,0,17,17,9,1,1,1,,,,,,,,,,,,,,,,,,,,,,,,,,,,,,,,,,,,,,,,,,,,,,,,,,,,,,,,,,,,,,,,,,,,,,,,,,,,,,,,,,,,,,,,,,,,,,,,,,,,,,,,,,,,,
,,,,,,,,,,stimuli/images/PICTURE_491.png,GLASS,5f08dafa392f74145122c0ee,13/10/1999,2020-08-27_18h40.23.296,proactive3.1,2020.1.2,Win32,60,5f47c29a48bd2a1e651a6eb7,5f47ede75080c61345c5990b,4,,,,,,rug,,,,,,0,18,18,14,1,2,1,,,,,,,,,,,,,,,,,,,,,,,,,,,,,,,,,,,,,,,,,,,,,,,,,,,,,,,,,,,,,,,,,,,,,,,,,,,,,,,,,,,,,,,,,,,,,,,,,,,,,,,,,,,,,
,,,,,,,,,,stimuli/images/PICTURE_327.png,SERIES,5f08dafa392f74145122c0ee,13/10/1999,2020-08-27_18h40.23.296,proactive3.1,2020.1.2,Win32,60,5f47c29a48bd2a1e651a6eb7,5f47ede75080c61345c5990b,4,,,,,,helmet,,,,,,0,19,19,3,1,1,1,,,,,,,,,,,,,,,,,,,,,,,,,,,,,,,,,,,,,,,,,,,,,,,,,,,,,,,,,,,,,,,,,,,,,,,,,,,,,,,,,,,,,,,,,,,,,,,,,,,,,,,,,,,,,
,,,,,,,,,,stimuli/images/PICTURE_68.png,ROOF,5f08dafa392f74145122c0ee,13/10/1999,2020-08-27_18h40.23.296,proactive3.1,2020.1.2,Win32,60,5f47c29a48bd2a1e651a6eb7,5f47ede75080c61345c5990b,4,,,,,,candle,,,,,,0,20,20,38,1,4,1,,,,,,,,,,,,,,,,,,,,,,,,,,,,,,,,,,,,,,,,,,,,,,,,,,,,,,,,,,,,,,,,,,,,,,,,,,,,,,,,,,,,,,,,,,,,,,,,,,,,,,,,,,,,,
,,,,,,,,,,stimuli/images/PICTURE_655.png,TOILET,5f08dafa392f74145122c0ee,13/10/1999,2020-08-27_18h40.23.296,proactive3.1,2020.1.2,Win32,60,5f47c29a48bd2a1e651a6eb7,5f47ede75080c61345c5990b,4,,,,,,megaphone,,,,,,0,21,21,12,1,2,1,,,,,,,,,,,,,,,,,,,,,,,,,,,,,,,,,,,,,,,,,,,,,,,,,,,,,,,,,,,,,,,,,,,,,,,,,,,,,,,,,,,,,,,,,,,,,,,,,,,,,,,,,,,,,
,,,,,,,,,,stimuli/images/PICTURE_32.png,KIND,5f08dafa392f74145122c0ee,13/10/1999,2020-08-27_18h40.23.296,proactive3.1,2020.1.2,Win32,60,5f47c29a48bd2a1e651a6eb7,5f47ede75080c61345c5990b,4,,,,,,crown,,,,,,0,22,22,35,1,4,1,,,,,,,,,,,,,,,,,,,,,,,,,,,,,,,,,,,,,,,,,,,,,,,,,,,,,,,,,,,,,,,,,,,,,,,,,,,,,,,,,,,,,,,,,,,,,,,,,,,,,,,,,,,,,
,,,,,,,,,,stimuli/images/PICTURE_708.png,RECORD,5f08dafa392f74145122c0ee,13/10/1999,2020-08-27_18h40.23.296,proactive3.1,2020.1.2,Win32,60,5f47c29a48bd2a1e651a6eb7,5f47ede75080c61345c5990b,4,,,,,,monkey,,,,,,0,23,23,58,1,6,1,,,,,,,,,,,,,,,,,,,,,,,,,,,,,,,,,,,,,,,,,,,,,,,,,,,,,,,,,,,,,,,,,,,,,,,,,,,,,,,,,,,,,,,,,,,,,,,,,,,,,,,,,,,,,
,,,,,,,,,,stimuli/images/PICTURE_340.png,LETTER,5f08dafa392f74145122c0ee,13/10/1999,2020-08-27_18h40.23.296,proactive3.1,2020.1.2,Win32,60,5f47c29a48bd2a1e651a6eb7,5f47ede75080c61345c5990b,4,,,,,,mirror,,,,,,0,24,24,24,1,3,1,,,,,,,,,,,,,,,,,,,,,,,,,,,,,,,,,,,,,,,,,,,,,,,,,,,,,,,,,,,,,,,,,,,,,,,,,,,,,,,,,,,,,,,,,,,,,,,,,,,,,,,,,,,,,
,,,,,,,,,,stimuli/images/PICTURE_233.png,LOTS,5f08dafa392f74145122c0ee,13/10/1999,2020-08-27_18h40.23.296,proactive3.1,2020.1.2,Win32,60,5f47c29a48bd2a1e651a6eb7,5f47ede75080c61345c5990b,4,,,,,,salt,,,,,,0,25,25,42,1,5,1,,,,,,,,,,,,,,,,,,,,,,,,,,,,,,,,,,,,,,,,,,,,,,,,,,,,,,,,,,,,,,,,,,,,,,,,,,,,,,,,,,,,,,,,,,,,,,,,,,,,,,,,,,,,,
,,,,,,,,,,stimuli/images/PICTURE_203.png,NIGHT,5f08dafa392f74145122c0ee,13/10/1999,2020-08-27_18h40.23.296,proactive3.1,2020.1.2,Win32,60,5f47c29a48bd2a1e651a6eb7,5f47ede75080c61345c5990b,4,,,,,,cap,,,,,,0,26,26,2,1,1,1,,,,,,,,,,,,,,,,,,,,,,,,,,,,,,,,,,,,,,,,,,,,,,,,,,,,,,,,,,,,,,,,,,,,,,,,,,,,,,,,,,,,,,,,,,,,,,,,,,,,,,,,,,,,,
,,,,,,,,,,stimuli/images/PICTURE_308.png,FAMILY,5f08dafa392f74145122c0ee,13/10/1999,2020-08-27_18h40.23.296,proactive3.1,2020.1.2,Win32,60,5f47c29a48bd2a1e651a6eb7,5f47ede75080c61345c5990b,4,,,,,,dice,,,,,,0,27,27,36,1,4,1,,,,,,,,,,,,,,,,,,,,,,,,,,,,,,,,,,,,,,,,,,,,,,,,,,,,,,,,,,,,,,,,,,,,,,,,,,,,,,,,,,,,,,,,,,,,,,,,,,,,,,,,,,,,,
,,,,,,,,,,stimuli/images/PICTURE_449.png,DUDE,5f08dafa392f74145122c0ee,13/10/1999,2020-08-27_18h40.23.296,proactive3.1,2020.1.2,Win32,60,5f47c29a48bd2a1e651a6eb7,5f47ede75080c61345c5990b,4,,,,,,bench,,,,,,0,28,28,17,1,2,1,,,,,,,,,,,,,,,,,,,,,,,,,,,,,,,,,,,,,,,,,,,,,,,,,,,,,,,,,,,,,,,,,,,,,,,,,,,,,,,,,,,,,,,,,,,,,,,,,,,,,,,,,,,,,
,,,,,,,,,,stimuli/images/PICTURE_95.png,MILLER,5f08dafa392f74145122c0ee,13/10/1999,2020-08-27_18h40.23.296,proactive3.1,2020.1.2,Win32,60,5f47c29a48bd2a1e651a6eb7,5f47ede75080c61345c5990b,4,,,,,,suitcase,,,,,,0,29,29,56,1,6,1,,,,,,,,,,,,,,,,,,,,,,,,,,,,,,,,,,,,,,,,,,,,,,,,,,,,,,,,,,,,,,,,,,,,,,,,,,,,,,,,,,,,,,,,,,,,,,,,,,,,,,,,,,,,,
,,,,,,,,,,stimuli/images/PICTURE_383.png,WRITER,5f08dafa392f74145122c0ee,13/10/1999,2020-08-27_18h40.23.296,proactive3.1,2020.1.2,Win32,60,5f47c29a48bd2a1e651a6eb7,5f47ede75080c61345c5990b,4,,,,,,coin,,,,,,0,30,30,28,1,3,1,,,,,,,,,,,,,,,,,,,,,,,,,,,,,,,,,,,,,,,,,,,,,,,,,,,,,,,,,,,,,,,,,,,,,,,,,,,,,,,,,,,,,,,,,,,,,,,,,,,,,,,,,,,,,
,,,,,,,,,,stimuli/images/PICTURE_297.png,RIVER,5f08dafa392f74145122c0ee,13/10/1999,2020-08-27_18h40.23.296,proactive3.1,2020.1.2,Win32,60,5f47c29a48bd2a1e651a6eb7,5f47ede75080c61345c5990b,4,,,,,,aeroplane,,,,,,0,31,31,39,1,4,1,,,,,,,,,,,,,,,,,,,,,,,,,,,,,,,,,,,,,,,,,,,,,,,,,,,,,,,,,,,,,,,,,,,,,,,,,,,,,,,,,,,,,,,,,,,,,,,,,,,,,,,,,,,,,
,,,,,,,,,,stimuli/images/PICTURE_33.png,FRIEND,5f08dafa392f74145122c0ee,13/10/1999,2020-08-27_18h40.23.296,proactive3.1,2020.1.2,Win32,60,5f47c29a48bd2a1e651a6eb7,5f47ede75080c61345c5990b,4,,,,,,frame,,,,,,0,32,32,8,1,1,1,,,,,,,,,,,,,,,,,,,,,,,,,,,,,,,,,,,,,,,,,,,,,,,,,,,,,,,,,,,,,,,,,,,,,,,,,,,,,,,,,,,,,,,,,,,,,,,,,,,,,,,,,,,,,
,,,,,,,,,,stimuli/images/PICTURE_491.png,RIVER,5f08dafa392f74145122c0ee,13/10/1999,2020-08-27_18h40.23.296,proactive3.1,2020.1.2,Win32,60,5f47c29a48bd2a1e651a6eb7,5f47ede75080c61345c5990b,4,,,,,,rug,,,,,,0,33,33,6,1,1,1,,,,,,,,,,,,,,,,,,,,,,,,,,,,,,,,,,,,,,,,,,,,,,,,,,,,,,,,,,,,,,,,,,,,,,,,,,,,,,,,,,,,,,,,,,,,,,,,,,,,,,,,,,,,,
,,,,,,,,,,stimuli/images/PICTURE_32.png,PILLS,5f08dafa392f74145122c0ee,13/10/1999,2020-08-27_18h40.23.296,proactive3.1,2020.1.2,Win32,60,5f47c29a48bd2a1e651a6eb7,5f47ede75080c61345c5990b,4,,,,,,crown,,,,,,0,34,34,18,1,2,1,,,,,,,,,,,,,,,,,,,,,,,,,,,,,,,,,,,,,,,,,,,,,,,,,,,,,,,,,,,,,,,,,,,,,,,,,,,,,,,,,,,,,,,,,,,,,,,,,,,,,,,,,,,,,
,,,,,,,,,,stimuli/images/PICTURE_405.png,PLENTY,5f08dafa392f74145122c0ee,13/10/1999,2020-08-27_18h40.23.296,proactive3.1,2020.1.2,Win32,60,5f47c29a48bd2a1e651a6eb7,5f47ede75080c61345c5990b,4,,,,,,anchor,,,,,,0,35,35,23,1,3,1,,,,,,,,,,,,,,,,,,,,,,,,,,,,,,,,,,,,,,,,,,,,,,,,,,,,,,,,,,,,,,,,,,,,,,,,,,,,,,,,,,,,,,,,,,,,,,,,,,,,,,,,,,,,,
,,,,,,,,,,stimuli/images/PICTURE_744.png,WEAPON,5f08dafa392f74145122c0ee,13/10/1999,2020-08-27_18h40.23.296,proactive3.1,2020.1.2,Win32,60,5f47c29a48bd2a1e651a6eb7,5f47ede75080c61345c5990b,4,,,,,,ring,,,,,,0,36,36,50,1,6,1,,,,,,,,,,,,,,,,,,,,,,,,,,,,,,,,,,,,,,,,,,,,,,,,,,,,,,,,,,,,,,,,,,,,,,,,,,,,,,,,,,,,,,,,,,,,,,,,,,,,,,,,,,,,,
,,,,,,,,,,stimuli/images/PICTURE_95.png,BOYS,5f08dafa392f74145122c0ee,13/10/1999,2020-08-27_18h40.23.296,proactive3.1,2020.1.2,Win32,60,5f47c29a48bd2a1e651a6eb7,5f47ede75080c61345c5990b,4,,,,,,suitcase,,,,,,0,37,37,1,1,1,1,,,,,,,,,,,,,,,,,,,,,,,,,,,,,,,,,,,,,,,,,,,,,,,,,,,,,,,,,,,,,,,,,,,,,,,,,,,,,,,,,,,,,,,,,,,,,,,,,,,,,,,,,,,,,
,,,,,,,,,,stimuli/images/PICTURE_85.png,NATION,5f08dafa392f74145122c0ee,13/10/1999,2020-08-27_18h40.23.296,proactive3.1,2020.1.2,Win32,60,5f47c29a48bd2a1e651a6eb7,5f47ede75080c61345c5990b,4,,,,,,diamond,,,,,,0,38,38,5,1,1,1,,,,,,,,,,,,,,,,,,,,,,,,,,,,,,,,,,,,,,,,,,,,,,,,,,,,,,,,,,,,,,,,,,,,,,,,,,,,,,,,,,,,,,,,,,,,,,,,,,,,,,,,,,,,,
,,,,,,,,,,stimuli/images/PICTURE_203.png,GODS,5f08dafa392f74145122c0ee,13/10/1999,2020-08-27_18h40.23.296,proactive3.1,2020.1.2,Win32,60,5f47c29a48bd2a1e651a6eb7,5f47ede75080c61345c5990b,4,,,,,,cap,,,,,,0,39,39,30,1,4,1,,,,,,,,,,,,,,,,,,,,,,,,,,,,,,,,,,,,,,,,,,,,,,,,,,,,,,,,,,,,,,,,,,,,,,,,,,,,,,,,,,,,,,,,,,,,,,,,,,,,,,,,,,,,,
,,,,,,,,,,stimuli/images/PICTURE_85.png,TOILET,5f08dafa392f74145122c0ee,13/10/1999,2020-08-27_18h40.23.296,proactive3.1,2020.1.2,Win32,60,5f47c29a48bd2a1e651a6eb7,5f47ede75080c61345c5990b,4,,,,,,diamond,,,,,,0,40,40,48,1,5,1,,,,,,,,,,,,,,,,,,,,,,,,,,,,,,,,,,,,,,,,,,,,,,,,,,,,,,,,,,,,,,,,,,,,,,,,,,,,,,,,,,,,,,,,,,,,,,,,,,,,,,,,,,,,,
,,,,,,,,,,stimuli/images/PICTURE_108.png,POLICY,5f08dafa392f74145122c0ee,13/10/1999,2020-08-27_18h40.23.296,proactive3.1,2020.1.2,Win32,60,5f47c29a48bd2a1e651a6eb7,5f47ede75080c61345c5990b,4,,,,,,calendar,,,,,,0,41,41,22,1,3,1,,,,,,,,,,,,,,,,,,,,,,,,,,,,,,,,,,,,,,,,,,,,,,,,,,,,,,,,,,,,,,,,,,,,,,,,,,,,,,,,,,,,,,,,,,,,,,,,,,,,,,,,,,,,,
,,,,,,,,,,stimuli/images/PICTURE_467.png,POLICY,5f08dafa392f74145122c0ee,13/10/1999,2020-08-27_18h40.23.296,proactive3.1,2020.1.2,Win32,60,5f47c29a48bd2a1e651a6eb7,5f47ede75080c61345c5990b,4,,,,,,peg,,,,,,0,42,42,53,1,6,1,,,,,,,,,,,,,,,,,,,,,,,,,,,,,,,,,,,,,,,,,,,,,,,,,,,,,,,,,,,,,,,,,,,,,,,,,,,,,,,,,,,,,,,,,,,,,,,,,,,,,,,,,,,,,
,,,,,,,,,,stimuli/images/PICTURE_177.png,WRITER,5f08dafa392f74145122c0ee,13/10/1999,2020-08-27_18h40.23.296,proactive3.1,2020.1.2,Win32,60,5f47c29a48bd2a1e651a6eb7,5f47ede75080c61345c5990b,4,,,,,,mushroom,,,,,,0,43,43,41,1,5,1,,,,,,,,,,,,,,,,,,,,,,,,,,,,,,,,,,,,,,,,,,,,,,,,,,,,,,,,,,,,,,,,,,,,,,,,,,,,,,,,,,,,,,,,,,,,,,,,,,,,,,,,,,,,,
,,,,,,,,,,stimuli/images/PICTURE_405.png,YEAR,5f08dafa392f74145122c0ee,13/10/1999,2020-08-27_18h40.23.296,proactive3.1,2020.1.2,Win32,60,5f47c29a48bd2a1e651a6eb7,5f47ede75080c61345c5990b,4,,,,,,anchor,,,,,,0,44,44,34,1,4,1,,,,,,,,,,,,,,,,,,,,,,,,,,,,,,,,,,,,,,,,,,,,,,,,,,,,,,,,,,,,,,,,,,,,,,,,,,,,,,,,,,,,,,,,,,,,,,,,,,,,,,,,,,,,,
,,,,,,,,,,stimuli/images/PICTURE_380.png,HONEY,5f08dafa392f74145122c0ee,13/10/1999,2020-08-27_18h40.23.296,proactive3.1,2020.1.2,Win32,60,5f47c29a48bd2a1e651a6eb7,5f47ede75080c61345c5990b,4,,,,,,gorilla,,,,,,0,45,45,19,1,2,1,,,,,,,,,,,,,,,,,,,,,,,,,,,,,,,,,,,,,,,,,,,,,,,,,,,,,,,,,,,,,,,,,,,,,,,,,,,,,,,,,,,,,,,,,,,,,,,,,,,,,,,,,,,,,
,,,,,,,,,,stimuli/images/PICTURE_383.png,SERIES,5f08dafa392f74145122c0ee,13/10/1999,2020-08-27_18h40.23.296,proactive3.1,2020.1.2,Win32,60,5f47c29a48bd2a1e651a6eb7,5f47ede75080c61345c5990b,4,,,,,,coin,,,,,,0,46,46,46,1,5,1,,,,,,,,,,,,,,,,,,,,,,,,,,,,,,,,,,,,,,,,,,,,,,,,,,,,,,,,,,,,,,,,,,,,,,,,,,,,,,,,,,,,,,,,,,,,,,,,,,,,,,,,,,,,,
,,,,,,,,,,stimuli/images/PICTURE_403.png,TOILET,5f08dafa392f74145122c0ee,13/10/1999,2020-08-27_18h40.23.296,proactive3.1,2020.1.2,Win32,60,5f47c29a48bd2a1e651a6eb7,5f47ede75080c61345c5990b,4,,,,,,cathedral,,,,,,0,47,47,25,1,3,1,,,,,,,,,,,,,,,,,,,,,,,,,,,,,,,,,,,,,,,,,,,,,,,,,,,,,,,,,,,,,,,,,,,,,,,,,,,,,,,,,,,,,,,,,,,,,,,,,,,,,,,,,,,,,
,,,,,,,,,,stimuli/images/PICTURE_504.png,COPS,5f08dafa392f74145122c0ee,13/10/1999,2020-08-27_18h40.23.296,proactive3.1,2020.1.2,Win32,60,5f47c29a48bd2a1e651a6eb7,5f47ede75080c61345c5990b,4,,,,,,wheel,,,,,,0,48,48,52,1,6,1,,,,,,,,,,,,,,,,,,,,,,,,,,,,,,,,,,,,,,,,,,,,,,,,,,,,,,,,,,,,,,,,,,,,,,,,,,,,,,,,,,,,,,,,,,,,,,,,,,,,,,,,,,,,,
,,,,,,,,,,stimuli/images/PICTURE_208.png,SYSTEM,5f08dafa392f74145122c0ee,13/10/1999,2020-08-27_18h40.23.296,proactive3.1,2020.1.2,Win32,60,5f47c29a48bd2a1e651a6eb7,5f47ede75080c61345c5990b,4,,,,,,microphone,,,,,,0,49,49,32,1,4,1,,,,,,,,,,,,,,,,,,,,,,,,,,,,,,,,,,,,,,,,,,,,,,,,,,,,,,,,,,,,,,,,,,,,,,,,,,,,,,,,,,,,,,,,,,,,,,,,,,,,,,,,,,,,,
,,,,,,,,,,stimuli/images/PICTURE_340.png,VALLEY,5f08dafa392f74145122c0ee,13/10/1999,2020-08-27_18h40.23.296,proactive3.1,2020.1.2,Win32,60,5f47c29a48bd2a1e651a6eb7,5f47ede75080c61345c5990b,4,,,,,,mirror,,,,,,0,50,50,54,1,6,1,,,,,,,,,,,,,,,,,,,,,,,,,,,,,,,,,,,,,,,,,,,,,,,,,,,,,,,,,,,,,,,,,,,,,,,,,,,,,,,,,,,,,,,,,,,,,,,,,,,,,,,,,,,,,
,,,,,,,,,,stimuli/images/PICTURE_42.png,BOYS,5f08dafa392f74145122c0ee,13/10/1999,2020-08-27_18h40.23.296,proactive3.1,2020.1.2,Win32,60,5f47c29a48bd2a1e651a6eb7,5f47ede75080c61345c5990b,4,,,,,,pear,,,,,,0,51,51,55,1,6,1,,,,,,,,,,,,,,,,,,,,,,,,,,,,,,,,,,,,,,,,,,,,,,,,,,,,,,,,,,,,,,,,,,,,,,,,,,,,,,,,,,,,,,,,,,,,,,,,,,,,,,,,,,,,,
,,,,,,,,,,stimuli/images/PICTURE_147.png,YEAR,5f08dafa392f74145122c0ee,13/10/1999,2020-08-27_18h40.23.296,proactive3.1,2020.1.2,Win32,60,5f47c29a48bd2a1e651a6eb7,5f47ede75080c61345c5990b,4,,,,,,hanger,,,,,,0,52,52,21,1,3,1,,,,,,,,,,,,,,,,,,,,,,,,,,,,,,,,,,,,,,,,,,,,,,,,,,,,,,,,,,,,,,,,,,,,,,,,,,,,,,,,,,,,,,,,,,,,,,,,,,,,,,,,,,,,,
,,,,,,,,,,stimuli/images/PICTURE_677.png,APPLE,5f08dafa392f74145122c0ee,13/10/1999,2020-08-27_18h40.23.296,proactive3.1,2020.1.2,Win32,60,5f47c29a48bd2a1e651a6eb7,5f47ede75080c61345c5990b,4,,,,,,map,,,,,,0,53,53,43,1,5,1,,,,,,,,,,,,,,,,,,,,,,,,,,,,,,,,,,,,,,,,,,,,,,,,,,,,,,,,,,,,,,,,,,,,,,,,,,,,,,,,,,,,,,,,,,,,,,,,,,,,,,,,,,,,,
,,,,,,,,,,stimuli/images/PICTURE_95.png,HONEY,5f08dafa392f74145122c0ee,13/10/1999,2020-08-27_18h40.23.296,proactive3.1,2020.1.2,Win32,60,5f47c29a48bd2a1e651a6eb7,5f47ede75080c61345c5990b,4,,,,,,suitcase,,,,,,0,54,54,44,1,5,1,,,,,,,,,,,,,,,,,,,,,,,,,,,,,,,,,,,,,,,,,,,,,,,,,,,,,,,,,,,,,,,,,,,,,,,,,,,,,,,,,,,,,,,,,,,,,,,,,,,,,,,,,,,,,
,,,,,,,,,,stimuli/images/PICTURE_147.png,WOMEN,5f08dafa392f74145122c0ee,13/10/1999,2020-08-27_18h40.23.296,proactive3.1,2020.1.2,Win32,60,5f47c29a48bd2a1e651a6eb7,5f47ede75080c61345c5990b,4,,,,,,hanger,,,,,,0,55,55,7,1,1,1,,,,,,,,,,,,,,,,,,,,,,,,,,,,,,,,,,,,,,,,,,,,,,,,,,,,,,,,,,,,,,,,,,,,,,,,,,,,,,,,,,,,,,,,,,,,,,,,,,,,,,,,,,,,,
,,,,,,,,,,stimuli/images/PICTURE_57.png,MOMENT,5f08dafa392f74145122c0ee,13/10/1999,2020-08-27_18h40.23.296,proactive3.1,2020.1.2,Win32,60,5f47c29a48bd2a1e651a6eb7,5f47ede75080c61345c5990b,4,,,,,,stamp,,,,,,0,56,56,37,1,4,1,,,,,,,,,,,,,,,,,,,,,,,,,,,,,,,,,,,,,,,,,,,,,,,,,,,,,,,,,,,,,,,,,,,,,,,,,,,,,,,,,,,,,,,,,,,,,,,,,,,,,,,,,,,,,
,,,,,,,,,,stimuli/images/PICTURE_667.png,RIVER,5f08dafa392f74145122c0ee,13/10/1999,2020-08-27_18h40.23.296,proactive3.1,2020.1.2,Win32,60,5f47c29a48bd2a1e651a6eb7,5f47ede75080c61345c5990b,4,,,,,,daisy,,,,,,0,57,57,10,1,2,1,,,,,,,,,,,,,,,,,,,,,,,,,,,,,,,,,,,,,,,,,,,,,,,,,,,,,,,,,,,,,,,,,,,,,,,,,,,,,,,,,,,,,,,,,,,,,,,,,,,,,,,,,,,,,
,,,,,,,,,,stimuli/images/PICTURE_654.png,MONTH,5f08dafa392f74145122c0ee,13/10/1999,2020-08-27_18h40.23.296,proactive3.1,2020.1.2,Win32,60,5f47c29a48bd2a1e651a6eb7,5f47ede75080c61345c5990b,4,,,,,,pencil,,,,,,0,58,58,29,1,3,1,,,,,,,,,,,,,,,,,,,,,,,,,,,,,,,,,,,,,,,,,,,,,,,,,,,,,,,,,,,,,,,,,,,,,,,,,,,,,,,,,,,,,,,,,,,,,,,,,,,,,,,,,,,,,
,,SYSTEM,11.134425,1,,,,,,stimuli/images/PICTURE_208.png,SYSTEM,5f08dafa392f74145122c0ee,13/10/1999,2020-08-27_18h40.23.296,proactive3.1,2020.1.2,Win32,60,5f47c29a48bd2a1e651a6eb7,5f47ede75080c61345c5990b,4,,,,,,microphone,,,,,,,,,,,4,1,0,0,0,32,1,,,,,,,,,,,,,,,,,,,,,,,,,,,,,,,,,,,,,,,,,,,,,,,,,,,,,,,,,,,,,,,,,,,,,,,,,,,,,,,,,,,,,,,,,,,,,,,,,,,,,,,,
,,?,0.001185,0,,,,,,stimuli/images/PICTURE_383.png,WRITER,5f08dafa392f74145122c0ee,13/10/1999,2020-08-27_18h40.23.296,proactive3.1,2020.1.2,Win32,60,5f47c29a48bd2a1e651a6eb7,5f47ede75080c61345c5990b,4,,,,,,coin,,,,,,,,,,,3,1,0,1,1,28,1,,,,,,,,,,,,,,,,,,,,,,,,,,,,,,,,,,,,,,,,,,,,,,,,,,,,,,,,,,,,,,,,,,,,,,,,,,,,,,,,,,,,,,,,,,,,,,,,,,,,,,,,
,,?,0.00097,0,,,,,,stimuli/images/PICTURE_233.png,LOTS,5f08dafa392f74145122c0ee,13/10/1999,2020-08-27_18h40.23.296,proactive3.1,2020.1.2,Win32,60,5f47c29a48bd2a1e651a6eb7,5f47ede75080c61345c5990b,4,,,,,,salt,,,,,,,,,,,5,1,0,2,2,42,1,,,,,,,,,,,,,,,,,,,,,,,,,,,,,,,,,,,,,,,,,,,,,,,,,,,,,,,,,,,,,,,,,,,,,,,,,,,,,,,,,,,,,,,,,,,,,,,,,,,,,,,,
,,?,0.001015,0,,,,,,stimuli/images/PICTURE_708.png,RECORD,5f08dafa392f74145122c0ee,13/10/1999,2020-08-27_18h40.23.296,proactive3.1,2020.1.2,Win32,60,5f47c29a48bd2a1e651a6eb7,5f47ede75080c61345c5990b,4,,,,,,monkey,,,,,,,,,,,6,1,0,3,3,58,1,,,,,,,,,,,,,,,,,,,,,,,,,,,,,,,,,,,,,,,,,,,,,,,,,,,,,,,,,,,,,,,,,,,,,,,,,,,,,,,,,,,,,,,,,,,,,,,,,,,,,,,,
,,?,0.001005,0,,,,,,stimuli/images/PICTURE_449.png,DUDE,5f08dafa392f74145122c0ee,13/10/1999,2020-08-27_18h40.23.296,proactive3.1,2020.1.2,Win32,60,5f47c29a48bd2a1e651a6eb7,5f47ede75080c61345c5990b,4,,,,,,bench,,,,,,,,,,,2,1,0,4,4,17,1,,,,,,,,,,,,,,,,,,,,,,,,,,,,,,,,,,,,,,,,,,,,,,,,,,,,,,,,,,,,,,,,,,,,,,,,,,,,,,,,,,,,,,,,,,,,,,,,,,,,,,,,
,,RIVER,6.19265,1,,,,,,stimuli/images/PICTURE_297.png,RIVER,5f08dafa392f74145122c0ee,13/10/1999,2020-08-27_18h40.23.296,proactive3.1,2020.1.2,Win32,60,5f47c29a48bd2a1e651a6eb7,5f47ede75080c61345c5990b,4,,,,,,aeroplane,,,,,,,,,,,4,1,0,5,5,39,1,,,,,,,,,,,,,,,,,,,,,,,,,,,,,,,,,,,,,,,,,,,,,,,,,,,,,,,,,,,,,,,,,,,,,,,,,,,,,,,,,,,,,,,,,,,,,,,,,,,,,,,,
,,?,0.001665,0,,,,,,stimuli/images/PICTURE_33.png,FRIEND,5f08dafa392f74145122c0ee,13/10/1999,2020-08-27_18h40.23.296,proactive3.1,2020.1.2,Win32,60,5f47c29a48bd2a1e651a6eb7,5f47ede75080c61345c5990b,4,,,,,,frame,,,,,,,,,,,1,1,0,6,6,8,1,,,,,,,,,,,,,,,,,,,,,,,,,,,,,,,,,,,,,,,,,,,,,,,,,,,,,,,,,,,,,,,,,,,,,,,,,,,,,,,,,,,,,,,,,,,,,,,,,,,,,,,,
,,?,0.000655,0,,,,,,stimuli/images/PICTURE_327.png,SERIES,5f08dafa392f74145122c0ee,13/10/1999,2020-08-27_18h40.23.296,proactive3.1,2020.1.2,Win32,60,5f47c29a48bd2a1e651a6eb7,5f47ede75080c61345c5990b,4,,,,,,helmet,,,,,,,,,,,1,1,0,7,7,3,1,,,,,,,,,,,,,,,,,,,,,,,,,,,,,,,,,,,,,,,,,,,,,,,,,,,,,,,,,,,,,,,,,,,,,,,,,,,,,,,,,,,,,,,,,,,,,,,,,,,,,,,,
,,?,0.000695,0,,,,,,stimuli/images/PICTURE_564.png,BATH,5f08dafa392f74145122c0ee,13/10/1999,2020-08-27_18h40.23.296,proactive3.1,2020.1.2,Win32,60,5f47c29a48bd2a1e651a6eb7,5f47ede75080c61345c5990b,4,,,,,,spoon,,,,,,,,,,,3,1,0,8,8,26,1,,,,,,,,,,,,,,,,,,,,,,,,,,,,,,,,,,,,,,,,,,,,,,,,,,,,,,,,,,,,,,,,,,,,,,,,,,,,,,,,,,,,,,,,,,,,,,,,,,,,,,,,
,,?,0.00088,0,,,,,,stimuli/images/PICTURE_405.png,PLENTY,5f08dafa392f74145122c0ee,13/10/1999,2020-08-27_18h40.23.296,proactive3.1,2020.1.2,Win32,60,5f47c29a48bd2a1e651a6eb7,5f47ede75080c61345c5990b,4,,,,,,anchor,,,,,,,,,,,3,1,0,9,9,23,1,,,,,,,,,,,,,,,,,,,,,,,,,,,,,,,,,,,,,,,,,,,,,,,,,,,,,,,,,,,,,,,,,,,,,,,,,,,,,,,,,,,,,,,,,,,,,,,,,,,,,,,,
,,?,0.00075,0,,,,,,stimuli/images/PICTURE_340.png,VALLEY,5f08dafa392f74145122c0ee,13/10/1999,2020-08-27_18h40.23.296,proactive3.1,2020.1.2,Win32,60,5f47c29a48bd2a1e651a6eb7,5f47ede75080c61345c5990b,4,,,,,,mirror,,,,,,,,,,,6,1,0,10,10,54,1,,,,,,,,,,,,,,,,,,,,,,,,,,,,,,,,,,,,,,,,,,,,,,,,,,,,,,,,,,,,,,,,,,,,,,,,,,,,,,,,,,,,,,,,,,,,,,,,,,,,,,,,
,,?,0.000635,0,,,,,,stimuli/images/PICTURE_467.png,POLICY,5f08dafa392f74145122c0ee,13/10/1999,2020-08-27_18h40.23.296,proactive3.1,2020.1.2,Win32,60,5f47c29a48bd2a1e651a6eb7,5f47ede75080c61345c5990b,4,,,,,,peg,,,,,,,,,,,6,1,0,11,11,53,1,,,,,,,,,,,,,,,,,,,,,,,,,,,,,,,,,,,,,,,,,,,,,,,,,,,,,,,,,,,,,,,,,,,,,,,,,,,,,,,,,,,,,,,,,,,,,,,,,,,,,,,,
,,?,0.000565,0,,,,,,stimuli/images/PICTURE_504.png,ARTIST,5f08dafa392f74145122c0ee,13/10/1999,2020-08-27_18h40.23.296,proactive3.1,2020.1.2,Win32,60,5f47c29a48bd2a1e651a6eb7,5f47ede75080c61345c5990b,4,,,,,,wheel,,,,,,,,,,,5,1,0,12,12,49,1,,,,,,,,,,,,,,,,,,,,,,,,,,,,,,,,,,,,,,,,,,,,,,,,,,,,,,,,,,,,,,,,,,,,,,,,,,,,,,,,,,,,,,,,,,,,,,,,,,,,,,,,
,,?,0.000665,0,,,,,,stimuli/images/PICTURE_667.png,RIVER,5f08dafa392f74145122c0ee,13/10/1999,2020-08-27_18h40.23.296,proactive3.1,2020.1.2,Win32,60,5f47c29a48bd2a1e651a6eb7,5f47ede75080c61345c5990b,4,,,,,,daisy,,,,,,,,,,,2,1,0,13,13,10,1,,,,,,,,,,,,,,,,,,,,,,,,,,,,,,,,,,,,,,,,,,,,,,,,,,,,,,,,,,,,,,,,,,,,,,,,,,,,,,,,,,,,,,,,,,,,,,,,,,,,,,,,
,,?,0.00061,0,,,,,,stimuli/images/PICTURE_487.png,GIRL,5f08dafa392f74145122c0ee,13/10/1999,2020-08-27_18h40.23.296,proactive3.1,2020.1.2,Win32,60,5f47c29a48bd2a1e651a6eb7,5f47ede75080c61345c5990b,4,,,,,,basket,,,,,,,,,,,5,1,0,14,14,45,1,,,,,,,,,,,,,,,,,,,,,,,,,,,,,,,,,,,,,,,,,,,,,,,,,,,,,,,,,,,,,,,,,,,,,,,,,,,,,,,,,,,,,,,,,,,,,,,,,,,,,,,,
,,?,0.00108,0,,,,,,stimuli/images/PICTURE_380.png,HONEY,5f08dafa392f74145122c0ee,13/10/1999,2020-08-27_18h40.23.296,proactive3.1,2020.1.2,Win32,60,5f47c29a48bd2a1e651a6eb7,5f47ede75080c61345c5990b,4,,,,,,gorilla,,,,,,,,,,,2,1,0,15,15,19,1,,,,,,,,,,,,,,,,,,,,,,,,,,,,,,,,,,,,,,,,,,,,,,,,,,,,,,,,,,,,,,,,,,,,,,,,,,,,,,,,,,,,,,,,,,,,,,,,,,,,,,,,
,,?,0.000605,0,,,,,,stimuli/images/PICTURE_403.png,TOILET,5f08dafa392f74145122c0ee,13/10/1999,2020-08-27_18h40.23.296,proactive3.1,2020.1.2,Win32,60,5f47c29a48bd2a1e651a6eb7,5f47ede75080c61345c5990b,4,,,,,,cathedral,,,,,,,,,,,3,1,0,16,16,25,1,,,,,,,,,,,,,,,,,,,,,,,,,,,,,,,,,,,,,,,,,,,,,,,,,,,,,,,,,,,,,,,,,,,,,,,,,,,,,,,,,,,,,,,,,,,,,,,,,,,,,,,,
,,FAMILY,4.80084,1,,,,,,stimuli/images/PICTURE_308.png,FAMILY,5f08dafa392f74145122c0ee,13/10/1999,2020-08-27_18h40.23.296,proactive3.1,2020.1.2,Win32,60,5f47c29a48bd2a1e651a6eb7,5f47ede75080c61345c5990b,4,,,,,,dice,,,,,,,,,,,4,1,0,17,17,36,1,,,,,,,,,,,,,,,,,,,,,,,,,,,,,,,,,,,,,,,,,,,,,,,,,,,,,,,,,,,,,,,,,,,,,,,,,,,,,,,,,,,,,,,,,,,,,,,,,,,,,,,,
,,GODS,8.921295,1,,,,,,stimuli/images/PICTURE_203.png,GODS,5f08dafa392f74145122c0ee,13/10/1999,2020-08-27_18h40.23.296,proactive3.1,2020.1.2,Win32,60,5f47c29a48bd2a1e651a6eb7,5f47ede75080c61345c5990b,4,,,,,,cap,,,,,,,,,,,4,1,0,18,18,30,1,,,,,,,,,,,,,,,,,,,,,,,,,,,,,,,,,,,,,,,,,,,,,,,,,,,,,,,,,,,,,,,,,,,,,,,,,,,,,,,,,,,,,,,,,,,,,,,,,,,,,,,,
,,?,0.0016,0,,,,,,stimuli/images/PICTURE_327.png,CASINO,5f08dafa392f74145122c0ee,13/10/1999,2020-08-27_18h40.23.296,proactive3.1,2020.1.2,Win32,60,5f47c29a48bd2a1e651a6eb7,5f47ede75080c61345c5990b,4,,,,,,helmet,,,,,,,,,,,3,1,0,19,19,20,1,,,,,,,,,,,,,,,,,,,,,,,,,,,,,,,,,,,,,,,,,,,,,,,,,,,,,,,,,,,,,,,,,,,,,,,,,,,,,,,,,,,,,,,,,,,,,,,,,,,,,,,,
,,?,0.000705,0,,,,,,stimuli/images/PICTURE_32.png,PILLS,5f08dafa392f74145122c0ee,13/10/1999,2020-08-27_18h40.23.296,proactive3.1,2020.1.2,Win32,60,5f47c29a48bd2a1e651a6eb7,5f47ede75080c61345c5990b,4,,,,,,crown,,,,,,,,,,,2,1,0,20,20,18,1,,,,,,,,,,,,,,,,,,,,,,,,,,,,,,,,,,,,,,,,,,,,,,,,,,,,,,,,,,,,,,,,,,,,,,,,,,,,,,,,,,,,,,,,,,,,,,,,,,,,,,,,
,,?,0.000585,0,,,,,,stimuli/images/PICTURE_744.png,WEAPON,5f08dafa392f74145122c0ee,13/10/1999,2020-08-27_18h40.23.296,proactive3.1,2020.1.2,Win32,60,5f47c29a48bd2a1e651a6eb7,5f47ede75080c61345c5990b,4,,,,,,ring,,,,,,,,,,,6,1,0,21,21,50,1,,,,,,,,,,,,,,,,,,,,,,,,,,,,,,,,,,,,,,,,,,,,,,,,,,,,,,,,,,,,,,,,,,,,,,,,,,,,,,,,,,,,,,,,,,,,,,,,,,,,,,,,
,,?,0.0006,0,,,,,,stimuli/images/PICTURE_383.png,SERIES,5f08dafa392f74145122c0ee,13/10/1999,2020-08-27_18h40.23.296,proactive3.1,2020.1.2,Win32,60,5f47c29a48bd2a1e651a6eb7,5f47ede75080c61345c5990b,4,,,,,,coin,,,,,,,,,,,5,1,0,22,22,46,1,,,,,,,,,,,,,,,,,,,,,,,,,,,,,,,,,,,,,,,,,,,,,,,,,,,,,,,,,,,,,,,,,,,,,,,,,,,,,,,,,,,,,,,,,,,,,,,,,,,,,,,,
,,?,0.00068,0,,,,,,stimuli/images/PICTURE_108.png,FLIGHT,5f08dafa392f74145122c0ee,13/10/1999,2020-08-27_18h40.23.296,proactive3.1,2020.1.2,Win32,60,5f47c29a48bd2a1e651a6eb7,5f47ede75080c61345c5990b,4,,,,,,calendar,,,,,,,,,,,6,1,0,23,23,59,1,,,,,,,,,,,,,,,,,,,,,,,,,,,,,,,,,,,,,,,,,,,,,,,,,,,,,,,,,,,,,,,,,,,,,,,,,,,,,,,,,,,,,,,,,,,,,,,,,,,,,,,,
,,?,0.00062,0,,,,,,stimuli/images/PICTURE_750.png,HOTEL,5f08dafa392f74145122c0ee,13/10/1999,2020-08-27_18h40.23.296,proactive3.1,2020.1.2,Win32,60,5f47c29a48bd2a1e651a6eb7,5f47ede75080c61345c5990b,4,,,,,,kettle,,,,,,,,,,,3,1,0,24,24,27,1,,,,,,,,,,,,,,,,,,,,,,,,,,,,,,,,,,,,,,,,,,,,,,,,,,,,,,,,,,,,,,,,,,,,,,,,,,,,,,,,,,,,,,,,,,,,,,,,,,,,,,,,
,,?,0.00097,0,,,,,,stimuli/images/PICTURE_108.png,POLICY,5f08dafa392f74145122c0ee,13/10/1999,2020-08-27_18h40.23.296,proactive3.1,2020.1.2,Win32,60,5f47c29a48bd2a1e651a6eb7,5f47ede75080c61345c5990b,4,,,,,,calendar,,,,,,,,,,,3,1,0,25,25,22,1,,,,,,,,,,,,,,,,,,,,,,,,,,,,,,,,,,,,,,,,,,,,,,,,,,,,,,,,,,,,,,,,,,,,,,,,,,,,,,,,,,,,,,,,,,,,,,,,,,,,,,,,
,,?,0.00097,0,,,,,,stimuli/images/PICTURE_95.png,HONEY,5f08dafa392f74145122c0ee,13/10/1999,2020-08-27_18h40.23.296,proactive3.1,2020.1.2,Win32,60,5f47c29a48bd2a1e651a6eb7,5f47ede75080c61345c5990b,4,,,,,,suitcase,,,,,,,,,,,5,1,0,26,26,44,1,,,,,,,,,,,,,,,,,,,,,,,,,,,,,,,,,,,,,,,,,,,,,,,,,,,,,,,,,,,,,,,,,,,,,,,,,,,,,,,,,,,,,,,,,,,,,,,,,,,,,,,,
,,?,0.00063,0,,,,,,stimuli/images/PICTURE_677.png,APPLE,5f08dafa392f74145122c0ee,13/10/1999,2020-08-27_18h40.23.296,proactive3.1,2020.1.2,Win32,60,5f47c29a48bd2a1e651a6eb7,5f47ede75080c61345c5990b,4,,,,,,map,,,,,,,,,,,5,1,0,27,27,43,1,,,,,,,,,,,,,,,,,,,,,,,,,,,,,,,,,,,,,,,,,,,,,,,,,,,,,,,,,,,,,,,,,,,,,,,,,,,,,,,,,,,,,,,,,,,,,,,,,,,,,,,,
,,?,0.00067,0,,,,,,stimuli/images/PICTURE_491.png,GLASS,5f08dafa392f74145122c0ee,13/10/1999,2020-08-27_18h40.23.296,proactive3.1,2020.1.2,Win32,60,5f47c29a48bd2a1e651a6eb7,5f47ede75080c61345c5990b,4,,,,,,rug,,,,,,,,,,,2,1,0,28,28,14,1,,,,,,,,,,,,,,,,,,,,,,,,,,,,,,,,,,,,,,,,,,,,,,,,,,,,,,,,,,,,,,,,,,,,,,,,,,,,,,,,,,,,,,,,,,,,,,,,,,,,,,,,
,,?,0.000585,0,,,,,,stimuli/images/PICTURE_654.png,MONTH,5f08dafa392f74145122c0ee,13/10/1999,2020-08-27_18h40.23.296,proactive3.1,2020.1.2,Win32,60,5f47c29a48bd2a1e651a6eb7,5f47ede75080c61345c5990b,4,,,,,,pencil,,,,,,,,,,,3,1,0,29,29,29,1,,,,,,,,,,,,,,,,,,,,,,,,,,,,,,,,,,,,,,,,,,,,,,,,,,,,,,,,,,,,,,,,,,,,,,,,,,,,,,,,,,,,,,,,,,,,,,,,,,,,,,,,
,,?,0.00058,0,,,,,,stimuli/images/PICTURE_403.png,RIVER,5f08dafa392f74145122c0ee,13/10/1999,2020-08-27_18h40.23.296,proactive3.1,2020.1.2,Win32,60,5f47c29a48bd2a1e651a6eb7,5f47ede75080c61345c5990b,4,,,,,,cathedral,,,,,,,,,,,5,1,0,30,30,40,1,,,,,,,,,,,,,,,,,,,,,,,,,,,,,,,,,,,,,,,,,,,,,,,,,,,,,,,,,,,,,,,,,,,,,,,,,,,,,,,,,,,,,,,,,,,,,,,,,,,,,,,,
,,?,0.000805,0,,,,,,stimuli/images/PICTURE_491.png,RIVER,5f08dafa392f74145122c0ee,13/10/1999,2020-08-27_18h40.23.296,proactive3.1,2020.1.2,Win32,60,5f47c29a48bd2a1e651a6eb7,5f47ede75080c61345c5990b,4,,,,,,rug,,,,,,,,,,,1,1,0,31,31,6,1,,,,,,,,,,,,,,,,,,,,,,,,,,,,,,,,,,,,,,,,,,,,,,,,,,,,,,,,,,,,,,,,,,,,,,,,,,,,,,,,,,,,,,,,,,,,,,,,,,,,,,,,
,,?,0.000775,0,,,,,,stimuli/images/PICTURE_85.png,TOILET,5f08dafa392f74145122c0ee,13/10/1999,2020-08-27_18h40.23.296,proactive3.1,2020.1.2,Win32,60,5f47c29a48bd2a1e651a6eb7,5f47ede75080c61345c5990b,4,,,,,,diamond,,,,,,,,,,,5,1,0,32,32,48,1,,,,,,,,,,,,,,,,,,,,,,,,,,,,,,,,,,,,,,,,,,,,,,,,,,,,,,,,,,,,,,,,,,,,,,,,,,,,,,,,,,,,,,,,,,,,,,,,,,,,,,,,
,,?,0.00053,0,,,,,,stimuli/images/PICTURE_95.png,MILLER,5f08dafa392f74145122c0ee,13/10/1999,2020-08-27_18h40.23.296,proactive3.1,2020.1.2,Win32,60,5f47c29a48bd2a1e651a6eb7,5f47ede75080c61345c5990b,4,,,,,,suitcase,,,,,,,,,,,6,1,0,33,33,56,1,,,,,,,,,,,,,,,,,,,,,,,,,,,,,,,,,,,,,,,,,,,,,,,,,,,,,,,,,,,,,,,,,,,,,,,,,,,,,,,,,,,,,,,,,,,,,,,,,,,,,,,,
,,KIND,7.976525,1,,,,,,stimuli/images/PICTURE_32.png,KIND,5f08dafa392f74145122c0ee,13/10/1999,2020-08-27_18h40.23.296,proactive3.1,2020.1.2,Win32,60,5f47c29a48bd2a1e651a6eb7,5f47ede75080c61345c5990b,4,,,,,,crown,,,,,,,,,,,4,1,0,34,34,35,1,,,,,,,,,,,,,,,,,,,,,,,,,,,,,,,,,,,,,,,,,,,,,,,,,,,,,,,,,,,,,,,,,,,,,,,,,,,,,,,,,,,,,,,,,,,,,,,,,,,,,,,,
,,?,0.001675,0,,,,,,stimuli/images/PICTURE_203.png,NIGHT,5f08dafa392f74145122c0ee,13/10/1999,2020-08-27_18h40.23.296,proactive3.1,2020.1.2,Win32,60,5f47c29a48bd2a1e651a6eb7,5f47ede75080c61345c5990b,4,,,,,,cap,,,,,,,,,,,1,1,0,35,35,2,1,,,,,,,,,,,,,,,,,,,,,,,,,,,,,,,,,,,,,,,,,,,,,,,,,,,,,,,,,,,,,,,,,,,,,,,,,,,,,,,,,,,,,,,,,,,,,,,,,,,,,,,,
,,?,0.00065,0,,,,,,stimuli/images/PICTURE_296.png,LIFE,5f08dafa392f74145122c0ee,13/10/1999,2020-08-27_18h40.23.296,proactive3.1,2020.1.2,Win32,60,5f47c29a48bd2a1e651a6eb7,5f47ede75080c61345c5990b,4,,,,,,bolt,,,,,,,,,,,6,1,0,36,36,57,1,,,,,,,,,,,,,,,,,,,,,,,,,,,,,,,,,,,,,,,,,,,,,,,,,,,,,,,,,,,,,,,,,,,,,,,,,,,,,,,,,,,,,,,,,,,,,,,,,,,,,,,,
,,?,0.00093,0,,,,,,stimuli/images/PICTURE_177.png,WRITER,5f08dafa392f74145122c0ee,13/10/1999,2020-08-27_18h40.23.296,proactive3.1,2020.1.2,Win32,60,5f47c29a48bd2a1e651a6eb7,5f47ede75080c61345c5990b,4,,,,,,mushroom,,,,,,,,,,,5,1,0,37,37,41,1,,,,,,,,,,,,,,,,,,,,,,,,,,,,,,,,,,,,,,,,,,,,,,,,,,,,,,,,,,,,,,,,,,,,,,,,,,,,,,,,,,,,,,,,,,,,,,,,,,,,,,,,
,,WRITER,10.548655,1,,,,,,stimuli/images/PICTURE_403.png,WRITER,5f08dafa392f74145122c0ee,13/10/1999,2020-08-27_18h40.23.296,proactive3.1,2020.1.2,Win32,60,5f47c29a48bd2a1e651a6eb7,5f47ede75080c61345c5990b,4,,,,,,cathedral,,,,,,,,,,,4,1,0,38,38,31,1,,,,,,,,,,,,,,,,,,,,,,,,,,,,,,,,,,,,,,,,,,,,,,,,,,,,,,,,,,,,,,,,,,,,,,,,,,,,,,,,,,,,,,,,,,,,,,,,,,,,,,,,
,,?,0.001165,0,,,,,,stimuli/images/PICTURE_147.png,WOMEN,5f08dafa392f74145122c0ee,13/10/1999,2020-08-27_18h40.23.296,proactive3.1,2020.1.2,Win32,60,5f47c29a48bd2a1e651a6eb7,5f47ede75080c61345c5990b,4,,,,,,hanger,,,,,,,,,,,1,1,0,39,39,7,1,,,,,,,,,,,,,,,,,,,,,,,,,,,,,,,,,,,,,,,,,,,,,,,,,,,,,,,,,,,,,,,,,,,,,,,,,,,,,,,,,,,,,,,,,,,,,,,,,,,,,,,,
,,?,0.000605,0,,,,,,stimuli/images/PICTURE_95.png,BOYS,5f08dafa392f74145122c0ee,13/10/1999,2020-08-27_18h40.23.296,proactive3.1,2020.1.2,Win32,60,5f47c29a48bd2a1e651a6eb7,5f47ede75080c61345c5990b,4,,,,,,suitcase,,,,,,,,,,,1,1,0,40,40,1,1,,,,,,,,,,,,,,,,,,,,,,,,,,,,,,,,,,,,,,,,,,,,,,,,,,,,,,,,,,,,,,,,,,,,,,,,,,,,,,,,,,,,,,,,,,,,,,,,,,,,,,,,
,,?,0.00065,0,,,,,,stimuli/images/PICTURE_147.png,YEAR,5f08dafa392f74145122c0ee,13/10/1999,2020-08-27_18h40.23.296,proactive3.1,2020.1.2,Win32,60,5f47c29a48bd2a1e651a6eb7,5f47ede75080c61345c5990b,4,,,,,,hanger,,,,,,,,,,,3,1,0,41,41,21,1,,,,,,,,,,,,,,,,,,,,,,,,,,,,,,,,,,,,,,,,,,,,,,,,,,,,,,,,,,,,,,,,,,,,,,,,,,,,,,,,,,,,,,,,,,,,,,,,,,,,,,,,
,,ROOF,5.628565,1,,,,,,stimuli/images/PICTURE_68.png,ROOF,5f08dafa392f74145122c0ee,13/10/1999,2020-08-27_18h40.23.296,proactive3.1,2020.1.2,Win32,60,5f47c29a48bd2a1e651a6eb7,5f47ede75080c61345c5990b,4,,,,,,candle,,,,,,,,,,,4,1,0,42,42,38,1,,,,,,,,,,,,,,,,,,,,,,,,,,,,,,,,,,,,,,,,,,,,,,,,,,,,,,,,,,,,,,,,,,,,,,,,,,,,,,,,,,,,,,,,,,,,,,,,,,,,,,,,
,,?,0.00164,0,,,,,,stimuli/images/PICTURE_655.png,TOILET,5f08dafa392f74145122c0ee,13/10/1999,2020-08-27_18h40.23.296,proactive3.1,2020.1.2,Win32,60,5f47c29a48bd2a1e651a6eb7,5f47ede75080c61345c5990b,4,,,,,,megaphone,,,,,,,,,,,2,1,0,43,43,12,1,,,,,,,,,,,,,,,,,,,,,,,,,,,,,,,,,,,,,,,,,,,,,,,,,,,,,,,,,,,,,,,,,,,,,,,,,,,,,,,,,,,,,,,,,,,,,,,,,,,,,,,,
,,?,0.000645,0,,,,,,stimuli/images/PICTURE_2.png,FLIGHT,5f08dafa392f74145122c0ee,13/10/1999,2020-08-27_18h40.23.296,proactive3.1,2020.1.2,Win32,60,5f47c29a48bd2a1e651a6eb7,5f47ede75080c61345c5990b,4,,,,,,tyre,,,,,,,,,,,2,1,0,44,44,15,1,,,,,,,,,,,,,,,,,,,,,,,,,,,,,,,,,,,,,,,,,,,,,,,,,,,,,,,,,,,,,,,,,,,,,,,,,,,,,,,,,,,,,,,,,,,,,,,,,,,,,,,,
,,?,0.000705,0,,,,,,stimuli/images/PICTURE_339.png,CLIENT,5f08dafa392f74145122c0ee,13/10/1999,2020-08-27_18h40.23.296,proactive3.1,2020.1.2,Win32,60,5f47c29a48bd2a1e651a6eb7,5f47ede75080c61345c5990b,4,,,,,,backpack,,,,,,,,,,,2,1,0,45,45,11,1,,,,,,,,,,,,,,,,,,,,,,,,,,,,,,,,,,,,,,,,,,,,,,,,,,,,,,,,,,,,,,,,,,,,,,,,,,,,,,,,,,,,,,,,,,,,,,,,,,,,,,,,
,,?,0.00061,0,,,,,,stimuli/images/PICTURE_504.png,YEAR,5f08dafa392f74145122c0ee,13/10/1999,2020-08-27_18h40.23.296,proactive3.1,2020.1.2,Win32,60,5f47c29a48bd2a1e651a6eb7,5f47ede75080c61345c5990b,4,,,,,,wheel,,,,,,,,,,,2,1,0,46,46,13,1,,,,,,,,,,,,,,,,,,,,,,,,,,,,,,,,,,,,,,,,,,,,,,,,,,,,,,,,,,,,,,,,,,,,,,,,,,,,,,,,,,,,,,,,,,,,,,,,,,,,,,,,
,,?,0.00062,0,,,,,,stimuli/images/PICTURE_42.png,BOYS,5f08dafa392f74145122c0ee,13/10/1999,2020-08-27_18h40.23.296,proactive3.1,2020.1.2,Win32,60,5f47c29a48bd2a1e651a6eb7,5f47ede75080c61345c5990b,4,,,,,,pear,,,,,,,,,,,6,1,0,47,47,55,1,,,,,,,,,,,,,,,,,,,,,,,,,,,,,,,,,,,,,,,,,,,,,,,,,,,,,,,,,,,,,,,,,,,,,,,,,,,,,,,,,,,,,,,,,,,,,,,,,,,,,,,,
,,?,0.00055,0,,,,,,stimuli/images/PICTURE_296.png,LOTS,5f08dafa392f74145122c0ee,13/10/1999,2020-08-27_18h40.23.296,proactive3.1,2020.1.2,Win32,60,5f47c29a48bd2a1e651a6eb7,5f47ede75080c61345c5990b,4,,,,,,bolt,,,,,,,,,,,1,1,0,48,48,9,1,,,,,,,,,,,,,,,,,,,,,,,,,,,,,,,,,,,,,,,,,,,,,,,,,,,,,,,,,,,,,,,,,,,,,,,,,,,,,,,,,,,,,,,,,,,,,,,,,,,,,,,,
,,?,0.000605,0,,,,,,stimuli/images/PICTURE_504.png,COPS,5f08dafa392f74145122c0ee,13/10/1999,2020-08-27_18h40.23.296,proactive3.1,2020.1.2,Win32,60,5f47c29a48bd2a1e651a6eb7,5f47ede75080c61345c5990b,4,,,,,,wheel,,,,,,,,,,,6,1,0,49,49,52,1,,,,,,,,,,,,,,,,,,,,,,,,,,,,,,,,,,,,,,,,,,,,,,,,,,,,,,,,,,,,,,,,,,,,,,,,,,,,,,,,,,,,,,,,,,,,,,,,,,,,,,,,
,,?,0.00058,0,,,,,,stimuli/images/PICTURE_68.png,MILE,5f08dafa392f74145122c0ee,13/10/1999,2020-08-27_18h40.23.296,proactive3.1,2020.1.2,Win32,60,5f47c29a48bd2a1e651a6eb7,5f47ede75080c61345c5990b,4,,,,,,candle,,,,,,,,,,,6,1,0,50,50,51,1,,,,,,,,,,,,,,,,,,,,,,,,,,,,,,,,,,,,,,,,,,,,,,,,,,,,,,,,,,,,,,,,,,,,,,,,,,,,,,,,,,,,,,,,,,,,,,,,,,,,,,,,
,,?,0.00061,0,,,,,,stimuli/images/PICTURE_675.png,SALE,5f08dafa392f74145122c0ee,13/10/1999,2020-08-27_18h40.23.296,proactive3.1,2020.1.2,Win32,60,5f47c29a48bd2a1e651a6eb7,5f47ede75080c61345c5990b,4,,,,,,windmill,,,,,,,,,,,5,1,0,51,51,47,1,,,,,,,,,,,,,,,,,,,,,,,,,,,,,,,,,,,,,,,,,,,,,,,,,,,,,,,,,,,,,,,,,,,,,,,,,,,,,,,,,,,,,,,,,,,,,,,,,,,,,,,,
,,MOMENT,5.32302,1,,,,,,stimuli/images/PICTURE_57.png,MOMENT,5f08dafa392f74145122c0ee,13/10/1999,2020-08-27_18h40.23.296,proactive3.1,2020.1.2,Win32,60,5f47c29a48bd2a1e651a6eb7,5f47ede75080c61345c5990b,4,,,,,,stamp,,,,,,,,,,,4,1,0,52,52,37,1,,,,,,,,,,,,,,,,,,,,,,,,,,,,,,,,,,,,,,,,,,,,,,,,,,,,,,,,,,,,,,,,,,,,,,,,,,,,,,,,,,,,,,,,,,,,,,,,,,,,,,,,
,,YEAR,8.95441,1,,,,,,stimuli/images/PICTURE_405.png,YEAR,5f08dafa392f74145122c0ee,13/10/1999,2020-08-27_18h40.23.296,proactive3.1,2020.1.2,Win32,60,5f47c29a48bd2a1e651a6eb7,5f47ede75080c61345c5990b,4,,,,,,anchor,,,,,,,,,,,4,1,0,53,53,34,1,,,,,,,,,,,,,,,,,,,,,,,,,,,,,,,,,,,,,,,,,,,,,,,,,,,,,,,,,,,,,,,,,,,,,,,,,,,,,,,,,,,,,,,,,,,,,,,,,,,,,,,,
,,?,0.001335,0,,,,,,stimuli/images/PICTURE_340.png,LETTER,5f08dafa392f74145122c0ee,13/10/1999,2020-08-27_18h40.23.296,proactive3.1,2020.1.2,Win32,60,5f47c29a48bd2a1e651a6eb7,5f47ede75080c61345c5990b,4,,,,,,mirror,,,,,,,,,,,3,1,0,54,54,24,1,,,,,,,,,,,,,,,,,,,,,,,,,,,,,,,,,,,,,,,,,,,,,,,,,,,,,,,,,,,,,,,,,,,,,,,,,,,,,,,,,,,,,,,,,,,,,,,,,,,,,,,,
,,?,0.00068,0,,,,,,stimuli/images/PICTURE_85.png,NATION,5f08dafa392f74145122c0ee,13/10/1999,2020-08-27_18h40.23.296,proactive3.1,2020.1.2,Win32,60,5f47c29a48bd2a1e651a6eb7,5f47ede75080c61345c5990b,4,,,,,,diamond,,,,,,,,,,,1,1,0,55,55,5,1,,,,,,,,,,,,,,,,,,,,,,,,,,,,,,,,,,,,,,,,,,,,,,,,,,,,,,,,,,,,,,,,,,,,,,,,,,,,,,,,,,,,,,,,,,,,,,,,,,,,,,,,
,,LIFE,3.9647,1,,,,,,stimuli/images/PICTURE_285.png,LIFE,5f08dafa392f74145122c0ee,13/10/1999,2020-08-27_18h40.23.296,proactive3.1,2020.1.2,Win32,60,5f47c29a48bd2a1e651a6eb7,5f47ede75080c61345c5990b,4,,,,,,carrot,,,,,,,,,,,4,1,0,56,56,33,1,,,,,,,,,,,,,,,,,,,,,,,,,,,,,,,,,,,,,,,,,,,,,,,,,,,,,,,,,,,,,,,,,,,,,,,,,,,,,,,,,,,,,,,,,,,,,,,,,,,,,,,,
,,?,0.001995,0,,,,,,stimuli/images/PICTURE_685.png,PENNY,5f08dafa392f74145122c0ee,13/10/1999,2020-08-27_18h40.23.296,proactive3.1,2020.1.2,Win32,60,5f47c29a48bd2a1e651a6eb7,5f47ede75080c61345c5990b,4,,,,,,goose,,,,,,,,,,,1,1,0,57,57,4,1,,,,,,,,,,,,,,,,,,,,,,,,,,,,,,,,,,,,,,,,,,,,,,,,,,,,,,,,,,,,,,,,,,,,,,,,,,,,,,,,,,,,,,,,,,,,,,,,,,,,,,,,
,,?,0.00078,0,,,,,,stimuli/images/PICTURE_380.png,CANDY,5f08dafa392f74145122c0ee,13/10/1999,2020-08-27_18h40.23.296,proactive3.1,2020.1.2,Win32,60,5f47c29a48bd2a1e651a6eb7,5f47ede75080c61345c5990b,4,,,,,,gorilla,,,,,,,,,,,1,1,0,58,58,0,1,,,,,,,,,,,,,,,,,,,,,,,,,,,,,,,,,,,,,,,,,,,,,,,,,,,,,,,,,,,,,,,,,,,,,,,,,,,,,,,,,,,,,,,,,,,,,,,,,,,,,,,,
,,?,0.001025,0,,,,,,stimuli/images/PICTURE_469.png,AGENT,5f08dafa392f74145122c0ee,13/10/1999,2020-08-27_18h40.23.296,proactive3.1,2020.1.2,Win32,60,5f47c29a48bd2a1e651a6eb7,5f47ede75080c61345c5990b,4,,,,,,stool,,,,,,,,,,,2,1,0,59,59,16,1,,,,,,,,,,,,,,,,,,,,,,,,,,,,,,,,,,,,,,,,,,,,,,,,,,,,,,,,,,,,,,,,,,,,,,,,,,,,,,,,,,,,,,,,,,,,,,,,,,,,,,,,
,,,,,,,,,,,,5f08dafa392f74145122c0ee,13/10/1999,2020-08-27_18h40.23.296,proactive3.1,2020.1.2,Win32,60,5f47c29a48bd2a1e651a6eb7,5f47ede75080c61345c5990b,4,,,,,,,,,,,,,,,,,,,,,,,,0,1,1,1,1,stimuli/learn-block2.csv,,,,,,,,,,,,,,,,,,,,,,,,,,,,,,,,,,,,,,,,,,,,,,,,,,,,,,,,,,,,,,,,,,,,,,,,,,,,,,,,,,,,,,,,,,,,,,,,,,
,,,,,,,,,,stimuli/images/PICTURE_654.png,VALLEY,5f08dafa392f74145122c0ee,13/10/1999,2020-08-27_18h40.23.296,proactive3.1,2020.1.2,Win32,60,5f47c29a48bd2a1e651a6eb7,5f47ede75080c61345c5990b,4,,,,,,pencil,,,,,,0,0,0,1,1,1,0,,,,,,,,,,,,,,,,,,,,,,,,,,,,,,,,,,,,,,,,,,,,,,,,,,,,,,,,,,,,,,,,,,,,,,,,,,,,,,,,,,,,,,,,,,,,,,,,,,,,,,,,,,,,,
,,,,,,,,,,stimuli/images/PICTURE_215.png,PLENTY,5f08dafa392f74145122c0ee,13/10/1999,2020-08-27_18h40.23.296,proactive3.1,2020.1.2,Win32,60,5f47c29a48bd2a1e651a6eb7,5f47ede75080c61345c5990b,4,,,,,,boot,,,,,,0,1,1,37,1,4,0,,,,,,,,,,,,,,,,,,,,,,,,,,,,,,,,,,,,,,,,,,,,,,,,,,,,,,,,,,,,,,,,,,,,,,,,,,,,,,,,,,,,,,,,,,,,,,,,,,,,,,,,,,,,,
,,,,,,,,,,stimuli/images/PICTURE_327.png,BEAUTY,5f08dafa392f74145122c0ee,13/10/1999,2020-08-27_18h40.23.296,proactive3.1,2020.1.2,Win32,60,5f47c29a48bd2a1e651a6eb7,5f47ede75080c61345c5990b,4,,,,,,helmet,,,,,,0,2,2,48,1,5,0,,,,,,,,,,,,,,,,,,,,,,,,,,,,,,,,,,,,,,,,,,,,,,,,,,,,,,,,,,,,,,,,,,,,,,,,,,,,,,,,,,,,,,,,,,,,,,,,,,,,,,,,,,,,,
,,,,,,,,,,stimuli/images/PICTURE_285.png,ADVICE,5f08dafa392f74145122c0ee,13/10/1999,2020-08-27_18h40.23.296,proactive3.1,2020.1.2,Win32,60,5f47c29a48bd2a1e651a6eb7,5f47ede75080c61345c5990b,4,,,,,,carrot,,,,,,0,3,3,12,1,2,0,,,,,,,,,,,,,,,,,,,,,,,,,,,,,,,,,,,,,,,,,,,,,,,,,,,,,,,,,,,,,,,,,,,,,,,,,,,,,,,,,,,,,,,,,,,,,,,,,,,,,,,,,,,,,
,,,,,,,,,,stimuli/images/PICTURE_509.png,PHOTO,5f08dafa392f74145122c0ee,13/10/1999,2020-08-27_18h40.23.296,proactive3.1,2020.1.2,Win32,60,5f47c29a48bd2a1e651a6eb7,5f47ede75080c61345c5990b,4,,,,,,telephone,,,,,,0,4,4,21,1,3,0,,,,,,,,,,,,,,,,,,,,,,,,,,,,,,,,,,,,,,,,,,,,,,,,,,,,,,,,,,,,,,,,,,,,,,,,,,,,,,,,,,,,,,,,,,,,,,,,,,,,,,,,,,,,,
,,,,,,,,,,stimuli/images/PICTURE_248.png,DOZEN,5f08dafa392f74145122c0ee,13/10/1999,2020-08-27_18h40.23.296,proactive3.1,2020.1.2,Win32,60,5f47c29a48bd2a1e651a6eb7,5f47ede75080c61345c5990b,4,,,,,,cart,,,,,,0,5,5,39,1,4,0,,,,,,,,,,,,,,,,,,,,,,,,,,,,,,,,,,,,,,,,,,,,,,,,,,,,,,,,,,,,,,,,,,,,,,,,,,,,,,,,,,,,,,,,,,,,,,,,,,,,,,,,,,,,,
,,,,,,,,,,stimuli/images/PICTURE_469.png,ARTIST,5f08dafa392f74145122c0ee,13/10/1999,2020-08-27_18h40.23.296,proactive3.1,2020.1.2,Win32,60,5f47c29a48bd2a1e651a6eb7,5f47ede75080c61345c5990b,4,,,,,,stool,,,,,,0,6,6,6,1,1,0,,,,,,,,,,,,,,,,,,,,,,,,,,,,,,,,,,,,,,,,,,,,,,,,,,,,,,,,,,,,,,,,,,,,,,,,,,,,,,,,,,,,,,,,,,,,,,,,,,,,,,,,,,,,,
,,,,,,,,,,stimuli/images/PICTURE_708.png,CLIENT,5f08dafa392f74145122c0ee,13/10/1999,2020-08-27_18h40.23.296,proactive3.1,2020.1.2,Win32,60,5f47c29a48bd2a1e651a6eb7,5f47ede75080c61345c5990b,4,,,,,,monkey,,,,,,0,7,7,5,1,1,0,,,,,,,,,,,,,,,,,,,,,,,,,,,,,,,,,,,,,,,,,,,,,,,,,,,,,,,,,,,,,,,,,,,,,,,,,,,,,,,,,,,,,,,,,,,,,,,,,,,,,,,,,,,,,
,,,,,,,,,,stimuli/images/PICTURE_744.png,SYSTEM,5f08dafa392f74145122c0ee,13/10/1999,2020-08-27_18h40.23.296,proactive3.1,2020.1.2,Win32,60,5f47c29a48bd2a1e651a6eb7,5f47ede75080c61345c5990b,4,,,,,,ring,,,,,,0,8,8,43,1,5,0,,,,,,,,,,,,,,,,,,,,,,,,,,,,,,,,,,,,,,,,,,,,,,,,,,,,,,,,,,,,,,,,,,,,,,,,,,,,,,,,,,,,,,,,,,,,,,,,,,,,,,,,,,,,,
,,,,,,,,,,stimuli/images/PICTURE_255.png,AREA,5f08dafa392f74145122c0ee,13/10/1999,2020-08-27_18h40.23.296,proactive3.1,2020.1.2,Win32,60,5f47c29a48bd2a1e651a6eb7,5f47ede75080c61345c5990b,4,,,,,,shovel,,,,,,0,9,9,22,1,3,0,,,,,,,,,,,,,,,,,,,,,,,,,,,,,,,,,,,,,,,,,,,,,,,,,,,,,,,,,,,,,,,,,,,,,,,,,,,,,,,,,,,,,,,,,,,,,,,,,,,,,,,,,,,,,
,,,,,,,,,,stimuli/images/PICTURE_675.png,WEAPON,5f08dafa392f74145122c0ee,13/10/1999,2020-08-27_18h40.23.296,proactive3.1,2020.1.2,Win32,60,5f47c29a48bd2a1e651a6eb7,5f47ede75080c61345c5990b,4,,,,,,windmill,,,,,,0,10,10,32,1,4,0,,,,,,,,,,,,,,,,,,,,,,,,,,,,,,,,,,,,,,,,,,,,,,,,,,,,,,,,,,,,,,,,,,,,,,,,,,,,,,,,,,,,,,,,,,,,,,,,,,,,,,,,,,,,,
,,,,,,,,,,stimuli/images/PICTURE_744.png,SAKE,5f08dafa392f74145122c0ee,13/10/1999,2020-08-27_18h40.23.296,proactive3.1,2020.1.2,Win32,60,5f47c29a48bd2a1e651a6eb7,5f47ede75080c61345c5990b,4,,,,,,ring,,,,,,0,11,11,17,1,2,0,,,,,,,,,,,,,,,,,,,,,,,,,,,,,,,,,,,,,,,,,,,,,,,,,,,,,,,,,,,,,,,,,,,,,,,,,,,,,,,,,,,,,,,,,,,,,,,,,,,,,,,,,,,,,
,,,,,,,,,,stimuli/images/PICTURE_151.png,GIRL,5f08dafa392f74145122c0ee,13/10/1999,2020-08-27_18h40.23.296,proactive3.1,2020.1.2,Win32,60,5f47c29a48bd2a1e651a6eb7,5f47ede75080c61345c5990b,4,,,,,,tray,,,,,,0,12,12,19,1,2,0,,,,,,,,,,,,,,,,,,,,,,,,,,,,,,,,,,,,,,,,,,,,,,,,,,,,,,,,,,,,,,,,,,,,,,,,,,,,,,,,,,,,,,,,,,,,,,,,,,,,,,,,,,,,,
,,,,,,,,,,stimuli/images/PICTURE_692.png,MONTH,5f08dafa392f74145122c0ee,13/10/1999,2020-08-27_18h40.23.296,proactive3.1,2020.1.2,Win32,60,5f47c29a48bd2a1e651a6eb7,5f47ede75080c61345c5990b,4,,,,,,cherry,,,,,,0,13,13,16,1,2,0,,,,,,,,,,,,,,,,,,,,,,,,,,,,,,,,,,,,,,,,,,,,,,,,,,,,,,,,,,,,,,,,,,,,,,,,,,,,,,,,,,,,,,,,,,,,,,,,,,,,,,,,,,,,,
,,,,,,,,,,stimuli/images/PICTURE_160.png,LEADER,5f08dafa392f74145122c0ee,13/10/1999,2020-08-27_18h40.23.296,proactive3.1,2020.1.2,Win32,60,5f47c29a48bd2a1e651a6eb7,5f47ede75080c61345c5990b,4,,,,,,wheelbarrow,,,,,,0,14,14,3,1,1,0,,,,,,,,,,,,,,,,,,,,,,,,,,,,,,,,,,,,,,,,,,,,,,,,,,,,,,,,,,,,,,,,,,,,,,,,,,,,,,,,,,,,,,,,,,,,,,,,,,,,,,,,,,,,,
,,,,,,,,,,stimuli/images/PICTURE_467.png,DEMON,5f08dafa392f74145122c0ee,13/10/1999,2020-08-27_18h40.23.296,proactive3.1,2020.1.2,Win32,60,5f47c29a48bd2a1e651a6eb7,5f47ede75080c61345c5990b,4,,,,,,peg,,,,,,0,15,15,23,1,3,0,,,,,,,,,,,,,,,,,,,,,,,,,,,,,,,,,,,,,,,,,,,,,,,,,,,,,,,,,,,,,,,,,,,,,,,,,,,,,,,,,,,,,,,,,,,,,,,,,,,,,,,,,,,,,
,,,,,,,,,,stimuli/images/PICTURE_688.png,WOMEN,5f08dafa392f74145122c0ee,13/10/1999,2020-08-27_18h40.23.296,proactive3.1,2020.1.2,Win32,60,5f47c29a48bd2a1e651a6eb7,5f47ede75080c61345c5990b,4,,,,,,runner,,,,,,0,16,16,14,1,2,0,,,,,,,,,,,,,,,,,,,,,,,,,,,,,,,,,,,,,,,,,,,,,,,,,,,,,,,,,,,,,,,,,,,,,,,,,,,,,,,,,,,,,,,,,,,,,,,,,,,,,,,,,,,,,
,,,,,,,,,,stimuli/images/PICTURE_311.png,BEAUTY,5f08dafa392f74145122c0ee,13/10/1999,2020-08-27_18h40.23.296,proactive3.1,2020.1.2,Win32,60,5f47c29a48bd2a1e651a6eb7,5f47ede75080c61345c5990b,4,,,,,,razor,,,,,,0,17,17,13,1,2,0,,,,,,,,,,,,,,,,,,,,,,,,,,,,,,,,,,,,,,,,,,,,,,,,,,,,,,,,,,,,,,,,,,,,,,,,,,,,,,,,,,,,,,,,,,,,,,,,,,,,,,,,,,,,,
,,,,,,,,,,stimuli/images/PICTURE_380.png,PHOTO,5f08dafa392f74145122c0ee,13/10/1999,2020-08-27_18h40.23.296,proactive3.1,2020.1.2,Win32,60,5f47c29a48bd2a1e651a6eb7,5f47ede75080c61345c5990b,4,,,,,,gorilla,,,,,,0,18,18,52,1,6,0,,,,,,,,,,,,,,,,,,,,,,,,,,,,,,,,,,,,,,,,,,,,,,,,,,,,,,,,,,,,,,,,,,,,,,,,,,,,,,,,,,,,,,,,,,,,,,,,,,,,,,,,,,,,,
,,,,,,,,,,stimuli/images/PICTURE_488.png,STYLE,5f08dafa392f74145122c0ee,13/10/1999,2020-08-27_18h40.23.296,proactive3.1,2020.1.2,Win32,60,5f47c29a48bd2a1e651a6eb7,5f47ede75080c61345c5990b,4,,,,,,sun,,,,,,0,19,19,33,1,4,0,,,,,,,,,,,,,,,,,,,,,,,,,,,,,,,,,,,,,,,,,,,,,,,,,,,,,,,,,,,,,,,,,,,,,,,,,,,,,,,,,,,,,,,,,,,,,,,,,,,,,,,,,,,,,
,,,,,,,,,,stimuli/images/PICTURE_348.png,SPEECH,5f08dafa392f74145122c0ee,13/10/1999,2020-08-27_18h40.23.296,proactive3.1,2020.1.2,Win32,60,5f47c29a48bd2a1e651a6eb7,5f47ede75080c61345c5990b,4,,,,,,pepper,,,,,,0,20,20,20,1,3,0,,,,,,,,,,,,,,,,,,,,,,,,,,,,,,,,,,,,,,,,,,,,,,,,,,,,,,,,,,,,,,,,,,,,,,,,,,,,,,,,,,,,,,,,,,,,,,,,,,,,,,,,,,,,,
,,,,,,,,,,stimuli/images/PICTURE_311.png,FRIEND,5f08dafa392f74145122c0ee,13/10/1999,2020-08-27_18h40.23.296,proactive3.1,2020.1.2,Win32,60,5f47c29a48bd2a1e651a6eb7,5f47ede75080c61345c5990b,4,,,,,,razor,,,,,,0,21,21,34,1,4,0,,,,,,,,,,,,,,,,,,,,,,,,,,,,,,,,,,,,,,,,,,,,,,,,,,,,,,,,,,,,,,,,,,,,,,,,,,,,,,,,,,,,,,,,,,,,,,,,,,,,,,,,,,,,,
,,,,,,,,,,stimuli/images/PICTURE_667.png,PLENTY,5f08dafa392f74145122c0ee,13/10/1999,2020-08-27_18h40.23.296,proactive3.1,2020.1.2,Win32,60,5f47c29a48bd2a1e651a6eb7,5f47ede75080c61345c5990b,4,,,,,,daisy,,,,,,0,22,22,41,1,5,0,,,,,,,,,,,,,,,,,,,,,,,,,,,,,,,,,,,,,,,,,,,,,,,,,,,,,,,,,,,,,,,,,,,,,,,,,,,,,,,,,,,,,,,,,,,,,,,,,,,,,,,,,,,,,
,,,,,,,,,,stimuli/images/PICTURE_68.png,MILE,5f08dafa392f74145122c0ee,13/10/1999,2020-08-27_18h40.23.296,proactive3.1,2020.1.2,Win32,60,5f47c29a48bd2a1e651a6eb7,5f47ede75080c61345c5990b,4,,,,,,candle,,,,,,0,23,23,44,1,5,0,,,,,,,,,,,,,,,,,,,,,,,,,,,,,,,,,,,,,,,,,,,,,,,,,,,,,,,,,,,,,,,,,,,,,,,,,,,,,,,,,,,,,,,,,,,,,,,,,,,,,,,,,,,,,
,,,,,,,,,,stimuli/images/PICTURE_688.png,CASINO,5f08dafa392f74145122c0ee,13/10/1999,2020-08-27_18h40.23.296,proactive3.1,2020.1.2,Win32,60,5f47c29a48bd2a1e651a6eb7,5f47ede75080c61345c5990b,4,,,,,,runner,,,,,,0,24,24,2,1,1,0,,,,,,,,,,,,,,,,,,,,,,,,,,,,,,,,,,,,,,,,,,,,,,,,,,,,,,,,,,,,,,,,,,,,,,,,,,,,,,,,,,,,,,,,,,,,,,,,,,,,,,,,,,,,,
,,,,,,,,,,stimuli/images/PICTURE_233.png,WOMEN,5f08dafa392f74145122c0ee,13/10/1999,2020-08-27_18h40.23.296,proactive3.1,2020.1.2,Win32,60,5f47c29a48bd2a1e651a6eb7,5f47ede75080c61345c5990b,4,,,,,,salt,,,,,,0,25,25,38,1,4,0,,,,,,,,,,,,,,,,,,,,,,,,,,,,,,,,,,,,,,,,,,,,,,,,,,,,,,,,,,,,,,,,,,,,,,,,,,,,,,,,,,,,,,,,,,,,,,,,,,,,,,,,,,,,,
,,,,,,,,,,stimuli/images/PICTURE_469.png,LETTER,5f08dafa392f74145122c0ee,13/10/1999,2020-08-27_18h40.23.296,proactive3.1,2020.1.2,Win32,60,5f47c29a48bd2a1e651a6eb7,5f47ede75080c61345c5990b,4,,,,,,stool,,,,,,0,26,26,42,1,5,0,,,,,,,,,,,,,,,,,,,,,,,,,,,,,,,,,,,,,,,,,,,,,,,,,,,,,,,,,,,,,,,,,,,,,,,,,,,,,,,,,,,,,,,,,,,,,,,,,,,,,,,,,,,,,
,,,,,,,,,,stimuli/images/PICTURE_85.png,THING,5f08dafa392f74145122c0ee,13/10/1999,2020-08-27_18h40.23.296,proactive3.1,2020.1.2,Win32,60,5f47c29a48bd2a1e651a6eb7,5f47ede75080c61345c5990b,4,,,,,,diamond,,,,,,0,27,27,15,1,2,0,,,,,,,,,,,,,,,,,,,,,,,,,,,,,,,,,,,,,,,,,,,,,,,,,,,,,,,,,,,,,,,,,,,,,,,,,,,,,,,,,,,,,,,,,,,,,,,,,,,,,,,,,,,,,
,,,,,,,,,,stimuli/images/PICTURE_308.png,ESTATE,5f08dafa392f74145122c0ee,13/10/1999,2020-08-27_18h40.23.296,proactive3.1,2020.1.2,Win32,60,5f47c29a48bd2a1e651a6eb7,5f47ede75080c61345c5990b,4,,,,,,dice,,,,,,0,28,28,46,1,5,0,,,,,,,,,,,,,,,,,,,,,,,,,,,,,,,,,,,,,,,,,,,,,,,,,,,,,,,,,,,,,,,,,,,,,,,,,,,,,,,,,,,,,,,,,,,,,,,,,,,,,,,,,,,,,
,,,,,,,,,,stimuli/images/PICTURE_487.png,FLIGHT,5f08dafa392f74145122c0ee,13/10/1999,2020-08-27_18h40.23.296,proactive3.1,2020.1.2,Win32,60,5f47c29a48bd2a1e651a6eb7,5f47ede75080c61345c5990b,4,,,,,,basket,,,,,,0,29,29,9,1,1,0,,,,,,,,,,,,,,,,,,,,,,,,,,,,,,,,,,,,,,,,,,,,,,,,,,,,,,,,,,,,,,,,,,,,,,,,,,,,,,,,,,,,,,,,,,,,,,,,,,,,,,,,,,,,,
,,,,,,,,,,stimuli/images/PICTURE_708.png,PENNY,5f08dafa392f74145122c0ee,13/10/1999,2020-08-27_18h40.23.296,proactive3.1,2020.1.2,Win32,60,5f47c29a48bd2a1e651a6eb7,5f47ede75080c61345c5990b,4,,,,,,monkey,,,,,,0,30,30,31,1,4,0,,,,,,,,,,,,,,,,,,,,,,,,,,,,,,,,,,,,,,,,,,,,,,,,,,,,,,,,,,,,,,,,,,,,,,,,,,,,,,,,,,,,,,,,,,,,,,,,,,,,,,,,,,,,,
,,,,,,,,,,stimuli/images/PICTURE_123.png,ADVICE,5f08dafa392f74145122c0ee,13/10/1999,2020-08-27_18h40.23.296,proactive3.1,2020.1.2,Win32,60,5f47c29a48bd2a1e651a6eb7,5f47ede75080c61345c5990b,4,,,,,,dart,,,,,,0,31,31,50,1,6,0,,,,,,,,,,,,,,,,,,,,,,,,,,,,,,,,,,,,,,,,,,,,,,,,,,,,,,,,,,,,,,,,,,,,,,,,,,,,,,,,,,,,,,,,,,,,,,,,,,,,,,,,,,,,,
,,,,,,,,,,stimuli/images/PICTURE_504.png,BODY,5f08dafa392f74145122c0ee,13/10/1999,2020-08-27_18h40.23.296,proactive3.1,2020.1.2,Win32,60,5f47c29a48bd2a1e651a6eb7,5f47ede75080c61345c5990b,4,,,,,,wheel,,,,,,0,32,32,8,1,1,0,,,,,,,,,,,,,,,,,,,,,,,,,,,,,,,,,,,,,,,,,,,,,,,,,,,,,,,,,,,,,,,,,,,,,,,,,,,,,,,,,,,,,,,,,,,,,,,,,,,,,,,,,,,,,
,,,,,,,,,,stimuli/images/PICTURE_32.png,JUNGLE,5f08dafa392f74145122c0ee,13/10/1999,2020-08-27_18h40.23.296,proactive3.1,2020.1.2,Win32,60,5f47c29a48bd2a1e651a6eb7,5f47ede75080c61345c5990b,4,,,,,,crown,,,,,,0,33,33,45,1,5,0,,,,,,,,,,,,,,,,,,,,,,,,,,,,,,,,,,,,,,,,,,,,,,,,,,,,,,,,,,,,,,,,,,,,,,,,,,,,,,,,,,,,,,,,,,,,,,,,,,,,,,,,,,,,,
,,,,,,,,,,stimuli/images/PICTURE_314.png,SAKE,5f08dafa392f74145122c0ee,13/10/1999,2020-08-27_18h40.23.296,proactive3.1,2020.1.2,Win32,60,5f47c29a48bd2a1e651a6eb7,5f47ede75080c61345c5990b,4,,,,,,perfume,,,,,,0,34,34,7,1,1,0,,,,,,,,,,,,,,,,,,,,,,,,,,,,,,,,,,,,,,,,,,,,,,,,,,,,,,,,,,,,,,,,,,,,,,,,,,,,,,,,,,,,,,,,,,,,,,,,,,,,,,,,,,,,,
,,,,,,,,,,stimuli/images/PICTURE_491.png,ROOF,5f08dafa392f74145122c0ee,13/10/1999,2020-08-27_18h40.23.296,proactive3.1,2020.1.2,Win32,60,5f47c29a48bd2a1e651a6eb7,5f47ede75080c61345c5990b,4,,,,,,rug,,,,,,0,35,35,24,1,3,0,,,,,,,,,,,,,,,,,,,,,,,,,,,,,,,,,,,,,,,,,,,,,,,,,,,,,,,,,,,,,,,,,,,,,,,,,,,,,,,,,,,,,,,,,,,,,,,,,,,,,,,,,,,,,
,,,,,,,,,,stimuli/images/PICTURE_356.png,DANGER,5f08dafa392f74145122c0ee,13/10/1999,2020-08-27_18h40.23.296,proactive3.1,2020.1.2,Win32,60,5f47c29a48bd2a1e651a6eb7,5f47ede75080c61345c5990b,4,,,,,,pawn,,,,,,0,36,36,55,1,6,0,,,,,,,,,,,,,,,,,,,,,,,,,,,,,,,,,,,,,,,,,,,,,,,,,,,,,,,,,,,,,,,,,,,,,,,,,,,,,,,,,,,,,,,,,,,,,,,,,,,,,,,,,,,,,
,,,,,,,,,,stimuli/images/PICTURE_208.png,THING,5f08dafa392f74145122c0ee,13/10/1999,2020-08-27_18h40.23.296,proactive3.1,2020.1.2,Win32,60,5f47c29a48bd2a1e651a6eb7,5f47ede75080c61345c5990b,4,,,,,,microphone,,,,,,0,37,37,47,1,5,0,,,,,,,,,,,,,,,,,,,,,,,,,,,,,,,,,,,,,,,,,,,,,,,,,,,,,,,,,,,,,,,,,,,,,,,,,,,,,,,,,,,,,,,,,,,,,,,,,,,,,,,,,,,,,
,,,,,,,,,,stimuli/images/PICTURE_491.png,WRITER,5f08dafa392f74145122c0ee,13/10/1999,2020-08-27_18h40.23.296,proactive3.1,2020.1.2,Win32,60,5f47c29a48bd2a1e651a6eb7,5f47ede75080c61345c5990b,4,,,,,,rug,,,,,,0,38,38,57,1,6,0,,,,,,,,,,,,,,,,,,,,,,,,,,,,,,,,,,,,,,,,,,,,,,,,,,,,,,,,,,,,,,,,,,,,,,,,,,,,,,,,,,,,,,,,,,,,,,,,,,,,,,,,,,,,,
,,,,,,,,,,stimuli/images/PICTURE_453.png,PLENTY,5f08dafa392f74145122c0ee,13/10/1999,2020-08-27_18h40.23.296,proactive3.1,2020.1.2,Win32,60,5f47c29a48bd2a1e651a6eb7,5f47ede75080c61345c5990b,4,,,,,,scissors,,,,,,0,39,39,56,1,6,0,,,,,,,,,,,,,,,,,,,,,,,,,,,,,,,,,,,,,,,,,,,,,,,,,,,,,,,,,,,,,,,,,,,,,,,,,,,,,,,,,,,,,,,,,,,,,,,,,,,,,,,,,,,,,
,,,,,,,,,,stimuli/images/PICTURE_308.png,KIND,5f08dafa392f74145122c0ee,13/10/1999,2020-08-27_18h40.23.296,proactive3.1,2020.1.2,Win32,60,5f47c29a48bd2a1e651a6eb7,5f47ede75080c61345c5990b,4,,,,,,dice,,,,,,0,40,40,54,1,6,0,,,,,,,,,,,,,,,,,,,,,,,,,,,,,,,,,,,,,,,,,,,,,,,,,,,,,,,,,,,,,,,,,,,,,,,,,,,,,,,,,,,,,,,,,,,,,,,,,,,,,,,,,,,,,
,,,,,,,,,,stimuli/images/PICTURE_147.png,MOMENT,5f08dafa392f74145122c0ee,13/10/1999,2020-08-27_18h40.23.296,proactive3.1,2020.1.2,Win32,60,5f47c29a48bd2a1e651a6eb7,5f47ede75080c61345c5990b,4,,,,,,hanger,,,,,,0,41,41,51,1,6,0,,,,,,,,,,,,,,,,,,,,,,,,,,,,,,,,,,,,,,,,,,,,,,,,,,,,,,,,,,,,,,,,,,,,,,,,,,,,,,,,,,,,,,,,,,,,,,,,,,,,,,,,,,,,,
,,,,,,,,,,stimuli/images/PICTURE_123.png,ADVICE,5f08dafa392f74145122c0ee,13/10/1999,2020-08-27_18h40.23.296,proactive3.1,2020.1.2,Win32,60,5f47c29a48bd2a1e651a6eb7,5f47ede75080c61345c5990b,4,,,,,,dart,,,,,,0,42,42,40,1,5,0,,,,,,,,,,,,,,,,,,,,,,,,,,,,,,,,,,,,,,,,,,,,,,,,,,,,,,,,,,,,,,,,,,,,,,,,,,,,,,,,,,,,,,,,,,,,,,,,,,,,,,,,,,,,,
,,,,,,,,,,stimuli/images/PICTURE_453.png,DUDE,5f08dafa392f74145122c0ee,13/10/1999,2020-08-27_18h40.23.296,proactive3.1,2020.1.2,Win32,60,5f47c29a48bd2a1e651a6eb7,5f47ede75080c61345c5990b,4,,,,,,scissors,,,,,,0,43,43,27,1,3,0,,,,,,,,,,,,,,,,,,,,,,,,,,,,,,,,,,,,,,,,,,,,,,,,,,,,,,,,,,,,,,,,,,,,,,,,,,,,,,,,,,,,,,,,,,,,,,,,,,,,,,,,,,,,,
,,,,,,,,,,stimuli/images/PICTURE_302.png,FAMILY,5f08dafa392f74145122c0ee,13/10/1999,2020-08-27_18h40.23.296,proactive3.1,2020.1.2,Win32,60,5f47c29a48bd2a1e651a6eb7,5f47ede75080c61345c5990b,4,,,,,,taxi,,,,,,0,44,44,18,1,2,0,,,,,,,,,,,,,,,,,,,,,,,,,,,,,,,,,,,,,,,,,,,,,,,,,,,,,,,,,,,,,,,,,,,,,,,,,,,,,,,,,,,,,,,,,,,,,,,,,,,,,,,,,,,,,
,,,,,,,,,,stimuli/images/PICTURE_160.png,FEET,5f08dafa392f74145122c0ee,13/10/1999,2020-08-27_18h40.23.296,proactive3.1,2020.1.2,Win32,60,5f47c29a48bd2a1e651a6eb7,5f47ede75080c61345c5990b,4,,,,,,wheelbarrow,,,,,,0,45,45,58,1,6,0,,,,,,,,,,,,,,,,,,,,,,,,,,,,,,,,,,,,,,,,,,,,,,,,,,,,,,,,,,,,,,,,,,,,,,,,,,,,,,,,,,,,,,,,,,,,,,,,,,,,,,,,,,,,,
,,,,,,,,,,stimuli/images/PICTURE_314.png,GODS,5f08dafa392f74145122c0ee,13/10/1999,2020-08-27_18h40.23.296,proactive3.1,2020.1.2,Win32,60,5f47c29a48bd2a1e651a6eb7,5f47ede75080c61345c5990b,4,,,,,,perfume,,,,,,0,46,46,11,1,2,0,,,,,,,,,,,,,,,,,,,,,,,,,,,,,,,,,,,,,,,,,,,,,,,,,,,,,,,,,,,,,,,,,,,,,,,,,,,,,,,,,,,,,,,,,,,,,,,,,,,,,,,,,,,,,
,,,,,,,,,,stimuli/images/PICTURE_339.png,PLENTY,5f08dafa392f74145122c0ee,13/10/1999,2020-08-27_18h40.23.296,proactive3.1,2020.1.2,Win32,60,5f47c29a48bd2a1e651a6eb7,5f47ede75080c61345c5990b,4,,,,,,backpack,,,,,,0,47,47,0,1,1,0,,,,,,,,,,,,,,,,,,,,,,,,,,,,,,,,,,,,,,,,,,,,,,,,,,,,,,,,,,,,,,,,,,,,,,,,,,,,,,,,,,,,,,,,,,,,,,,,,,,,,,,,,,,,,
,,,,,,,,,,stimuli/images/PICTURE_380.png,DEATH,5f08dafa392f74145122c0ee,13/10/1999,2020-08-27_18h40.23.296,proactive3.1,2020.1.2,Win32,60,5f47c29a48bd2a1e651a6eb7,5f47ede75080c61345c5990b,4,,,,,,gorilla,,,,,,0,48,48,49,1,5,0,,,,,,,,,,,,,,,,,,,,,,,,,,,,,,,,,,,,,,,,,,,,,,,,,,,,,,,,,,,,,,,,,,,,,,,,,,,,,,,,,,,,,,,,,,,,,,,,,,,,,,,,,,,,,
,,,,,,,,,,stimuli/images/PICTURE_208.png,MONTH,5f08dafa392f74145122c0ee,13/10/1999,2020-08-27_18h40.23.296,proactive3.1,2020.1.2,Win32,60,5f47c29a48bd2a1e651a6eb7,5f47ede75080c61345c5990b,4,,,,,,microphone,,,,,,0,49,49,53,1,6,0,,,,,,,,,,,,,,,,,,,,,,,,,,,,,,,,,,,,,,,,,,,,,,,,,,,,,,,,,,,,,,,,,,,,,,,,,,,,,,,,,,,,,,,,,,,,,,,,,,,,,,,,,,,,,
,,,,,,,,,,stimuli/images/PICTURE_208.png,LOTS,5f08dafa392f74145122c0ee,13/10/1999,2020-08-27_18h40.23.296,proactive3.1,2020.1.2,Win32,60,5f47c29a48bd2a1e651a6eb7,5f47ede75080c61345c5990b,4,,,,,,microphone,,,,,,0,50,50,10,1,2,0,,,,,,,,,,,,,,,,,,,,,,,,,,,,,,,,,,,,,,,,,,,,,,,,,,,,,,,,,,,,,,,,,,,,,,,,,,,,,,,,,,,,,,,,,,,,,,,,,,,,,,,,,,,,,
,,,,,,,,,,stimuli/images/PICTURE_233.png,IDEAS,5f08dafa392f74145122c0ee,13/10/1999,2020-08-27_18h40.23.296,proactive3.1,2020.1.2,Win32,60,5f47c29a48bd2a1e651a6eb7,5f47ede75080c61345c5990b,4,,,,,,salt,,,,,,0,51,51,28,1,3,0,,,,,,,,,,,,,,,,,,,,,,,,,,,,,,,,,,,,,,,,,,,,,,,,,,,,,,,,,,,,,,,,,,,,,,,,,,,,,,,,,,,,,,,,,,,,,,,,,,,,,,,,,,,,,
,,,,,,,,,,stimuli/images/PICTURE_677.png,MILE,5f08dafa392f74145122c0ee,13/10/1999,2020-08-27_18h40.23.296,proactive3.1,2020.1.2,Win32,60,5f47c29a48bd2a1e651a6eb7,5f47ede75080c61345c5990b,4,,,,,,map,,,,,,0,52,52,30,1,4,0,,,,,,,,,,,,,,,,,,,,,,,,,,,,,,,,,,,,,,,,,,,,,,,,,,,,,,,,,,,,,,,,,,,,,,,,,,,,,,,,,,,,,,,,,,,,,,,,,,,,,,,,,,,,,
,,,,,,,,,,stimuli/images/PICTURE_667.png,BATH,5f08dafa392f74145122c0ee,13/10/1999,2020-08-27_18h40.23.296,proactive3.1,2020.1.2,Win32,60,5f47c29a48bd2a1e651a6eb7,5f47ede75080c61345c5990b,4,,,,,,daisy,,,,,,0,53,53,4,1,1,0,,,,,,,,,,,,,,,,,,,,,,,,,,,,,,,,,,,,,,,,,,,,,,,,,,,,,,,,,,,,,,,,,,,,,,,,,,,,,,,,,,,,,,,,,,,,,,,,,,,,,,,,,,,,,
,,,,,,,,,,stimuli/images/PICTURE_470.png,CASINO,5f08dafa392f74145122c0ee,13/10/1999,2020-08-27_18h40.23.296,proactive3.1,2020.1.2,Win32,60,5f47c29a48bd2a1e651a6eb7,5f47ede75080c61345c5990b,4,,,,,,motorbike,,,,,,0,54,54,36,1,4,0,,,,,,,,,,,,,,,,,,,,,,,,,,,,,,,,,,,,,,,,,,,,,,,,,,,,,,,,,,,,,,,,,,,,,,,,,,,,,,,,,,,,,,,,,,,,,,,,,,,,,,,,,,,,,
,,,,,,,,,,stimuli/images/PICTURE_177.png,CARS,5f08dafa392f74145122c0ee,13/10/1999,2020-08-27_18h40.23.296,proactive3.1,2020.1.2,Win32,60,5f47c29a48bd2a1e651a6eb7,5f47ede75080c61345c5990b,4,,,,,,mushroom,,,,,,0,55,55,35,1,4,0,,,,,,,,,,,,,,,,,,,,,,,,,,,,,,,,,,,,,,,,,,,,,,,,,,,,,,,,,,,,,,,,,,,,,,,,,,,,,,,,,,,,,,,,,,,,,,,,,,,,,,,,,,,,,
,,,,,,,,,,stimuli/images/PICTURE_708.png,YARD,5f08dafa392f74145122c0ee,13/10/1999,2020-08-27_18h40.23.296,proactive3.1,2020.1.2,Win32,60,5f47c29a48bd2a1e651a6eb7,5f47ede75080c61345c5990b,4,,,,,,monkey,,,,,,0,56,56,29,1,3,0,,,,,,,,,,,,,,,,,,,,,,,,,,,,,,,,,,,,,,,,,,,,,,,,,,,,,,,,,,,,,,,,,,,,,,,,,,,,,,,,,,,,,,,,,,,,,,,,,,,,,,,,,,,,,
,,,,,,,,,,stimuli/images/PICTURE_449.png,THING,5f08dafa392f74145122c0ee,13/10/1999,2020-08-27_18h40.23.296,proactive3.1,2020.1.2,Win32,60,5f47c29a48bd2a1e651a6eb7,5f47ede75080c61345c5990b,4,,,,,,bench,,,,,,0,57,57,59,1,6,0,,,,,,,,,,,,,,,,,,,,,,,,,,,,,,,,,,,,,,,,,,,,,,,,,,,,,,,,,,,,,,,,,,,,,,,,,,,,,,,,,,,,,,,,,,,,,,,,,,,,,,,,,,,,,
,,,,,,,,,,stimuli/images/PICTURE_95.png,STYLE,5f08dafa392f74145122c0ee,13/10/1999,2020-08-27_18h40.23.296,proactive3.1,2020.1.2,Win32,60,5f47c29a48bd2a1e651a6eb7,5f47ede75080c61345c5990b,4,,,,,,suitcase,,,,,,0,58,58,25,1,3,0,,,,,,,,,,,,,,,,,,,,,,,,,,,,,,,,,,,,,,,,,,,,,,,,,,,,,,,,,,,,,,,,,,,,,,,,,,,,,,,,,,,,,,,,,,,,,,,,,,,,,,,,,,,,,
,,PENNY,9.74952,1,,,,,,stimuli/images/PICTURE_708.png,PENNY,5f08dafa392f74145122c0ee,13/10/1999,2020-08-27_18h40.23.296,proactive3.1,2020.1.2,Win32,60,5f47c29a48bd2a1e651a6eb7,5f47ede75080c61345c5990b,4,,,,,,monkey,,,,,,,,,,,4,0,0,0,0,31,1,,,,,,,,,,,,,,,,,,,,,,,,,,,,,,,,,,,,,,,,,,,,,,,,,,,,,,,,,,,,,,,,,,,,,,,,,,,,,,,,,,,,,,,,,,,,,,,,,,,,,,,,
,,?,0.00125,0,,,,,,stimuli/images/PICTURE_504.png,BODY,5f08dafa392f74145122c0ee,13/10/1999,2020-08-27_18h40.23.296,proactive3.1,2020.1.2,Win32,60,5f47c29a48bd2a1e651a6eb7,5f47ede75080c61345c5990b,4,,,,,,wheel,,,,,,,,,,,1,0,0,1,1,8,1,,,,,,,,,,,,,,,,,,,,,,,,,,,,,,,,,,,,,,,,,,,,,,,,,,,,,,,,,,,,,,,,,,,,,,,,,,,,,,,,,,,,,,,,,,,,,,,,,,,,,,,,
,,?,0.001025,0,,,,,,stimuli/images/PICTURE_160.png,LEADER,5f08dafa392f74145122c0ee,13/10/1999,2020-08-27_18h40.23.296,proactive3.1,2020.1.2,Win32,60,5f47c29a48bd2a1e651a6eb7,5f47ede75080c61345c5990b,4,,,,,,wheelbarrow,,,,,,,,,,,1,0,0,2,2,3,1,,,,,,,,,,,,,,,,,,,,,,,,,,,,,,,,,,,,,,,,,,,,,,,,,,,,,,,,,,,,,,,,,,,,,,,,,,,,,,,,,,,,,,,,,,,,,,,,,,,,,,,,
,,?,0.00064,0,,,,,,stimuli/images/PICTURE_380.png,PHOTO,5f08dafa392f74145122c0ee,13/10/1999,2020-08-27_18h40.23.296,proactive3.1,2020.1.2,Win32,60,5f47c29a48bd2a1e651a6eb7,5f47ede75080c61345c5990b,4,,,,,,gorilla,,,,,,,,,,,6,0,0,3,3,52,1,,,,,,,,,,,,,,,,,,,,,,,,,,,,,,,,,,,,,,,,,,,,,,,,,,,,,,,,,,,,,,,,,,,,,,,,,,,,,,,,,,,,,,,,,,,,,,,,,,,,,,,,
,,?,0.00097,0,,,,,,stimuli/images/PICTURE_95.png,STYLE,5f08dafa392f74145122c0ee,13/10/1999,2020-08-27_18h40.23.296,proactive3.1,2020.1.2,Win32,60,5f47c29a48bd2a1e651a6eb7,5f47ede75080c61345c5990b,4,,,,,,suitcase,,,,,,,,,,,3,0,0,4,4,25,1,,,,,,,,,,,,,,,,,,,,,,,,,,,,,,,,,,,,,,,,,,,,,,,,,,,,,,,,,,,,,,,,,,,,,,,,,,,,,,,,,,,,,,,,,,,,,,,,,,,,,,,,
,,?,0.000845,0,,,,,,stimuli/images/PICTURE_160.png,FEET,5f08dafa392f74145122c0ee,13/10/1999,2020-08-27_18h40.23.296,proactive3.1,2020.1.2,Win32,60,5f47c29a48bd2a1e651a6eb7,5f47ede75080c61345c5990b,4,,,,,,wheelbarrow,,,,,,,,,,,6,0,0,5,5,58,1,,,,,,,,,,,,,,,,,,,,,,,,,,,,,,,,,,,,,,,,,,,,,,,,,,,,,,,,,,,,,,,,,,,,,,,,,,,,,,,,,,,,,,,,,,,,,,,,,,,,,,,,
,,CARS,9.811565,1,,,,,,stimuli/images/PICTURE_177.png,CARS,5f08dafa392f74145122c0ee,13/10/1999,2020-08-27_18h40.23.296,proactive3.1,2020.1.2,Win32,60,5f47c29a48bd2a1e651a6eb7,5f47ede75080c61345c5990b,4,,,,,,mushroom,,,,,,,,,,,4,0,0,6,6,35,1,,,,,,,,,,,,,,,,,,,,,,,,,,,,,,,,,,,,,,,,,,,,,,,,,,,,,,,,,,,,,,,,,,,,,,,,,,,,,,,,,,,,,,,,,,,,,,,,,,,,,,,,
,,?,0.00179,0,,,,,,stimuli/images/PICTURE_667.png,BATH,5f08dafa392f74145122c0ee,13/10/1999,2020-08-27_18h40.23.296,proactive3.1,2020.1.2,Win32,60,5f47c29a48bd2a1e651a6eb7,5f47ede75080c61345c5990b,4,,,,,,daisy,,,,,,,,,,,1,0,0,7,7,4,1,,,,,,,,,,,,,,,,,,,,,,,,,,,,,,,,,,,,,,,,,,,,,,,,,,,,,,,,,,,,,,,,,,,,,,,,,,,,,,,,,,,,,,,,,,,,,,,,,,,,,,,,
,,?,0.000715,0,,,,,,stimuli/images/PICTURE_85.png,THING,5f08dafa392f74145122c0ee,13/10/1999,2020-08-27_18h40.23.296,proactive3.1,2020.1.2,Win32,60,5f47c29a48bd2a1e651a6eb7,5f47ede75080c61345c5990b,4,,,,,,diamond,,,,,,,,,,,2,0,0,8,8,15,1,,,,,,,,,,,,,,,,,,,,,,,,,,,,,,,,,,,,,,,,,,,,,,,,,,,,,,,,,,,,,,,,,,,,,,,,,,,,,,,,,,,,,,,,,,,,,,,,,,,,,,,,
,,?,0.000645,0,,,,,,stimuli/images/PICTURE_308.png,ESTATE,5f08dafa392f74145122c0ee,13/10/1999,2020-08-27_18h40.23.296,proactive3.1,2020.1.2,Win32,60,5f47c29a48bd2a1e651a6eb7,5f47ede75080c61345c5990b,4,,,,,,dice,,,,,,,,,,,5,0,0,9,9,46,1,,,,,,,,,,,,,,,,,,,,,,,,,,,,,,,,,,,,,,,,,,,,,,,,,,,,,,,,,,,,,,,,,,,,,,,,,,,,,,,,,,,,,,,,,,,,,,,,,,,,,,,,
,,?,0.000665,0,,,,,,stimuli/images/PICTURE_667.png,PLENTY,5f08dafa392f74145122c0ee,13/10/1999,2020-08-27_18h40.23.296,proactive3.1,2020.1.2,Win32,60,5f47c29a48bd2a1e651a6eb7,5f47ede75080c61345c5990b,4,,,,,,daisy,,,,,,,,,,,5,0,0,10,10,41,1,,,,,,,,,,,,,,,,,,,,,,,,,,,,,,,,,,,,,,,,,,,,,,,,,,,,,,,,,,,,,,,,,,,,,,,,,,,,,,,,,,,,,,,,,,,,,,,,,,,,,,,,
,,?,0.00084,0,,,,,,stimuli/images/PICTURE_32.png,JUNGLE,5f08dafa392f74145122c0ee,13/10/1999,2020-08-27_18h40.23.296,proactive3.1,2020.1.2,Win32,60,5f47c29a48bd2a1e651a6eb7,5f47ede75080c61345c5990b,4,,,,,,crown,,,,,,,,,,,5,0,0,11,11,45,1,,,,,,,,,,,,,,,,,,,,,,,,,,,,,,,,,,,,,,,,,,,,,,,,,,,,,,,,,,,,,,,,,,,,,,,,,,,,,,,,,,,,,,,,,,,,,,,,,,,,,,,,
,,?,0.00073,0,,,,,,stimuli/images/PICTURE_327.png,BEAUTY,5f08dafa392f74145122c0ee,13/10/1999,2020-08-27_18h40.23.296,proactive3.1,2020.1.2,Win32,60,5f47c29a48bd2a1e651a6eb7,5f47ede75080c61345c5990b,4,,,,,,helmet,,,,,,,,,,,5,0,0,12,12,48,1,,,,,,,,,,,,,,,,,,,,,,,,,,,,,,,,,,,,,,,,,,,,,,,,,,,,,,,,,,,,,,,,,,,,,,,,,,,,,,,,,,,,,,,,,,,,,,,,,,,,,,,,
,,FRIEND,6.557515,1,,,,,,stimuli/images/PICTURE_311.png,FRIEND,5f08dafa392f74145122c0ee,13/10/1999,2020-08-27_18h40.23.296,proactive3.1,2020.1.2,Win32,60,5f47c29a48bd2a1e651a6eb7,5f47ede75080c61345c5990b,4,,,,,,razor,,,,,,,,,,,4,0,0,13,13,34,1,,,,,,,,,,,,,,,,,,,,,,,,,,,,,,,,,,,,,,,,,,,,,,,,,,,,,,,,,,,,,,,,,,,,,,,,,,,,,,,,,,,,,,,,,,,,,,,,,,,,,,,,
,,?,0.001585,0,,,,,,stimuli/images/PICTURE_449.png,THING,5f08dafa392f74145122c0ee,13/10/1999,2020-08-27_18h40.23.296,proactive3.1,2020.1.2,Win32,60,5f47c29a48bd2a1e651a6eb7,5f47ede75080c61345c5990b,4,,,,,,bench,,,,,,,,,,,6,0,0,14,14,59,1,,,,,,,,,,,,,,,,,,,,,,,,,,,,,,,,,,,,,,,,,,,,,,,,,,,,,,,,,,,,,,,,,,,,,,,,,,,,,,,,,,,,,,,,,,,,,,,,,,,,,,,,
,,?,0.000755,0,,,,,,stimuli/images/PICTURE_744.png,SYSTEM,5f08dafa392f74145122c0ee,13/10/1999,2020-08-27_18h40.23.296,proactive3.1,2020.1.2,Win32,60,5f47c29a48bd2a1e651a6eb7,5f47ede75080c61345c5990b,4,,,,,,ring,,,,,,,,,,,5,0,0,15,15,43,1,,,,,,,,,,,,,,,,,,,,,,,,,,,,,,,,,,,,,,,,,,,,,,,,,,,,,,,,,,,,,,,,,,,,,,,,,,,,,,,,,,,,,,,,,,,,,,,,,,,,,,,,
,,DOZEN,10.118475,1,,,,,,stimuli/images/PICTURE_248.png,DOZEN,5f08dafa392f74145122c0ee,13/10/1999,2020-08-27_18h40.23.296,proactive3.1,2020.1.2,Win32,60,5f47c29a48bd2a1e651a6eb7,5f47ede75080c61345c5990b,4,,,,,,cart,,,,,,,,,,,4,0,0,16,16,39,1,,,,,,,,,,,,,,,,,,,,,,,,,,,,,,,,,,,,,,,,,,,,,,,,,,,,,,,,,,,,,,,,,,,,,,,,,,,,,,,,,,,,,,,,,,,,,,,,,,,,,,,,
,,?,0.000915,0,,,,,,stimuli/images/PICTURE_688.png,WOMEN,5f08dafa392f74145122c0ee,13/10/1999,2020-08-27_18h40.23.296,proactive3.1,2020.1.2,Win32,60,5f47c29a48bd2a1e651a6eb7,5f47ede75080c61345c5990b,4,,,,,,runner,,,,,,,,,,,2,0,0,17,17,14,1,,,,,,,,,,,,,,,,,,,,,,,,,,,,,,,,,,,,,,,,,,,,,,,,,,,,,,,,,,,,,,,,,,,,,,,,,,,,,,,,,,,,,,,,,,,,,,,,,,,,,,,,
,,?,0.00089,0,,,,,,stimuli/images/PICTURE_453.png,PLENTY,5f08dafa392f74145122c0ee,13/10/1999,2020-08-27_18h40.23.296,proactive3.1,2020.1.2,Win32,60,5f47c29a48bd2a1e651a6eb7,5f47ede75080c61345c5990b,4,,,,,,scissors,,,,,,,,,,,6,0,0,18,18,56,1,,,,,,,,,,,,,,,,,,,,,,,,,,,,,,,,,,,,,,,,,,,,,,,,,,,,,,,,,,,,,,,,,,,,,,,,,,,,,,,,,,,,,,,,,,,,,,,,,,,,,,,,
,,PLENTY,6.629955,1,,,,,,stimuli/images/PICTURE_215.png,PLENTY,5f08dafa392f74145122c0ee,13/10/1999,2020-08-27_18h40.23.296,proactive3.1,2020.1.2,Win32,60,5f47c29a48bd2a1e651a6eb7,5f47ede75080c61345c5990b,4,,,,,,boot,,,,,,,,,,,4,0,0,19,19,37,1,,,,,,,,,,,,,,,,,,,,,,,,,,,,,,,,,,,,,,,,,,,,,,,,,,,,,,,,,,,,,,,,,,,,,,,,,,,,,,,,,,,,,,,,,,,,,,,,,,,,,,,,
,,WEAPON,8.955435,1,,,,,,stimuli/images/PICTURE_675.png,WEAPON,5f08dafa392f74145122c0ee,13/10/1999,2020-08-27_18h40.23.296,proactive3.1,2020.1.2,Win32,60,5f47c29a48bd2a1e651a6eb7,5f47ede75080c61345c5990b,4,,,,,,windmill,,,,,,,,,,,4,0,0,20,20,32,1,,,,,,,,,,,,,,,,,,,,,,,,,,,,,,,,,,,,,,,,,,,,,,,,,,,,,,,,,,,,,,,,,,,,,,,,,,,,,,,,,,,,,,,,,,,,,,,,,,,,,,,,
,,?,0.001735,0,,,,,,stimuli/images/PICTURE_285.png,ADVICE,5f08dafa392f74145122c0ee,13/10/1999,2020-08-27_18h40.23.296,proactive3.1,2020.1.2,Win32,60,5f47c29a48bd2a1e651a6eb7,5f47ede75080c61345c5990b,4,,,,,,carrot,,,,,,,,,,,2,0,0,21,21,12,1,,,,,,,,,,,,,,,,,,,,,,,,,,,,,,,,,,,,,,,,,,,,,,,,,,,,,,,,,,,,,,,,,,,,,,,,,,,,,,,,,,,,,,,,,,,,,,,,,,,,,,,,
,,?,0.00068,0,,,,,,stimuli/images/PICTURE_255.png,AREA,5f08dafa392f74145122c0ee,13/10/1999,2020-08-27_18h40.23.296,proactive3.1,2020.1.2,Win32,60,5f47c29a48bd2a1e651a6eb7,5f47ede75080c61345c5990b,4,,,,,,shovel,,,,,,,,,,,3,0,0,22,22,22,1,,,,,,,,,,,,,,,,,,,,,,,,,,,,,,,,,,,,,,,,,,,,,,,,,,,,,,,,,,,,,,,,,,,,,,,,,,,,,,,,,,,,,,,,,,,,,,,,,,,,,,,,
,,?,0.0007,0,,,,,,stimuli/images/PICTURE_469.png,LETTER,5f08dafa392f74145122c0ee,13/10/1999,2020-08-27_18h40.23.296,proactive3.1,2020.1.2,Win32,60,5f47c29a48bd2a1e651a6eb7,5f47ede75080c61345c5990b,4,,,,,,stool,,,,,,,,,,,5,0,0,23,23,42,1,,,,,,,,,,,,,,,,,,,,,,,,,,,,,,,,,,,,,,,,,,,,,,,,,,,,,,,,,,,,,,,,,,,,,,,,,,,,,,,,,,,,,,,,,,,,,,,,,,,,,,,,
,,?,0.000605,0,,,,,,stimuli/images/PICTURE_233.png,IDEAS,5f08dafa392f74145122c0ee,13/10/1999,2020-08-27_18h40.23.296,proactive3.1,2020.1.2,Win32,60,5f47c29a48bd2a1e651a6eb7,5f47ede75080c61345c5990b,4,,,,,,salt,,,,,,,,,,,3,0,0,24,24,28,1,,,,,,,,,,,,,,,,,,,,,,,,,,,,,,,,,,,,,,,,,,,,,,,,,,,,,,,,,,,,,,,,,,,,,,,,,,,,,,,,,,,,,,,,,,,,,,,,,,,,,,,,
,,?,0.00076,0,,,,,,stimuli/images/PICTURE_151.png,GIRL,5f08dafa392f74145122c0ee,13/10/1999,2020-08-27_18h40.23.296,proactive3.1,2020.1.2,Win32,60,5f47c29a48bd2a1e651a6eb7,5f47ede75080c61345c5990b,4,,,,,,tray,,,,,,,,,,,2,0,0,25,25,19,1,,,,,,,,,,,,,,,,,,,,,,,,,,,,,,,,,,,,,,,,,,,,,,,,,,,,,,,,,,,,,,,,,,,,,,,,,,,,,,,,,,,,,,,,,,,,,,,,,,,,,,,,
,,?,0.000645,0,,,,,,stimuli/images/PICTURE_692.png,MONTH,5f08dafa392f74145122c0ee,13/10/1999,2020-08-27_18h40.23.296,proactive3.1,2020.1.2,Win32,60,5f47c29a48bd2a1e651a6eb7,5f47ede75080c61345c5990b,4,,,,,,cherry,,,,,,,,,,,2,0,0,26,26,16,1,,,,,,,,,,,,,,,,,,,,,,,,,,,,,,,,,,,,,,,,,,,,,,,,,,,,,,,,,,,,,,,,,,,,,,,,,,,,,,,,,,,,,,,,,,,,,,,,,,,,,,,,
,,?,0.00063,0,,,,,,stimuli/images/PICTURE_509.png,PHOTO,5f08dafa392f74145122c0ee,13/10/1999,2020-08-27_18h40.23.296,proactive3.1,2020.1.2,Win32,60,5f47c29a48bd2a1e651a6eb7,5f47ede75080c61345c5990b,4,,,,,,telephone,,,,,,,,,,,3,0,0,27,27,21,1,,,,,,,,,,,,,,,,,,,,,,,,,,,,,,,,,,,,,,,,,,,,,,,,,,,,,,,,,,,,,,,,,,,,,,,,,,,,,,,,,,,,,,,,,,,,,,,,,,,,,,,,
,,?,0.00065,0,,,,,,stimuli/images/PICTURE_339.png,PLENTY,5f08dafa392f74145122c0ee,13/10/1999,2020-08-27_18h40.23.296,proactive3.1,2020.1.2,Win32,60,5f47c29a48bd2a1e651a6eb7,5f47ede75080c61345c5990b,4,,,,,,backpack,,,,,,,,,,,1,0,0,28,28,0,1,,,,,,,,,,,,,,,,,,,,,,,,,,,,,,,,,,,,,,,,,,,,,,,,,,,,,,,,,,,,,,,,,,,,,,,,,,,,,,,,,,,,,,,,,,,,,,,,,,,,,,,,
,,?,0.00056,0,,,,,,stimuli/images/PICTURE_487.png,FLIGHT,5f08dafa392f74145122c0ee,13/10/1999,2020-08-27_18h40.23.296,proactive3.1,2020.1.2,Win32,60,5f47c29a48bd2a1e651a6eb7,5f47ede75080c61345c5990b,4,,,,,,basket,,,,,,,,,,,1,0,0,29,29,9,1,,,,,,,,,,,,,,,,,,,,,,,,,,,,,,,,,,,,,,,,,,,,,,,,,,,,,,,,,,,,,,,,,,,,,,,,,,,,,,,,,,,,,,,,,,,,,,,,,,,,,,,,
,,?,0.00123,0,,,,,,stimuli/images/PICTURE_356.png,DANGER,5f08dafa392f74145122c0ee,13/10/1999,2020-08-27_18h40.23.296,proactive3.1,2020.1.2,Win32,60,5f47c29a48bd2a1e651a6eb7,5f47ede75080c61345c5990b,4,,,,,,pawn,,,,,,,,,,,6,0,0,30,30,55,1,,,,,,,,,,,,,,,,,,,,,,,,,,,,,,,,,,,,,,,,,,,,,,,,,,,,,,,,,,,,,,,,,,,,,,,,,,,,,,,,,,,,,,,,,,,,,,,,,,,,,,,,
,,?,0.000765,0,,,,,,stimuli/images/PICTURE_654.png,VALLEY,5f08dafa392f74145122c0ee,13/10/1999,2020-08-27_18h40.23.296,proactive3.1,2020.1.2,Win32,60,5f47c29a48bd2a1e651a6eb7,5f47ede75080c61345c5990b,4,,,,,,pencil,,,,,,,,,,,1,0,0,31,31,1,1,,,,,,,,,,,,,,,,,,,,,,,,,,,,,,,,,,,,,,,,,,,,,,,,,,,,,,,,,,,,,,,,,,,,,,,,,,,,,,,,,,,,,,,,,,,,,,,,,,,,,,,,
,,?,0.002265,0,,,,,,stimuli/images/PICTURE_208.png,THING,5f08dafa392f74145122c0ee,13/10/1999,2020-08-27_18h40.23.296,proactive3.1,2020.1.2,Win32,60,5f47c29a48bd2a1e651a6eb7,5f47ede75080c61345c5990b,4,,,,,,microphone,,,,,,,,,,,5,0,0,32,32,47,1,,,,,,,,,,,,,,,,,,,,,,,,,,,,,,,,,,,,,,,,,,,,,,,,,,,,,,,,,,,,,,,,,,,,,,,,,,,,,,,,,,,,,,,,,,,,,,,,,,,,,,,,
,,?,0.00064,0,,,,,,stimuli/images/PICTURE_467.png,DEMON,5f08dafa392f74145122c0ee,13/10/1999,2020-08-27_18h40.23.296,proactive3.1,2020.1.2,Win32,60,5f47c29a48bd2a1e651a6eb7,5f47ede75080c61345c5990b,4,,,,,,peg,,,,,,,,,,,3,0,0,33,33,23,1,,,,,,,,,,,,,,,,,,,,,,,,,,,,,,,,,,,,,,,,,,,,,,,,,,,,,,,,,,,,,,,,,,,,,,,,,,,,,,,,,,,,,,,,,,,,,,,,,,,,,,,,
,,?,0.000585,0,,,,,,stimuli/images/PICTURE_208.png,LOTS,5f08dafa392f74145122c0ee,13/10/1999,2020-08-27_18h40.23.296,proactive3.1,2020.1.2,Win32,60,5f47c29a48bd2a1e651a6eb7,5f47ede75080c61345c5990b,4,,,,,,microphone,,,,,,,,,,,2,0,0,34,34,10,1,,,,,,,,,,,,,,,,,,,,,,,,,,,,,,,,,,,,,,,,,,,,,,,,,,,,,,,,,,,,,,,,,,,,,,,,,,,,,,,,,,,,,,,,,,,,,,,,,,,,,,,,
,,?,0.002295,0,,,,,,stimuli/images/PICTURE_380.png,DEATH,5f08dafa392f74145122c0ee,13/10/1999,2020-08-27_18h40.23.296,proactive3.1,2020.1.2,Win32,60,5f47c29a48bd2a1e651a6eb7,5f47ede75080c61345c5990b,4,,,,,,gorilla,,,,,,,,,,,5,0,0,35,35,49,1,,,,,,,,,,,,,,,,,,,,,,,,,,,,,,,,,,,,,,,,,,,,,,,,,,,,,,,,,,,,,,,,,,,,,,,,,,,,,,,,,,,,,,,,,,,,,,,,,,,,,,,,
,,?,0.00108,0,,,,,,stimuli/images/PICTURE_348.png,SPEECH,5f08dafa392f74145122c0ee,13/10/1999,2020-08-27_18h40.23.296,proactive3.1,2020.1.2,Win32,60,5f47c29a48bd2a1e651a6eb7,5f47ede75080c61345c5990b,4,,,,,,pepper,,,,,,,,,,,3,0,0,36,36,20,1,,,,,,,,,,,,,,,,,,,,,,,,,,,,,,,,,,,,,,,,,,,,,,,,,,,,,,,,,,,,,,,,,,,,,,,,,,,,,,,,,,,,,,,,,,,,,,,,,,,,,,,,
,,?,0.000665,0,,,,,,stimuli/images/PICTURE_123.png,ADVICE,5f08dafa392f74145122c0ee,13/10/1999,2020-08-27_18h40.23.296,proactive3.1,2020.1.2,Win32,60,5f47c29a48bd2a1e651a6eb7,5f47ede75080c61345c5990b,4,,,,,,dart,,,,,,,,,,,6,0,0,37,37,50,1,,,,,,,,,,,,,,,,,,,,,,,,,,,,,,,,,,,,,,,,,,,,,,,,,,,,,,,,,,,,,,,,,,,,,,,,,,,,,,,,,,,,,,,,,,,,,,,,,,,,,,,,
,,?,0.000615,0,,,,,,stimuli/images/PICTURE_469.png,ARTIST,5f08dafa392f74145122c0ee,13/10/1999,2020-08-27_18h40.23.296,proactive3.1,2020.1.2,Win32,60,5f47c29a48bd2a1e651a6eb7,5f47ede75080c61345c5990b,4,,,,,,stool,,,,,,,,,,,1,0,0,38,38,6,1,,,,,,,,,,,,,,,,,,,,,,,,,,,,,,,,,,,,,,,,,,,,,,,,,,,,,,,,,,,,,,,,,,,,,,,,,,,,,,,,,,,,,,,,,,,,,,,,,,,,,,,,
,,?,0.0007,0,,,,,,stimuli/images/PICTURE_123.png,ADVICE,5f08dafa392f74145122c0ee,13/10/1999,2020-08-27_18h40.23.296,proactive3.1,2020.1.2,Win32,60,5f47c29a48bd2a1e651a6eb7,5f47ede75080c61345c5990b,4,,,,,,dart,,,,,,,,,,,5,0,0,39,39,40,1,,,,,,,,,,,,,,,,,,,,,,,,,,,,,,,,,,,,,,,,,,,,,,,,,,,,,,,,,,,,,,,,,,,,,,,,,,,,,,,,,,,,,,,,,,,,,,,,,,,,,,,,
,,MILE,7.889315,1,,,,,,stimuli/images/PICTURE_677.png,MILE,5f08dafa392f74145122c0ee,13/10/1999,2020-08-27_18h40.23.296,proactive3.1,2020.1.2,Win32,60,5f47c29a48bd2a1e651a6eb7,5f47ede75080c61345c5990b,4,,,,,,map,,,,,,,,,,,4,0,0,40,40,30,1,,,,,,,,,,,,,,,,,,,,,,,,,,,,,,,,,,,,,,,,,,,,,,,,,,,,,,,,,,,,,,,,,,,,,,,,,,,,,,,,,,,,,,,,,,,,,,,,,,,,,,,,
,,?,0.001545,0,,,,,,stimuli/images/PICTURE_708.png,YARD,5f08dafa392f74145122c0ee,13/10/1999,2020-08-27_18h40.23.296,proactive3.1,2020.1.2,Win32,60,5f47c29a48bd2a1e651a6eb7,5f47ede75080c61345c5990b,4,,,,,,monkey,,,,,,,,,,,3,0,0,41,41,29,1,,,,,,,,,,,,,,,,,,,,,,,,,,,,,,,,,,,,,,,,,,,,,,,,,,,,,,,,,,,,,,,,,,,,,,,,,,,,,,,,,,,,,,,,,,,,,,,,,,,,,,,,
,,?,0.00072,0,,,,,,stimuli/images/PICTURE_688.png,CASINO,5f08dafa392f74145122c0ee,13/10/1999,2020-08-27_18h40.23.296,proactive3.1,2020.1.2,Win32,60,5f47c29a48bd2a1e651a6eb7,5f47ede75080c61345c5990b,4,,,,,,runner,,,,,,,,,,,1,0,0,42,42,2,1,,,,,,,,,,,,,,,,,,,,,,,,,,,,,,,,,,,,,,,,,,,,,,,,,,,,,,,,,,,,,,,,,,,,,,,,,,,,,,,,,,,,,,,,,,,,,,,,,,,,,,,,
,,?,0.000625,0,,,,,,stimuli/images/PICTURE_208.png,MONTH,5f08dafa392f74145122c0ee,13/10/1999,2020-08-27_18h40.23.296,proactive3.1,2020.1.2,Win32,60,5f47c29a48bd2a1e651a6eb7,5f47ede75080c61345c5990b,4,,,,,,microphone,,,,,,,,,,,6,0,0,43,43,53,1,,,,,,,,,,,,,,,,,,,,,,,,,,,,,,,,,,,,,,,,,,,,,,,,,,,,,,,,,,,,,,,,,,,,,,,,,,,,,,,,,,,,,,,,,,,,,,,,,,,,,,,,
,,?,0.0006,0,,,,,,stimuli/images/PICTURE_744.png,SAKE,5f08dafa392f74145122c0ee,13/10/1999,2020-08-27_18h40.23.296,proactive3.1,2020.1.2,Win32,60,5f47c29a48bd2a1e651a6eb7,5f47ede75080c61345c5990b,4,,,,,,ring,,,,,,,,,,,2,0,0,44,44,17,1,,,,,,,,,,,,,,,,,,,,,,,,,,,,,,,,,,,,,,,,,,,,,,,,,,,,,,,,,,,,,,,,,,,,,,,,,,,,,,,,,,,,,,,,,,,,,,,,,,,,,,,,
,,?,0.000565,0,,,,,,stimuli/images/PICTURE_311.png,BEAUTY,5f08dafa392f74145122c0ee,13/10/1999,2020-08-27_18h40.23.296,proactive3.1,2020.1.2,Win32,60,5f47c29a48bd2a1e651a6eb7,5f47ede75080c61345c5990b,4,,,,,,razor,,,,,,,,,,,2,0,0,45,45,13,1,,,,,,,,,,,,,,,,,,,,,,,,,,,,,,,,,,,,,,,,,,,,,,,,,,,,,,,,,,,,,,,,,,,,,,,,,,,,,,,,,,,,,,,,,,,,,,,,,,,,,,,,
,,?,0.000785,0,,,,,,stimuli/images/PICTURE_708.png,CLIENT,5f08dafa392f74145122c0ee,13/10/1999,2020-08-27_18h40.23.296,proactive3.1,2020.1.2,Win32,60,5f47c29a48bd2a1e651a6eb7,5f47ede75080c61345c5990b,4,,,,,,monkey,,,,,,,,,,,1,0,0,46,46,5,1,,,,,,,,,,,,,,,,,,,,,,,,,,,,,,,,,,,,,,,,,,,,,,,,,,,,,,,,,,,,,,,,,,,,,,,,,,,,,,,,,,,,,,,,,,,,,,,,,,,,,,,,
,,?,0.000775,0,,,,,,stimuli/images/PICTURE_491.png,WRITER,5f08dafa392f74145122c0ee,13/10/1999,2020-08-27_18h40.23.296,proactive3.1,2020.1.2,Win32,60,5f47c29a48bd2a1e651a6eb7,5f47ede75080c61345c5990b,4,,,,,,rug,,,,,,,,,,,6,0,0,47,47,57,1,,,,,,,,,,,,,,,,,,,,,,,,,,,,,,,,,,,,,,,,,,,,,,,,,,,,,,,,,,,,,,,,,,,,,,,,,,,,,,,,,,,,,,,,,,,,,,,,,,,,,,,,
,,WOMEN,5.958755,1,,,,,,stimuli/images/PICTURE_233.png,WOMEN,5f08dafa392f74145122c0ee,13/10/1999,2020-08-27_18h40.23.296,proactive3.1,2020.1.2,Win32,60,5f47c29a48bd2a1e651a6eb7,5f47ede75080c61345c5990b,4,,,,,,salt,,,,,,,,,,,4,0,0,48,48,38,1,,,,,,,,,,,,,,,,,,,,,,,,,,,,,,,,,,,,,,,,,,,,,,,,,,,,,,,,,,,,,,,,,,,,,,,,,,,,,,,,,,,,,,,,,,,,,,,,,,,,,,,,
,,?,0.001295,0,,,,,,stimuli/images/PICTURE_308.png,KIND,5f08dafa392f74145122c0ee,13/10/1999,2020-08-27_18h40.23.296,proactive3.1,2020.1.2,Win32,60,5f47c29a48bd2a1e651a6eb7,5f47ede75080c61345c5990b,4,,,,,,dice,,,,,,,,,,,6,0,0,49,49,54,1,,,,,,,,,,,,,,,,,,,,,,,,,,,,,,,,,,,,,,,,,,,,,,,,,,,,,,,,,,,,,,,,,,,,,,,,,,,,,,,,,,,,,,,,,,,,,,,,,,,,,,,,
,,?,0.00066,0,,,,,,stimuli/images/PICTURE_302.png,FAMILY,5f08dafa392f74145122c0ee,13/10/1999,2020-08-27_18h40.23.296,proactive3.1,2020.1.2,Win32,60,5f47c29a48bd2a1e651a6eb7,5f47ede75080c61345c5990b,4,,,,,,taxi,,,,,,,,,,,2,0,0,50,50,18,1,,,,,,,,,,,,,,,,,,,,,,,,,,,,,,,,,,,,,,,,,,,,,,,,,,,,,,,,,,,,,,,,,,,,,,,,,,,,,,,,,,,,,,,,,,,,,,,,,,,,,,,,
,,?,0.000675,0,,,,,,stimuli/images/PICTURE_314.png,SAKE,5f08dafa392f74145122c0ee,13/10/1999,2020-08-27_18h40.23.296,proactive3.1,2020.1.2,Win32,60,5f47c29a48bd2a1e651a6eb7,5f47ede75080c61345c5990b,4,,,,,,perfume,,,,,,,,,,,1,0,0,51,51,7,1,,,,,,,,,,,,,,,,,,,,,,,,,,,,,,,,,,,,,,,,,,,,,,,,,,,,,,,,,,,,,,,,,,,,,,,,,,,,,,,,,,,,,,,,,,,,,,,,,,,,,,,,
,,?,0.000635,0,,,,,,stimuli/images/PICTURE_314.png,GODS,5f08dafa392f74145122c0ee,13/10/1999,2020-08-27_18h40.23.296,proactive3.1,2020.1.2,Win32,60,5f47c29a48bd2a1e651a6eb7,5f47ede75080c61345c5990b,4,,,,,,perfume,,,,,,,,,,,2,0,0,52,52,11,1,,,,,,,,,,,,,,,,,,,,,,,,,,,,,,,,,,,,,,,,,,,,,,,,,,,,,,,,,,,,,,,,,,,,,,,,,,,,,,,,,,,,,,,,,,,,,,,,,,,,,,,,
,,?,0.000625,0,,,,,,stimuli/images/PICTURE_68.png,MILE,5f08dafa392f74145122c0ee,13/10/1999,2020-08-27_18h40.23.296,proactive3.1,2020.1.2,Win32,60,5f47c29a48bd2a1e651a6eb7,5f47ede75080c61345c5990b,4,,,,,,candle,,,,,,,,,,,5,0,0,53,53,44,1,,,,,,,,,,,,,,,,,,,,,,,,,,,,,,,,,,,,,,,,,,,,,,,,,,,,,,,,,,,,,,,,,,,,,,,,,,,,,,,,,,,,,,,,,,,,,,,,,,,,,,,,
,,?,0.000645,0,,,,,,stimuli/images/PICTURE_203.png,ARTIST,5f08dafa392f74145122c0ee,13/10/1999,2020-08-27_18h40.23.296,proactive3.1,2020.1.2,Win32,60,5f47c29a48bd2a1e651a6eb7,5f47ede75080c61345c5990b,4,,,,,,cap,,,,,,,,,,,3,0,0,54,54,26,1,,,,,,,,,,,,,,,,,,,,,,,,,,,,,,,,,,,,,,,,,,,,,,,,,,,,,,,,,,,,,,,,,,,,,,,,,,,,,,,,,,,,,,,,,,,,,,,,,,,,,,,,
,,STYLE,7.60999,1,,,,,,stimuli/images/PICTURE_488.png,STYLE,5f08dafa392f74145122c0ee,13/10/1999,2020-08-27_18h40.23.296,proactive3.1,2020.1.2,Win32,60,5f47c29a48bd2a1e651a6eb7,5f47ede75080c61345c5990b,4,,,,,,sun,,,,,,,,,,,4,0,0,55,55,33,1,,,,,,,,,,,,,,,,,,,,,,,,,,,,,,,,,,,,,,,,,,,,,,,,,,,,,,,,,,,,,,,,,,,,,,,,,,,,,,,,,,,,,,,,,,,,,,,,,,,,,,,,
,,CASINO,7.254515,1,,,,,,stimuli/images/PICTURE_470.png,CASINO,5f08dafa392f74145122c0ee,13/10/1999,2020-08-27_18h40.23.296,proactive3.1,2020.1.2,Win32,60,5f47c29a48bd2a1e651a6eb7,5f47ede75080c61345c5990b,4,,,,,,motorbike,,,,,,,,,,,4,0,0,56,56,36,1,,,,,,,,,,,,,,,,,,,,,,,,,,,,,,,,,,,,,,,,,,,,,,,,,,,,,,,,,,,,,,,,,,,,,,,,,,,,,,,,,,,,,,,,,,,,,,,,,,,,,,,,
,,?,0.0012,0,,,,,,stimuli/images/PICTURE_453.png,DUDE,5f08dafa392f74145122c0ee,13/10/1999,2020-08-27_18h40.23.296,proactive3.1,2020.1.2,Win32,60,5f47c29a48bd2a1e651a6eb7,5f47ede75080c61345c5990b,4,,,,,,scissors,,,,,,,,,,,3,0,0,57,57,27,1,,,,,,,,,,,,,,,,,,,,,,,,,,,,,,,,,,,,,,,,,,,,,,,,,,,,,,,,,,,,,,,,,,,,,,,,,,,,,,,,,,,,,,,,,,,,,,,,,,,,,,,,
,,?,0.00076,0,,,,,,stimuli/images/PICTURE_147.png,MOMENT,5f08dafa392f74145122c0ee,13/10/1999,2020-08-27_18h40.23.296,proactive3.1,2020.1.2,Win32,60,5f47c29a48bd2a1e651a6eb7,5f47ede75080c61345c5990b,4,,,,,,hanger,,,,,,,,,,,6,0,0,58,58,51,1,,,,,,,,,,,,,,,,,,,,,,,,,,,,,,,,,,,,,,,,,,,,,,,,,,,,,,,,,,,,,,,,,,,,,,,,,,,,,,,,,,,,,,,,,,,,,,,,,,,,,,,,
,,?,0.000805,0,,,,,,stimuli/images/PICTURE_491.png,ROOF,5f08dafa392f74145122c0ee,13/10/1999,2020-08-27_18h40.23.296,proactive3.1,2020.1.2,Win32,60,5f47c29a48bd2a1e651a6eb7,5f47ede75080c61345c5990b,4,,,,,,rug,,,,,,,,,,,3,0,0,59,59,24,1,,,,,,,,,,,,,,,,,,,,,,,,,,,,,,,,,,,,,,,,,,,,,,,,,,,,,,,,,,,,,,,,,,,,,,,,,,,,,,,,,,,,,,,,,,,,,,,,,,,,,,,,
,,,,,,,,,,,,5f08dafa392f74145122c0ee,13/10/1999,2020-08-27_18h40.23.296,proactive3.1,2020.1.2,Win32,60,5f47c29a48bd2a1e651a6eb7,5f47ede75080c61345c5990b,4,,,,,,,,,,,,,,,,,,,,,,,,,,,,,,space,91.61069,1,0,1,0,1,,,,,,,,,,,,,,,,,,,,,,,,,,,,,,,,,,,,,,,,,,,,,,,,,,,,,,,,,,,,,,,,,,,,,,,,,,,,,,,,,,,,,,,,,,,
,,?,0.001215,0,,,,,,stimuli/images/PICTURE_296.png,CLOCK,5f08dafa392f74145122c0ee,13/10/1999,2020-08-27_18h40.23.296,proactive3.1,2020.1.2,Win32,60,5f47c29a48bd2a1e651a6eb7,5f47ede75080c61345c5990b,4,,,,,,bolt,,,,,,,,,,,2,2,,,,,,,,,,,,,,,,,,,0,0,0,56,1,,,,,,,,,,,,,,,,,,,,,,,,,,,,,,,,,,,,,,,,,,,,,,,,,,,,,,,,,,,,,,,,,,,,,,,,,,,,,,,,,,,,,,
,,?,0.002205,0,,,,,,stimuli/images/PICTURE_403.png,FAMILY,5f08dafa392f74145122c0ee,13/10/1999,2020-08-27_18h40.23.296,proactive3.1,2020.1.2,Win32,60,5f47c29a48bd2a1e651a6eb7,5f47ede75080c61345c5990b,4,,,,,,cathedral,,,,,,,,,,,1,2,,,,,,,,,,,,,,,,,,,0,1,1,29,1,,,,,,,,,,,,,,,,,,,,,,,,,,,,,,,,,,,,,,,,,,,,,,,,,,,,,,,,,,,,,,,,,,,,,,,,,,,,,,,,,,,,,,
,,?,0.00079,0,,,,,,stimuli/images/PICTURE_123.png,SALE,5f08dafa392f74145122c0ee,13/10/1999,2020-08-27_18h40.23.296,proactive3.1,2020.1.2,Win32,60,5f47c29a48bd2a1e651a6eb7,5f47ede75080c61345c5990b,4,,,,,,dart,,,,,,,,,,,1,2,,,,,,,,,,,,,,,,,,,0,2,2,25,1,,,,,,,,,,,,,,,,,,,,,,,,,,,,,,,,,,,,,,,,,,,,,,,,,,,,,,,,,,,,,,,,,,,,,,,,,,,,,,,,,,,,,,
,,?,0.00066,0,,,,,,stimuli/images/PICTURE_340.png,VALLEY,5f08dafa392f74145122c0ee,13/10/1999,2020-08-27_18h40.23.296,proactive3.1,2020.1.2,Win32,60,5f47c29a48bd2a1e651a6eb7,5f47ede75080c61345c5990b,4,,,,,,mirror,,,,,,,,,,,6,1,,,,,,,,,,,,,,,,,,,0,3,3,161,1,,,,,,,,,,,,,,,,,,,,,,,,,,,,,,,,,,,,,,,,,,,,,,,,,,,,,,,,,,,,,,,,,,,,,,,,,,,,,,,,,,,,,,
,,?,0.00111,0,,,,,,stimuli/images/PICTURE_311.png,BEAUTY,5f08dafa392f74145122c0ee,13/10/1999,2020-08-27_18h40.23.296,proactive3.1,2020.1.2,Win32,60,5f47c29a48bd2a1e651a6eb7,5f47ede75080c61345c5990b,4,,,,,,razor,,,,,,,,,,,2,0,,,,,,,,,,,,,,,,,,,0,4,4,38,1,,,,,,,,,,,,,,,,,,,,,,,,,,,,,,,,,,,,,,,,,,,,,,,,,,,,,,,,,,,,,,,,,,,,,,,,,,,,,,,,,,,,,,
,,SERIES,9.08784,0,,,,,,stimuli/images/PICTURE_403.png,WRITER,5f08dafa392f74145122c0ee,13/10/1999,2020-08-27_18h40.23.296,proactive3.1,2020.1.2,Win32,60,5f47c29a48bd2a1e651a6eb7,5f47ede75080c61345c5990b,4,,,,,,cathedral,,,,,,,,,,,4,1,,,,,,,,,,,,,,,,,,,0,5,5,95,1,,,,,,,,,,,,,,,,,,,,,,,,,,,,,,,,,,,,,,,,,,,,,,,,,,,,,,,,,,,,,,,,,,,,,,,,,,,,,,,,,,,,,,
,,?,0.001015,0,,,,,,stimuli/images/PICTURE_296.png,LOTS,5f08dafa392f74145122c0ee,13/10/1999,2020-08-27_18h40.23.296,proactive3.1,2020.1.2,Win32,60,5f47c29a48bd2a1e651a6eb7,5f47ede75080c61345c5990b,4,,,,,,bolt,,,,,,,,,,,1,1,,,,,,,,,,,,,,,,,,,0,6,6,20,1,,,,,,,,,,,,,,,,,,,,,,,,,,,,,,,,,,,,,,,,,,,,,,,,,,,,,,,,,,,,,,,,,,,,,,,,,,,,,,,,,,,,,,
,,?,0.00077,0,,,,,,stimuli/images/PICTURE_314.png,SAKE,5f08dafa392f74145122c0ee,13/10/1999,2020-08-27_18h40.23.296,proactive3.1,2020.1.2,Win32,60,5f47c29a48bd2a1e651a6eb7,5f47ede75080c61345c5990b,4,,,,,,perfume,,,,,,,,,,,1,0,,,,,,,,,,,,,,,,,,,0,7,7,26,1,,,,,,,,,,,,,,,,,,,,,,,,,,,,,,,,,,,,,,,,,,,,,,,,,,,,,,,,,,,,,,,,,,,,,,,,,,,,,,,,,,,,,,
,,?,0.001105,0,,,,,,stimuli/images/PICTURE_177.png,WRITER,5f08dafa392f74145122c0ee,13/10/1999,2020-08-27_18h40.23.296,proactive3.1,2020.1.2,Win32,60,5f47c29a48bd2a1e651a6eb7,5f47ede75080c61345c5990b,4,,,,,,mushroom,,,,,,,,,,,5,1,,,,,,,,,,,,,,,,,,,0,8,8,123,1,,,,,,,,,,,,,,,,,,,,,,,,,,,,,,,,,,,,,,,,,,,,,,,,,,,,,,,,,,,,,,,,,,,,,,,,,,,,,,,,,,,,,,
,,?,0.000765,0,,,,,,stimuli/images/PICTURE_255.png,PENNY,5f08dafa392f74145122c0ee,13/10/1999,2020-08-27_18h40.23.296,proactive3.1,2020.1.2,Win32,60,5f47c29a48bd2a1e651a6eb7,5f47ede75080c61345c5990b,4,,,,,,shovel,,,,,,,,,,,2,2,,,,,,,,,,,,,,,,,,,0,9,9,58,1,,,,,,,,,,,,,,,,,,,,,,,,,,,,,,,,,,,,,,,,,,,,,,,,,,,,,,,,,,,,,,,,,,,,,,,,,,,,,,,,,,,,,,
,,?,0.000915,0,,,,,,stimuli/images/PICTURE_85.png,TOILET,5f08dafa392f74145122c0ee,13/10/1999,2020-08-27_18h40.23.296,proactive3.1,2020.1.2,Win32,60,5f47c29a48bd2a1e651a6eb7,5f47ede75080c61345c5990b,4,,,,,,diamond,,,,,,,,,,,5,1,,,,,,,,,,,,,,,,,,,0,10,10,142,1,,,,,,,,,,,,,,,,,,,,,,,,,,,,,,,,,,,,,,,,,,,,,,,,,,,,,,,,,,,,,,,,,,,,,,,,,,,,,,,,,,,,,,
,,?,0.00074,0,,,,,,stimuli/images/PICTURE_108.png,FLIGHT,5f08dafa392f74145122c0ee,13/10/1999,2020-08-27_18h40.23.296,proactive3.1,2020.1.2,Win32,60,5f47c29a48bd2a1e651a6eb7,5f47ede75080c61345c5990b,4,,,,,,calendar,,,,,,,,,,,6,1,,,,,,,,,,,,,,,,,,,0,11,11,171,1,,,,,,,,,,,,,,,,,,,,,,,,,,,,,,,,,,,,,,,,,,,,,,,,,,,,,,,,,,,,,,,,,,,,,,,,,,,,,,,,,,,,,,
,,?,0.00086,0,,,,,,stimuli/images/PICTURE_744.png,SYSTEM,5f08dafa392f74145122c0ee,13/10/1999,2020-08-27_18h40.23.296,proactive3.1,2020.1.2,Win32,60,5f47c29a48bd2a1e651a6eb7,5f47ede75080c61345c5990b,4,,,,,,ring,,,,,,,,,,,5,0,,,,,,,,,,,,,,,,,,,0,12,12,129,1,,,,,,,,,,,,,,,,,,,,,,,,,,,,,,,,,,,,,,,,,,,,,,,,,,,,,,,,,,,,,,,,,,,,,,,,,,,,,,,,,,,,,,
,,?,0.001755,0,,,,,,stimuli/images/PICTURE_509.png,SHOTS,5f08dafa392f74145122c0ee,13/10/1999,2020-08-27_18h40.23.296,proactive3.1,2020.1.2,Win32,60,5f47c29a48bd2a1e651a6eb7,5f47ede75080c61345c5990b,4,,,,,,telephone,,,,,,,,,,,1,2,,,,,,,,,,,,,,,,,,,0,13,13,24,1,,,,,,,,,,,,,,,,,,,,,,,,,,,,,,,,,,,,,,,,,,,,,,,,,,,,,,,,,,,,,,,,,,,,,,,,,,,,,,,,,,,,,,
,,CALL,4.033575,0,,,,,,stimuli/images/PICTURE_509.png,APPLE,5f08dafa392f74145122c0ee,13/10/1999,2020-08-27_18h40.23.296,proactive3.1,2020.1.2,Win32,60,5f47c29a48bd2a1e651a6eb7,5f47ede75080c61345c5990b,4,,,,,,telephone,,,,,,,,,,,4,2,,,,,,,,,,,,,,,,,,,0,14,14,112,1,,,,,,,,,,,,,,,,,,,,,,,,,,,,,,,,,,,,,,,,,,,,,,,,,,,,,,,,,,,,,,,,,,,,,,,,,,,,,,,,,,,,,,
,,?,0.001075,0,,,,,,stimuli/images/PICTURE_177.png,HOUSE,5f08dafa392f74145122c0ee,13/10/1999,2020-08-27_18h40.23.296,proactive3.1,2020.1.2,Win32,60,5f47c29a48bd2a1e651a6eb7,5f47ede75080c61345c5990b,4,,,,,,mushroom,,,,,,,,,,,3,2,,,,,,,,,,,,,,,,,,,0,15,15,77,1,,,,,,,,,,,,,,,,,,,,,,,,,,,,,,,,,,,,,,,,,,,,,,,,,,,,,,,,,,,,,,,,,,,,,,,,,,,,,,,,,,,,,,
,,?,0.00071,0,,,,,,stimuli/images/PICTURE_203.png,ARTIST,5f08dafa392f74145122c0ee,13/10/1999,2020-08-27_18h40.23.296,proactive3.1,2020.1.2,Win32,60,5f47c29a48bd2a1e651a6eb7,5f47ede75080c61345c5990b,4,,,,,,cap,,,,,,,,,,,3,0,,,,,,,,,,,,,,,,,,,0,16,16,74,1,,,,,,,,,,,,,,,,,,,,,,,,,,,,,,,,,,,,,,,,,,,,,,,,,,,,,,,,,,,,,,,,,,,,,,,,,,,,,,,,,,,,,,
,,FAST,8.324705,0,,,,,,stimuli/images/PICTURE_248.png,DOZEN,5f08dafa392f74145122c0ee,13/10/1999,2020-08-27_18h40.23.296,proactive3.1,2020.1.2,Win32,60,5f47c29a48bd2a1e651a6eb7,5f47ede75080c61345c5990b,4,,,,,,cart,,,,,,,,,,,4,0,,,,,,,,,,,,,,,,,,,0,17,17,119,1,,,,,,,,,,,,,,,,,,,,,,,,,,,,,,,,,,,,,,,,,,,,,,,,,,,,,,,,,,,,,,,,,,,,,,,,,,,,,,,,,,,,,,
,,?,0.000945,0,,,,,,stimuli/images/PICTURE_215.png,BOYS,5f08dafa392f74145122c0ee,13/10/1999,2020-08-27_18h40.23.296,proactive3.1,2020.1.2,Win32,60,5f47c29a48bd2a1e651a6eb7,5f47ede75080c61345c5990b,4,,,,,,boot,,,,,,,,,,,3,2,,,,,,,,,,,,,,,,,,,0,18,18,71,1,,,,,,,,,,,,,,,,,,,,,,,,,,,,,,,,,,,,,,,,,,,,,,,,,,,,,,,,,,,,,,,,,,,,,,,,,,,,,,,,,,,,,,
,,?,0.00068,0,,,,,,stimuli/images/PICTURE_688.png,WOMEN,5f08dafa392f74145122c0ee,13/10/1999,2020-08-27_18h40.23.296,proactive3.1,2020.1.2,Win32,60,5f47c29a48bd2a1e651a6eb7,5f47ede75080c61345c5990b,4,,,,,,runner,,,,,,,,,,,2,0,,,,,,,,,,,,,,,,,,,0,19,19,39,1,,,,,,,,,,,,,,,,,,,,,,,,,,,,,,,,,,,,,,,,,,,,,,,,,,,,,,,,,,,,,,,,,,,,,,,,,,,,,,,,,,,,,,
,,?,0.000645,0,,,,,,stimuli/images/PICTURE_233.png,LOTS,5f08dafa392f74145122c0ee,13/10/1999,2020-08-27_18h40.23.296,proactive3.1,2020.1.2,Win32,60,5f47c29a48bd2a1e651a6eb7,5f47ede75080c61345c5990b,4,,,,,,salt,,,,,,,,,,,5,1,,,,,,,,,,,,,,,,,,,0,20,20,124,1,,,,,,,,,,,,,,,,,,,,,,,,,,,,,,,,,,,,,,,,,,,,,,,,,,,,,,,,,,,,,,,,,,,,,,,,,,,,,,,,,,,,,,
,,FIRE,11.21731,0,,,,,,stimuli/images/PICTURE_488.png,STYLE,5f08dafa392f74145122c0ee,13/10/1999,2020-08-27_18h40.23.296,proactive3.1,2020.1.2,Win32,60,5f47c29a48bd2a1e651a6eb7,5f47ede75080c61345c5990b,4,,,,,,sun,,,,,,,,,,,4,0,,,,,,,,,,,,,,,,,,,0,21,21,98,1,,,,,,,,,,,,,,,,,,,,,,,,,,,,,,,,,,,,,,,,,,,,,,,,,,,,,,,,,,,,,,,,,,,,,,,,,,,,,,,,,,,,,,
,,?,0.0011,0,,,,,,stimuli/images/PICTURE_160.png,HOTEL,5f08dafa392f74145122c0ee,13/10/1999,2020-08-27_18h40.23.296,proactive3.1,2020.1.2,Win32,60,5f47c29a48bd2a1e651a6eb7,5f47ede75080c61345c5990b,4,,,,,,wheelbarrow,,,,,,,,,,,2,2,,,,,,,,,,,,,,,,,,,0,22,22,53,1,,,,,,,,,,,,,,,,,,,,,,,,,,,,,,,,,,,,,,,,,,,,,,,,,,,,,,,,,,,,,,,,,,,,,,,,,,,,,,,,,,,,,,
,,WHELBARROW,8.36753,0,,,,,,stimuli/images/PICTURE_504.png,HOUSE,5f08dafa392f74145122c0ee,13/10/1999,2020-08-27_18h40.23.296,proactive3.1,2020.1.2,Win32,60,5f47c29a48bd2a1e651a6eb7,5f47ede75080c61345c5990b,4,,,,,,wheel,,,,,,,,,,,4,2,,,,,,,,,,,,,,,,,,,0,23,23,106,1,,,,,,,,,,,,,,,,,,,,,,,,,,,,,,,,,,,,,,,,,,,,,,,,,,,,,,,,,,,,,,,,,,,,,,,,,,,,,,,,,,,,,,
,,?,0.000805,0,,,,,,stimuli/images/PICTURE_285.png,WRITER,5f08dafa392f74145122c0ee,13/10/1999,2020-08-27_18h40.23.296,proactive3.1,2020.1.2,Win32,60,5f47c29a48bd2a1e651a6eb7,5f47ede75080c61345c5990b,4,,,,,,carrot,,,,,,,,,,,1,2,,,,,,,,,,,,,,,,,,,0,24,24,23,1,,,,,,,,,,,,,,,,,,,,,,,,,,,,,,,,,,,,,,,,,,,,,,,,,,,,,,,,,,,,,,,,,,,,,,,,,,,,,,,,,,,,,,
,,?,0.00077,0,,,,,,stimuli/images/PICTURE_467.png,POLICY,5f08dafa392f74145122c0ee,13/10/1999,2020-08-27_18h40.23.296,proactive3.1,2020.1.2,Win32,60,5f47c29a48bd2a1e651a6eb7,5f47ede75080c61345c5990b,4,,,,,,peg,,,,,,,,,,,6,1,,,,,,,,,,,,,,,,,,,0,25,25,158,1,,,,,,,,,,,,,,,,,,,,,,,,,,,,,,,,,,,,,,,,,,,,,,,,,,,,,,,,,,,,,,,,,,,,,,,,,,,,,,,,,,,,,,
,,SKATEBOARD,15.003995,0,,,,,,stimuli/images/PICTURE_93.png,GIRL,5f08dafa392f74145122c0ee,13/10/1999,2020-08-27_18h40.23.296,proactive3.1,2020.1.2,Win32,60,5f47c29a48bd2a1e651a6eb7,5f47ede75080c61345c5990b,4,,,,,,skateboard,,,,,,,,,,,4,2,,,,,,,,,,,,,,,,,,,0,26,26,96,1,,,,,,,,,,,,,,,,,,,,,,,,,,,,,,,,,,,,,,,,,,,,,,,,,,,,,,,,,,,,,,,,,,,,,,,,,,,,,,,,,,,,,,
,,?,0.00079,0,,,,,,stimuli/images/PICTURE_311.png,FLESH,5f08dafa392f74145122c0ee,13/10/1999,2020-08-27_18h40.23.296,proactive3.1,2020.1.2,Win32,60,5f47c29a48bd2a1e651a6eb7,5f47ede75080c61345c5990b,4,,,,,,razor,,,,,,,,,,,1,2,,,,,,,,,,,,,,,,,,,0,27,27,14,1,,,,,,,,,,,,,,,,,,,,,,,,,,,,,,,,,,,,,,,,,,,,,,,,,,,,,,,,,,,,,,,,,,,,,,,,,,,,,,,,,,,,,,
,,?,0.00065,0,,,,,,stimuli/images/PICTURE_327.png,BEAUTY,5f08dafa392f74145122c0ee,13/10/1999,2020-08-27_18h40.23.296,proactive3.1,2020.1.2,Win32,60,5f47c29a48bd2a1e651a6eb7,5f47ede75080c61345c5990b,4,,,,,,helmet,,,,,,,,,,,5,0,,,,,,,,,,,,,,,,,,,0,28,28,148,1,,,,,,,,,,,,,,,,,,,,,,,,,,,,,,,,,,,,,,,,,,,,,,,,,,,,,,,,,,,,,,,,,,,,,,,,,,,,,,,,,,,,,,
,,?,0.000615,0,,,,,,stimuli/images/PICTURE_383.png,WRITER,5f08dafa392f74145122c0ee,13/10/1999,2020-08-27_18h40.23.296,proactive3.1,2020.1.2,Win32,60,5f47c29a48bd2a1e651a6eb7,5f47ede75080c61345c5990b,4,,,,,,coin,,,,,,,,,,,3,1,,,,,,,,,,,,,,,,,,,0,29,29,87,1,,,,,,,,,,,,,,,,,,,,,,,,,,,,,,,,,,,,,,,,,,,,,,,,,,,,,,,,,,,,,,,,,,,,,,,,,,,,,,,,,,,,,,
,,?,0.00073,0,,,,,,stimuli/images/PICTURE_467.png,DEMON,5f08dafa392f74145122c0ee,13/10/1999,2020-08-27_18h40.23.296,proactive3.1,2020.1.2,Win32,60,5f47c29a48bd2a1e651a6eb7,5f47ede75080c61345c5990b,4,,,,,,peg,,,,,,,,,,,3,0,,,,,,,,,,,,,,,,,,,0,30,30,66,1,,,,,,,,,,,,,,,,,,,,,,,,,,,,,,,,,,,,,,,,,,,,,,,,,,,,,,,,,,,,,,,,,,,,,,,,,,,,,,,,,,,,,,
,,?,0.000605,0,,,,,,stimuli/images/PICTURE_18.png,RIVER,5f08dafa392f74145122c0ee,13/10/1999,2020-08-27_18h40.23.296,proactive3.1,2020.1.2,Win32,60,5f47c29a48bd2a1e651a6eb7,5f47ede75080c61345c5990b,4,,,,,,planet,,,,,,,,,,,3,2,,,,,,,,,,,,,,,,,,,0,31,31,69,1,,,,,,,,,,,,,,,,,,,,,,,,,,,,,,,,,,,,,,,,,,,,,,,,,,,,,,,,,,,,,,,,,,,,,,,,,,,,,,,,,,,,,,
,,WHEEL,4.32637,0,,,,,,stimuli/images/PICTURE_2.png,AREA,5f08dafa392f74145122c0ee,13/10/1999,2020-08-27_18h40.23.296,proactive3.1,2020.1.2,Win32,60,5f47c29a48bd2a1e651a6eb7,5f47ede75080c61345c5990b,4,,,,,,tyre,,,,,,,,,,,4,2,,,,,,,,,,,,,,,,,,,0,32,32,97,1,,,,,,,,,,,,,,,,,,,,,,,,,,,,,,,,,,,,,,,,,,,,,,,,,,,,,,,,,,,,,,,,,,,,,,,,,,,,,,,,,,,,,,
,,?,0.001,0,,,,,,stimuli/images/PICTURE_108.png,POLICY,5f08dafa392f74145122c0ee,13/10/1999,2020-08-27_18h40.23.296,proactive3.1,2020.1.2,Win32,60,5f47c29a48bd2a1e651a6eb7,5f47ede75080c61345c5990b,4,,,,,,calendar,,,,,,,,,,,3,1,,,,,,,,,,,,,,,,,,,0,33,33,72,1,,,,,,,,,,,,,,,,,,,,,,,,,,,,,,,,,,,,,,,,,,,,,,,,,,,,,,,,,,,,,,,,,,,,,,,,,,,,,,,,,,,,,,
,,DICE,5.6329,0,,,,,,stimuli/images/PICTURE_308.png,FAMILY,5f08dafa392f74145122c0ee,13/10/1999,2020-08-27_18h40.23.296,proactive3.1,2020.1.2,Win32,60,5f47c29a48bd2a1e651a6eb7,5f47ede75080c61345c5990b,4,,,,,,dice,,,,,,,,,,,4,1,,,,,,,,,,,,,,,,,,,0,34,34,110,1,,,,,,,,,,,,,,,,,,,,,,,,,,,,,,,,,,,,,,,,,,,,,,,,,,,,,,,,,,,,,,,,,,,,,,,,,,,,,,,,,,,,,,
,,?,0.000965,0,,,,,,stimuli/images/PICTURE_470.png,MOMENT,5f08dafa392f74145122c0ee,13/10/1999,2020-08-27_18h40.23.296,proactive3.1,2020.1.2,Win32,60,5f47c29a48bd2a1e651a6eb7,5f47ede75080c61345c5990b,4,,,,,,motorbike,,,,,,,,,,,5,2,,,,,,,,,,,,,,,,,,,0,35,35,121,1,,,,,,,,,,,,,,,,,,,,,,,,,,,,,,,,,,,,,,,,,,,,,,,,,,,,,,,,,,,,,,,,,,,,,,,,,,,,,,,,,,,,,,
,,PLANE,6.382555,0,,,,,,stimuli/images/PICTURE_297.png,RIVER,5f08dafa392f74145122c0ee,13/10/1999,2020-08-27_18h40.23.296,proactive3.1,2020.1.2,Win32,60,5f47c29a48bd2a1e651a6eb7,5f47ede75080c61345c5990b,4,,,,,,aeroplane,,,,,,,,,,,4,1,,,,,,,,,,,,,,,,,,,0,36,36,117,1,,,,,,,,,,,,,,,,,,,,,,,,,,,,,,,,,,,,,,,,,,,,,,,,,,,,,,,,,,,,,,,,,,,,,,,,,,,,,,,,,,,,,,
,,?,0.00096,0,,,,,,stimuli/images/PICTURE_311.png,TOILET,5f08dafa392f74145122c0ee,13/10/1999,2020-08-27_18h40.23.296,proactive3.1,2020.1.2,Win32,60,5f47c29a48bd2a1e651a6eb7,5f47ede75080c61345c5990b,4,,,,,,razor,,,,,,,,,,,6,2,,,,,,,,,,,,,,,,,,,0,37,37,160,1,,,,,,,,,,,,,,,,,,,,,,,,,,,,,,,,,,,,,,,,,,,,,,,,,,,,,,,,,,,,,,,,,,,,,,,,,,,,,,,,,,,,,,
,,?,0.00094,0,,,,,,stimuli/images/PICTURE_339.png,PLENTY,5f08dafa392f74145122c0ee,13/10/1999,2020-08-27_18h40.23.296,proactive3.1,2020.1.2,Win32,60,5f47c29a48bd2a1e651a6eb7,5f47ede75080c61345c5990b,4,,,,,,backpack,,,,,,,,,,,1,0,,,,,,,,,,,,,,,,,,,0,38,38,5,1,,,,,,,,,,,,,,,,,,,,,,,,,,,,,,,,,,,,,,,,,,,,,,,,,,,,,,,,,,,,,,,,,,,,,,,,,,,,,,,,,,,,,,
,,CANDLE,8.50038,0,,,,,,stimuli/images/PICTURE_68.png,ROOF,5f08dafa392f74145122c0ee,13/10/1999,2020-08-27_18h40.23.296,proactive3.1,2020.1.2,Win32,60,5f47c29a48bd2a1e651a6eb7,5f47ede75080c61345c5990b,4,,,,,,candle,,,,,,,,,,,4,1,,,,,,,,,,,,,,,,,,,0,39,39,116,1,,,,,,,,,,,,,,,,,,,,,,,,,,,,,,,,,,,,,,,,,,,,,,,,,,,,,,,,,,,,,,,,,,,,,,,,,,,,,,,,,,,,,,
,,?,0.00111,0,,,,,,stimuli/images/PICTURE_504.png,COPS,5f08dafa392f74145122c0ee,13/10/1999,2020-08-27_18h40.23.296,proactive3.1,2020.1.2,Win32,60,5f47c29a48bd2a1e651a6eb7,5f47ede75080c61345c5990b,4,,,,,,wheel,,,,,,,,,,,6,1,,,,,,,,,,,,,,,,,,,0,40,40,154,1,,,,,,,,,,,,,,,,,,,,,,,,,,,,,,,,,,,,,,,,,,,,,,,,,,,,,,,,,,,,,,,,,,,,,,,,,,,,,,,,,,,,,,
,,?,0.00069,0,,,,,,stimuli/images/PICTURE_208.png,SPIRIT,5f08dafa392f74145122c0ee,13/10/1999,2020-08-27_18h40.23.296,proactive3.1,2020.1.2,Win32,60,5f47c29a48bd2a1e651a6eb7,5f47ede75080c61345c5990b,4,,,,,,microphone,,,,,,,,,,,3,2,,,,,,,,,,,,,,,,,,,0,41,41,85,1,,,,,,,,,,,,,,,,,,,,,,,,,,,,,,,,,,,,,,,,,,,,,,,,,,,,,,,,,,,,,,,,,,,,,,,,,,,,,,,,,,,,,,
,,?,0.00076,0,,,,,,stimuli/images/PICTURE_208.png,THING,5f08dafa392f74145122c0ee,13/10/1999,2020-08-27_18h40.23.296,proactive3.1,2020.1.2,Win32,60,5f47c29a48bd2a1e651a6eb7,5f47ede75080c61345c5990b,4,,,,,,microphone,,,,,,,,,,,5,0,,,,,,,,,,,,,,,,,,,0,42,42,143,1,,,,,,,,,,,,,,,,,,,,,,,,,,,,,,,,,,,,,,,,,,,,,,,,,,,,,,,,,,,,,,,,,,,,,,,,,,,,,,,,,,,,,,
,,?,0.000665,0,,,,,,stimuli/images/PICTURE_470.png,BEAUTY,5f08dafa392f74145122c0ee,13/10/1999,2020-08-27_18h40.23.296,proactive3.1,2020.1.2,Win32,60,5f47c29a48bd2a1e651a6eb7,5f47ede75080c61345c5990b,4,,,,,,motorbike,,,,,,,,,,,3,2,,,,,,,,,,,,,,,,,,,0,43,43,83,1,,,,,,,,,,,,,,,,,,,,,,,,,,,,,,,,,,,,,,,,,,,,,,,,,,,,,,,,,,,,,,,,,,,,,,,,,,,,,,,,,,,,,,
,,?,0.000845,0,,,,,,stimuli/images/PICTURE_160.png,LEADER,5f08dafa392f74145122c0ee,13/10/1999,2020-08-27_18h40.23.296,proactive3.1,2020.1.2,Win32,60,5f47c29a48bd2a1e651a6eb7,5f47ede75080c61345c5990b,4,,,,,,wheelbarrow,,,,,,,,,,,1,0,,,,,,,,,,,,,,,,,,,0,44,44,13,1,,,,,,,,,,,,,,,,,,,,,,,,,,,,,,,,,,,,,,,,,,,,,,,,,,,,,,,,,,,,,,,,,,,,,,,,,,,,,,,,,,,,,,
,,?,0.00069,0,,,,,,stimuli/images/PICTURE_469.png,LETTER,5f08dafa392f74145122c0ee,13/10/1999,2020-08-27_18h40.23.296,proactive3.1,2020.1.2,Win32,60,5f47c29a48bd2a1e651a6eb7,5f47ede75080c61345c5990b,4,,,,,,stool,,,,,,,,,,,5,0,,,,,,,,,,,,,,,,,,,0,45,45,127,1,,,,,,,,,,,,,,,,,,,,,,,,,,,,,,,,,,,,,,,,,,,,,,,,,,,,,,,,,,,,,,,,,,,,,,,,,,,,,,,,,,,,,,
,,?,0.000805,0,,,,,,stimuli/images/PICTURE_95.png,HONEY,5f08dafa392f74145122c0ee,13/10/1999,2020-08-27_18h40.23.296,proactive3.1,2020.1.2,Win32,60,5f47c29a48bd2a1e651a6eb7,5f47ede75080c61345c5990b,4,,,,,,suitcase,,,,,,,,,,,5,1,,,,,,,,,,,,,,,,,,,0,46,46,131,1,,,,,,,,,,,,,,,,,,,,,,,,,,,,,,,,,,,,,,,,,,,,,,,,,,,,,,,,,,,,,,,,,,,,,,,,,,,,,,,,,,,,,,
,,MUSHROOM,5.071135,0,,,,,,stimuli/images/PICTURE_177.png,CARS,5f08dafa392f74145122c0ee,13/10/1999,2020-08-27_18h40.23.296,proactive3.1,2020.1.2,Win32,60,5f47c29a48bd2a1e651a6eb7,5f47ede75080c61345c5990b,4,,,,,,mushroom,,,,,,,,,,,4,0,,,,,,,,,,,,,,,,,,,0,47,47,105,1,,,,,,,,,,,,,,,,,,,,,,,,,,,,,,,,,,,,,,,,,,,,,,,,,,,,,,,,,,,,,,,,,,,,,,,,,,,,,,,,,,,,,,
,,?,0.00074,0,,,,,,stimuli/images/PICTURE_42.png,BOYS,5f08dafa392f74145122c0ee,13/10/1999,2020-08-27_18h40.23.296,proactive3.1,2020.1.2,Win32,60,5f47c29a48bd2a1e651a6eb7,5f47ede75080c61345c5990b,4,,,,,,pear,,,,,,,,,,,6,1,,,,,,,,,,,,,,,,,,,0,48,48,162,1,,,,,,,,,,,,,,,,,,,,,,,,,,,,,,,,,,,,,,,,,,,,,,,,,,,,,,,,,,,,,,,,,,,,,,,,,,,,,,,,,,,,,,
,,?,0.000605,0,,,,,,stimuli/images/PICTURE_327.png,LEADER,5f08dafa392f74145122c0ee,13/10/1999,2020-08-27_18h40.23.296,proactive3.1,2020.1.2,Win32,60,5f47c29a48bd2a1e651a6eb7,5f47ede75080c61345c5990b,4,,,,,,helmet,,,,,,,,,,,2,2,,,,,,,,,,,,,,,,,,,0,49,49,55,1,,,,,,,,,,,,,,,,,,,,,,,,,,,,,,,,,,,,,,,,,,,,,,,,,,,,,,,,,,,,,,,,,,,,,,,,,,,,,,,,,,,,,,
,,?,0.00065,0,,,,,,stimuli/images/PICTURE_469.png,ARTIST,5f08dafa392f74145122c0ee,13/10/1999,2020-08-27_18h40.23.296,proactive3.1,2020.1.2,Win32,60,5f47c29a48bd2a1e651a6eb7,5f47ede75080c61345c5990b,4,,,,,,stool,,,,,,,,,,,1,0,,,,,,,,,,,,,,,,,,,0,50,50,22,1,,,,,,,,,,,,,,,,,,,,,,,,,,,,,,,,,,,,,,,,,,,,,,,,,,,,,,,,,,,,,,,,,,,,,,,,,,,,,,,,,,,,,,
,,?,0.000675,0,,,,,,stimuli/images/PICTURE_405.png,JUNGLE,5f08dafa392f74145122c0ee,13/10/1999,2020-08-27_18h40.23.296,proactive3.1,2020.1.2,Win32,60,5f47c29a48bd2a1e651a6eb7,5f47ede75080c61345c5990b,4,,,,,,anchor,,,,,,,,,,,2,2,,,,,,,,,,,,,,,,,,,0,51,51,42,1,,,,,,,,,,,,,,,,,,,,,,,,,,,,,,,,,,,,,,,,,,,,,,,,,,,,,,,,,,,,,,,,,,,,,,,,,,,,,,,,,,,,,,
,,?,0.00061,0,,,,,,stimuli/images/PICTURE_449.png,THING,5f08dafa392f74145122c0ee,13/10/1999,2020-08-27_18h40.23.296,proactive3.1,2020.1.2,Win32,60,5f47c29a48bd2a1e651a6eb7,5f47ede75080c61345c5990b,4,,,,,,bench,,,,,,,,,,,6,0,,,,,,,,,,,,,,,,,,,0,52,52,179,1,,,,,,,,,,,,,,,,,,,,,,,,,,,,,,,,,,,,,,,,,,,,,,,,,,,,,,,,,,,,,,,,,,,,,,,,,,,,,,,,,,,,,,
,,?,0.000525,0,,,,,,stimuli/images/PICTURE_308.png,KIND,5f08dafa392f74145122c0ee,13/10/1999,2020-08-27_18h40.23.296,proactive3.1,2020.1.2,Win32,60,5f47c29a48bd2a1e651a6eb7,5f47ede75080c61345c5990b,4,,,,,,dice,,,,,,,,,,,6,0,,,,,,,,,,,,,,,,,,,0,53,53,170,1,,,,,,,,,,,,,,,,,,,,,,,,,,,,,,,,,,,,,,,,,,,,,,,,,,,,,,,,,,,,,,,,,,,,,,,,,,,,,,,,,,,,,,
,,?,0.000655,0,,,,,,stimuli/images/PICTURE_2.png,YARD,5f08dafa392f74145122c0ee,13/10/1999,2020-08-27_18h40.23.296,proactive3.1,2020.1.2,Win32,60,5f47c29a48bd2a1e651a6eb7,5f47ede75080c61345c5990b,4,,,,,,tyre,,,,,,,,,,,6,2,,,,,,,,,,,,,,,,,,,0,54,54,163,1,,,,,,,,,,,,,,,,,,,,,,,,,,,,,,,,,,,,,,,,,,,,,,,,,,,,,,,,,,,,,,,,,,,,,,,,,,,,,,,,,,,,,,
,,?,0.001045,0,,,,,,stimuli/images/PICTURE_302.png,FAMILY,5f08dafa392f74145122c0ee,13/10/1999,2020-08-27_18h40.23.296,proactive3.1,2020.1.2,Win32,60,5f47c29a48bd2a1e651a6eb7,5f47ede75080c61345c5990b,4,,,,,,taxi,,,,,,,,,,,2,0,,,,,,,,,,,,,,,,,,,0,55,55,48,1,,,,,,,,,,,,,,,,,,,,,,,,,,,,,,,,,,,,,,,,,,,,,,,,,,,,,,,,,,,,,,,,,,,,,,,,,,,,,,,,,,,,,,
,,?,0.00096,0,,,,,,stimuli/images/PICTURE_348.png,SPEECH,5f08dafa392f74145122c0ee,13/10/1999,2020-08-27_18h40.23.296,proactive3.1,2020.1.2,Win32,60,5f47c29a48bd2a1e651a6eb7,5f47ede75080c61345c5990b,4,,,,,,pepper,,,,,,,,,,,3,0,,,,,,,,,,,,,,,,,,,0,56,56,60,1,,,,,,,,,,,,,,,,,,,,,,,,,,,,,,,,,,,,,,,,,,,,,,,,,,,,,,,,,,,,,,,,,,,,,,,,,,,,,,,,,,,,,,
,,?,0.001165,0,,,,,,stimuli/images/PICTURE_685.png,PENNY,5f08dafa392f74145122c0ee,13/10/1999,2020-08-27_18h40.23.296,proactive3.1,2020.1.2,Win32,60,5f47c29a48bd2a1e651a6eb7,5f47ede75080c61345c5990b,4,,,,,,goose,,,,,,,,,,,1,1,,,,,,,,,,,,,,,,,,,0,57,57,8,1,,,,,,,,,,,,,,,,,,,,,,,,,,,,,,,,,,,,,,,,,,,,,,,,,,,,,,,,,,,,,,,,,,,,,,,,,,,,,,,,,,,,,,
,,?,0.0009,0,,,,,,stimuli/images/PICTURE_491.png,ROOF,5f08dafa392f74145122c0ee,13/10/1999,2020-08-27_18h40.23.296,proactive3.1,2020.1.2,Win32,60,5f47c29a48bd2a1e651a6eb7,5f47ede75080c61345c5990b,4,,,,,,rug,,,,,,,,,,,3,0,,,,,,,,,,,,,,,,,,,0,58,58,67,1,,,,,,,,,,,,,,,,,,,,,,,,,,,,,,,,,,,,,,,,,,,,,,,,,,,,,,,,,,,,,,,,,,,,,,,,,,,,,,,,,,,,,,
,,?,0.000755,0,,,,,,stimuli/images/PICTURE_504.png,YEAR,5f08dafa392f74145122c0ee,13/10/1999,2020-08-27_18h40.23.296,proactive3.1,2020.1.2,Win32,60,5f47c29a48bd2a1e651a6eb7,5f47ede75080c61345c5990b,4,,,,,,wheel,,,,,,,,,,,2,1,,,,,,,,,,,,,,,,,,,0,59,59,40,1,,,,,,,,,,,,,,,,,,,,,,,,,,,,,,,,,,,,,,,,,,,,,,,,,,,,,,,,,,,,,,,,,,,,,,,,,,,,,,,,,,,,,,
,,CARROT,4.559195,0,,,,,,stimuli/images/PICTURE_285.png,LIFE,5f08dafa392f74145122c0ee,13/10/1999,2020-08-27_18h40.23.296,proactive3.1,2020.1.2,Win32,60,5f47c29a48bd2a1e651a6eb7,5f47ede75080c61345c5990b,4,,,,,,carrot,,,,,,,,,,,4,1,,,,,,,,,,,,,,,,,,,0,60,60,103,1,,,,,,,,,,,,,,,,,,,,,,,,,,,,,,,,,,,,,,,,,,,,,,,,,,,,,,,,,,,,,,,,,,,,,,,,,,,,,,,,,,,,,,
,,?,0.00367,0,,,,,,stimuli/images/PICTURE_677.png,FAMILY,5f08dafa392f74145122c0ee,13/10/1999,2020-08-27_18h40.23.296,proactive3.1,2020.1.2,Win32,60,5f47c29a48bd2a1e651a6eb7,5f47ede75080c61345c5990b,4,,,,,,map,,,,,,,,,,,6,2,,,,,,,,,,,,,,,,,,,0,61,61,159,1,,,,,,,,,,,,,,,,,,,,,,,,,,,,,,,,,,,,,,,,,,,,,,,,,,,,,,,,,,,,,,,,,,,,,,,,,,,,,,,,,,,,,,
,,?,0.0017,0,,,,,,stimuli/images/PICTURE_32.png,LETTER,5f08dafa392f74145122c0ee,13/10/1999,2020-08-27_18h40.23.296,proactive3.1,2020.1.2,Win32,60,5f47c29a48bd2a1e651a6eb7,5f47ede75080c61345c5990b,4,,,,,,crown,,,,,,,,,,,6,2,,,,,,,,,,,,,,,,,,,0,62,62,166,1,,,,,,,,,,,,,,,,,,,,,,,,,,,,,,,,,,,,,,,,,,,,,,,,,,,,,,,,,,,,,,,,,,,,,,,,,,,,,,,,,,,,,,
,,?,0.001535,0,,,,,,stimuli/images/PICTURE_675.png,SALE,5f08dafa392f74145122c0ee,13/10/1999,2020-08-27_18h40.23.296,proactive3.1,2020.1.2,Win32,60,5f47c29a48bd2a1e651a6eb7,5f47ede75080c61345c5990b,4,,,,,,windmill,,,,,,,,,,,5,1,,,,,,,,,,,,,,,,,,,0,63,63,141,1,,,,,,,,,,,,,,,,,,,,,,,,,,,,,,,,,,,,,,,,,,,,,,,,,,,,,,,,,,,,,,,,,,,,,,,,,,,,,,,,,,,,,,
,,?,0.00645,0,,,,,,stimuli/images/PICTURE_380.png,HONEY,5f08dafa392f74145122c0ee,13/10/1999,2020-08-27_18h40.23.296,proactive3.1,2020.1.2,Win32,60,5f47c29a48bd2a1e651a6eb7,5f47ede75080c61345c5990b,4,,,,,,gorilla,,,,,,,,,,,2,1,,,,,,,,,,,,,,,,,,,0,64,64,59,1,,,,,,,,,,,,,,,,,,,,,,,,,,,,,,,,,,,,,,,,,,,,,,,,,,,,,,,,,,,,,,,,,,,,,,,,,,,,,,,,,,,,,,
,,?,0.00878,0,,,,,,stimuli/images/PICTURE_340.png,LETTER,5f08dafa392f74145122c0ee,13/10/1999,2020-08-27_18h40.23.296,proactive3.1,2020.1.2,Win32,60,5f47c29a48bd2a1e651a6eb7,5f47ede75080c61345c5990b,4,,,,,,mirror,,,,,,,,,,,3,1,,,,,,,,,,,,,,,,,,,0,65,65,78,1,,,,,,,,,,,,,,,,,,,,,,,,,,,,,,,,,,,,,,,,,,,,,,,,,,,,,,,,,,,,,,,,,,,,,,,,,,,,,,,,,,,,,,
,,?,0.00294,0,,,,,,stimuli/images/PICTURE_509.png,BATH,5f08dafa392f74145122c0ee,13/10/1999,2020-08-27_18h40.23.296,proactive3.1,2020.1.2,Win32,60,5f47c29a48bd2a1e651a6eb7,5f47ede75080c61345c5990b,4,,,,,,telephone,,,,,,,,,,,2,2,,,,,,,,,,,,,,,,,,,0,66,66,50,1,,,,,,,,,,,,,,,,,,,,,,,,,,,,,,,,,,,,,,,,,,,,,,,,,,,,,,,,,,,,,,,,,,,,,,,,,,,,,,,,,,,,,,
,,?,0.001745,0,,,,,,stimuli/images/PICTURE_151.png,GIRL,5f08dafa392f74145122c0ee,13/10/1999,2020-08-27_18h40.23.296,proactive3.1,2020.1.2,Win32,60,5f47c29a48bd2a1e651a6eb7,5f47ede75080c61345c5990b,4,,,,,,tray,,,,,,,,,,,2,0,,,,,,,,,,,,,,,,,,,0,67,67,54,1,,,,,,,,,,,,,,,,,,,,,,,,,,,,,,,,,,,,,,,,,,,,,,,,,,,,,,,,,,,,,,,,,,,,,,,,,,,,,,,,,,,,,,
,,?,0.004575,0,,,,,,stimuli/images/PICTURE_750.png,HOTEL,5f08dafa392f74145122c0ee,13/10/1999,2020-08-27_18h40.23.296,proactive3.1,2020.1.2,Win32,60,5f47c29a48bd2a1e651a6eb7,5f47ede75080c61345c5990b,4,,,,,,kettle,,,,,,,,,,,3,1,,,,,,,,,,,,,,,,,,,0,68,68,82,1,,,,,,,,,,,,,,,,,,,,,,,,,,,,,,,,,,,,,,,,,,,,,,,,,,,,,,,,,,,,,,,,,,,,,,,,,,,,,,,,,,,,,,
,,?,0.002005,0,,,,,,stimuli/images/PICTURE_677.png,APPLE,5f08dafa392f74145122c0ee,13/10/1999,2020-08-27_18h40.23.296,proactive3.1,2020.1.2,Win32,60,5f47c29a48bd2a1e651a6eb7,5f47ede75080c61345c5990b,4,,,,,,map,,,,,,,,,,,5,1,,,,,,,,,,,,,,,,,,,0,69,69,130,1,,,,,,,,,,,,,,,,,,,,,,,,,,,,,,,,,,,,,,,,,,,,,,,,,,,,,,,,,,,,,,,,,,,,,,,,,,,,,,,,,,,,,,
,,?,0.00221,0,,,,,,stimuli/images/PICTURE_296.png,LIFE,5f08dafa392f74145122c0ee,13/10/1999,2020-08-27_18h40.23.296,proactive3.1,2020.1.2,Win32,60,5f47c29a48bd2a1e651a6eb7,5f47ede75080c61345c5990b,4,,,,,,bolt,,,,,,,,,,,6,1,,,,,,,,,,,,,,,,,,,0,70,70,165,1,,,,,,,,,,,,,,,,,,,,,,,,,,,,,,,,,,,,,,,,,,,,,,,,,,,,,,,,,,,,,,,,,,,,,,,,,,,,,,,,,,,,,,
,,?,0.004285,0,,,,,,stimuli/images/PICTURE_215.png,LEADER,5f08dafa392f74145122c0ee,13/10/1999,2020-08-27_18h40.23.296,proactive3.1,2020.1.2,Win32,60,5f47c29a48bd2a1e651a6eb7,5f47ede75080c61345c5990b,4,,,,,,boot,,,,,,,,,,,5,2,,,,,,,,,,,,,,,,,,,0,71,71,136,1,,,,,,,,,,,,,,,,,,,,,,,,,,,,,,,,,,,,,,,,,,,,,,,,,,,,,,,,,,,,,,,,,,,,,,,,,,,,,,,,,,,,,,
,,MUSEUM,14.62714,0,,,,,,stimuli/images/PICTURE_32.png,KIND,5f08dafa392f74145122c0ee,13/10/1999,2020-08-27_18h40.23.296,proactive3.1,2020.1.2,Win32,60,5f47c29a48bd2a1e651a6eb7,5f47ede75080c61345c5990b,4,,,,,,crown,,,,,,,,,,,4,1,,,,,,,,,,,,,,,,,,,0,72,72,109,1,,,,,,,,,,,,,,,,,,,,,,,,,,,,,,,,,,,,,,,,,,,,,,,,,,,,,,,,,,,,,,,,,,,,,,,,,,,,,,,,,,,,,,
,,?,0.000995,0,,,,,,stimuli/images/PICTURE_348.png,TOILET,5f08dafa392f74145122c0ee,13/10/1999,2020-08-27_18h40.23.296,proactive3.1,2020.1.2,Win32,60,5f47c29a48bd2a1e651a6eb7,5f47ede75080c61345c5990b,4,,,,,,pepper,,,,,,,,,,,1,2,,,,,,,,,,,,,,,,,,,0,73,73,16,1,,,,,,,,,,,,,,,,,,,,,,,,,,,,,,,,,,,,,,,,,,,,,,,,,,,,,,,,,,,,,,,,,,,,,,,,,,,,,,,,,,,,,,
,,?,0.00093,0,,,,,,stimuli/images/PICTURE_380.png,PHOTO,5f08dafa392f74145122c0ee,13/10/1999,2020-08-27_18h40.23.296,proactive3.1,2020.1.2,Win32,60,5f47c29a48bd2a1e651a6eb7,5f47ede75080c61345c5990b,4,,,,,,gorilla,,,,,,,,,,,6,0,,,,,,,,,,,,,,,,,,,0,74,74,167,1,,,,,,,,,,,,,,,,,,,,,,,,,,,,,,,,,,,,,,,,,,,,,,,,,,,,,,,,,,,,,,,,,,,,,,,,,,,,,,,,,,,,,,
,,?,0.00092,0,,,,,,stimuli/images/PICTURE_708.png,YARD,5f08dafa392f74145122c0ee,13/10/1999,2020-08-27_18h40.23.296,proactive3.1,2020.1.2,Win32,60,5f47c29a48bd2a1e651a6eb7,5f47ede75080c61345c5990b,4,,,,,,monkey,,,,,,,,,,,3,0,,,,,,,,,,,,,,,,,,,0,75,75,89,1,,,,,,,,,,,,,,,,,,,,,,,,,,,,,,,,,,,,,,,,,,,,,,,,,,,,,,,,,,,,,,,,,,,,,,,,,,,,,,,,,,,,,,
,,?,0.00088,0,,,,,,stimuli/images/PICTURE_654.png,VALLEY,5f08dafa392f74145122c0ee,13/10/1999,2020-08-27_18h40.23.296,proactive3.1,2020.1.2,Win32,60,5f47c29a48bd2a1e651a6eb7,5f47ede75080c61345c5990b,4,,,,,,pencil,,,,,,,,,,,1,0,,,,,,,,,,,,,,,,,,,0,76,76,6,1,,,,,,,,,,,,,,,,,,,,,,,,,,,,,,,,,,,,,,,,,,,,,,,,,,,,,,,,,,,,,,,,,,,,,,,,,,,,,,,,,,,,,,
,,?,0.000755,0,,,,,,stimuli/images/PICTURE_255.png,AREA,5f08dafa392f74145122c0ee,13/10/1999,2020-08-27_18h40.23.296,proactive3.1,2020.1.2,Win32,60,5f47c29a48bd2a1e651a6eb7,5f47ede75080c61345c5990b,4,,,,,,shovel,,,,,,,,,,,3,0,,,,,,,,,,,,,,,,,,,0,77,77,64,1,,,,,,,,,,,,,,,,,,,,,,,,,,,,,,,,,,,,,,,,,,,,,,,,,,,,,,,,,,,,,,,,,,,,,,,,,,,,,,,,,,,,,,
,,WEIGHT,6.809245,0,,,,,,stimuli/images/PICTURE_95.png,NIGHT,5f08dafa392f74145122c0ee,13/10/1999,2020-08-27_18h40.23.296,proactive3.1,2020.1.2,Win32,60,5f47c29a48bd2a1e651a6eb7,5f47ede75080c61345c5990b,4,,,,,,suitcase,,,,,,,,,,,4,2,,,,,,,,,,,,,,,,,,,0,78,78,111,1,,,,,,,,,,,,,,,,,,,,,,,,,,,,,,,,,,,,,,,,,,,,,,,,,,,,,,,,,,,,,,,,,,,,,,,,,,,,,,,,,,,,,,
,,?,0.000795,0,,,,,,stimuli/images/PICTURE_692.png,DUDE,5f08dafa392f74145122c0ee,13/10/1999,2020-08-27_18h40.23.296,proactive3.1,2020.1.2,Win32,60,5f47c29a48bd2a1e651a6eb7,5f47ede75080c61345c5990b,4,,,,,,cherry,,,,,,,,,,,5,2,,,,,,,,,,,,,,,,,,,0,79,79,145,1,,,,,,,,,,,,,,,,,,,,,,,,,,,,,,,,,,,,,,,,,,,,,,,,,,,,,,,,,,,,,,,,,,,,,,,,,,,,,,,,,,,,,,
,,?,0.000705,0,,,,,,stimuli/images/PICTURE_85.png,THING,5f08dafa392f74145122c0ee,13/10/1999,2020-08-27_18h40.23.296,proactive3.1,2020.1.2,Win32,60,5f47c29a48bd2a1e651a6eb7,5f47ede75080c61345c5990b,4,,,,,,diamond,,,,,,,,,,,2,0,,,,,,,,,,,,,,,,,,,0,80,80,43,1,,,,,,,,,,,,,,,,,,,,,,,,,,,,,,,,,,,,,,,,,,,,,,,,,,,,,,,,,,,,,,,,,,,,,,,,,,,,,,,,,,,,,,
,,?,0.000605,0,,,,,,stimuli/images/PICTURE_147.png,MOMENT,5f08dafa392f74145122c0ee,13/10/1999,2020-08-27_18h40.23.296,proactive3.1,2020.1.2,Win32,60,5f47c29a48bd2a1e651a6eb7,5f47ede75080c61345c5990b,4,,,,,,hanger,,,,,,,,,,,6,0,,,,,,,,,,,,,,,,,,,0,81,81,156,1,,,,,,,,,,,,,,,,,,,,,,,,,,,,,,,,,,,,,,,,,,,,,,,,,,,,,,,,,,,,,,,,,,,,,,,,,,,,,,,,,,,,,,
,,STRONG,7.94979,0,,,,,,stimuli/images/PICTURE_708.png,PENNY,5f08dafa392f74145122c0ee,13/10/1999,2020-08-27_18h40.23.296,proactive3.1,2020.1.2,Win32,60,5f47c29a48bd2a1e651a6eb7,5f47ede75080c61345c5990b,4,,,,,,monkey,,,,,,,,,,,4,0,,,,,,,,,,,,,,,,,,,0,82,82,92,1,,,,,,,,,,,,,,,,,,,,,,,,,,,,,,,,,,,,,,,,,,,,,,,,,,,,,,,,,,,,,,,,,,,,,,,,,,,,,,,,,,,,,,
,,?,0.000865,0,,,,,,stimuli/images/PICTURE_667.png,BATH,5f08dafa392f74145122c0ee,13/10/1999,2020-08-27_18h40.23.296,proactive3.1,2020.1.2,Win32,60,5f47c29a48bd2a1e651a6eb7,5f47ede75080c61345c5990b,4,,,,,,daisy,,,,,,,,,,,1,0,,,,,,,,,,,,,,,,,,,0,83,83,18,1,,,,,,,,,,,,,,,,,,,,,,,,,,,,,,,,,,,,,,,,,,,,,,,,,,,,,,,,,,,,,,,,,,,,,,,,,,,,,,,,,,,,,,
,,?,0.000785,0,,,,,,stimuli/images/PICTURE_147.png,WOMEN,5f08dafa392f74145122c0ee,13/10/1999,2020-08-27_18h40.23.296,proactive3.1,2020.1.2,Win32,60,5f47c29a48bd2a1e651a6eb7,5f47ede75080c61345c5990b,4,,,,,,hanger,,,,,,,,,,,1,1,,,,,,,,,,,,,,,,,,,0,84,84,15,1,,,,,,,,,,,,,,,,,,,,,,,,,,,,,,,,,,,,,,,,,,,,,,,,,,,,,,,,,,,,,,,,,,,,,,,,,,,,,,,,,,,,,,
,,?,0.00067,0,,,,,,stimuli/images/PICTURE_667.png,PLENTY,5f08dafa392f74145122c0ee,13/10/1999,2020-08-27_18h40.23.296,proactive3.1,2020.1.2,Win32,60,5f47c29a48bd2a1e651a6eb7,5f47ede75080c61345c5990b,4,,,,,,daisy,,,,,,,,,,,5,0,,,,,,,,,,,,,,,,,,,0,85,85,126,1,,,,,,,,,,,,,,,,,,,,,,,,,,,,,,,,,,,,,,,,,,,,,,,,,,,,,,,,,,,,,,,,,,,,,,,,,,,,,,,,,,,,,,
,,?,0.00068,0,,,,,,stimuli/images/PICTURE_405.png,HOUSE,5f08dafa392f74145122c0ee,13/10/1999,2020-08-27_18h40.23.296,proactive3.1,2020.1.2,Win32,60,5f47c29a48bd2a1e651a6eb7,5f47ede75080c61345c5990b,4,,,,,,anchor,,,,,,,,,,,1,2,,,,,,,,,,,,,,,,,,,0,86,86,10,1,,,,,,,,,,,,,,,,,,,,,,,,,,,,,,,,,,,,,,,,,,,,,,,,,,,,,,,,,,,,,,,,,,,,,,,,,,,,,,,,,,,,,,
,,?,0.00067,0,,,,,,stimuli/images/PICTURE_68.png,MILE,5f08dafa392f74145122c0ee,13/10/1999,2020-08-27_18h40.23.296,proactive3.1,2020.1.2,Win32,60,5f47c29a48bd2a1e651a6eb7,5f47ede75080c61345c5990b,4,,,,,,candle,,,,,,,,,,,6,1,,,,,,,,,,,,,,,,,,,0,87,87,153,1,,,,,,,,,,,,,,,,,,,,,,,,,,,,,,,,,,,,,,,,,,,,,,,,,,,,,,,,,,,,,,,,,,,,,,,,,,,,,,,,,,,,,,
,,?,0.000575,0,,,,,,stimuli/images/PICTURE_655.png,TOILET,5f08dafa392f74145122c0ee,13/10/1999,2020-08-27_18h40.23.296,proactive3.1,2020.1.2,Win32,60,5f47c29a48bd2a1e651a6eb7,5f47ede75080c61345c5990b,4,,,,,,megaphone,,,,,,,,,,,2,1,,,,,,,,,,,,,,,,,,,0,88,88,35,1,,,,,,,,,,,,,,,,,,,,,,,,,,,,,,,,,,,,,,,,,,,,,,,,,,,,,,,,,,,,,,,,,,,,,,,,,,,,,,,,,,,,,,
,,SPEED,5.107065,0,,,,,,stimuli/images/PICTURE_215.png,PLENTY,5f08dafa392f74145122c0ee,13/10/1999,2020-08-27_18h40.23.296,proactive3.1,2020.1.2,Win32,60,5f47c29a48bd2a1e651a6eb7,5f47ede75080c61345c5990b,4,,,,,,boot,,,,,,,,,,,4,0,,,,,,,,,,,,,,,,,,,0,89,89,114,1,,,,,,,,,,,,,,,,,,,,,,,,,,,,,,,,,,,,,,,,,,,,,,,,,,,,,,,,,,,,,,,,,,,,,,,,,,,,,,,,,,,,,,
,,?,0.00089,0,,,,,,stimuli/images/PICTURE_453.png,DUDE,5f08dafa392f74145122c0ee,13/10/1999,2020-08-27_18h40.23.296,proactive3.1,2020.1.2,Win32,60,5f47c29a48bd2a1e651a6eb7,5f47ede75080c61345c5990b,4,,,,,,scissors,,,,,,,,,,,3,0,,,,,,,,,,,,,,,,,,,0,90,90,75,1,,,,,,,,,,,,,,,,,,,,,,,,,,,,,,,,,,,,,,,,,,,,,,,,,,,,,,,,,,,,,,,,,,,,,,,,,,,,,,,,,,,,,,
,,?,0.000615,0,,,,,,stimuli/images/PICTURE_469.png,AGENT,5f08dafa392f74145122c0ee,13/10/1999,2020-08-27_18h40.23.296,proactive3.1,2020.1.2,Win32,60,5f47c29a48bd2a1e651a6eb7,5f47ede75080c61345c5990b,4,,,,,,stool,,,,,,,,,,,2,1,,,,,,,,,,,,,,,,,,,0,91,91,51,1,,,,,,,,,,,,,,,,,,,,,,,,,,,,,,,,,,,,,,,,,,,,,,,,,,,,,,,,,,,,,,,,,,,,,,,,,,,,,,,,,,,,,,
,,?,0.000595,0,,,,,,stimuli/images/PICTURE_32.png,JUNGLE,5f08dafa392f74145122c0ee,13/10/1999,2020-08-27_18h40.23.296,proactive3.1,2020.1.2,Win32,60,5f47c29a48bd2a1e651a6eb7,5f47ede75080c61345c5990b,4,,,,,,crown,,,,,,,,,,,5,0,,,,,,,,,,,,,,,,,,,0,92,92,133,1,,,,,,,,,,,,,,,,,,,,,,,,,,,,,,,,,,,,,,,,,,,,,,,,,,,,,,,,,,,,,,,,,,,,,,,,,,,,,,,,,,,,,,
,,?,0.00073,0,,,,,,stimuli/images/PICTURE_449.png,DUDE,5f08dafa392f74145122c0ee,13/10/1999,2020-08-27_18h40.23.296,proactive3.1,2020.1.2,Win32,60,5f47c29a48bd2a1e651a6eb7,5f47ede75080c61345c5990b,4,,,,,,bench,,,,,,,,,,,2,1,,,,,,,,,,,,,,,,,,,0,93,93,52,1,,,,,,,,,,,,,,,,,,,,,,,,,,,,,,,,,,,,,,,,,,,,,,,,,,,,,,,,,,,,,,,,,,,,,,,,,,,,,,,,,,,,,,
,,?,0.00067,0,,,,,,stimuli/images/PICTURE_85.png,NATION,5f08dafa392f74145122c0ee,13/10/1999,2020-08-27_18h40.23.296,proactive3.1,2020.1.2,Win32,60,5f47c29a48bd2a1e651a6eb7,5f47ede75080c61345c5990b,4,,,,,,diamond,,,,,,,,,,,1,1,,,,,,,,,,,,,,,,,,,0,94,94,9,1,,,,,,,,,,,,,,,,,,,,,,,,,,,,,,,,,,,,,,,,,,,,,,,,,,,,,,,,,,,,,,,,,,,,,,,,,,,,,,,,,,,,,,
,,?,0.000605,0,,,,,,stimuli/images/PICTURE_380.png,CANDY,5f08dafa392f74145122c0ee,13/10/1999,2020-08-27_18h40.23.296,proactive3.1,2020.1.2,Win32,60,5f47c29a48bd2a1e651a6eb7,5f47ede75080c61345c5990b,4,,,,,,gorilla,,,,,,,,,,,1,1,,,,,,,,,,,,,,,,,,,0,95,95,2,1,,,,,,,,,,,,,,,,,,,,,,,,,,,,,,,,,,,,,,,,,,,,,,,,,,,,,,,,,,,,,,,,,,,,,,,,,,,,,,,,,,,,,,
,,?,0.00249,0,,,,,,stimuli/images/PICTURE_453.png,PLENTY,5f08dafa392f74145122c0ee,13/10/1999,2020-08-27_18h40.23.296,proactive3.1,2020.1.2,Win32,60,5f47c29a48bd2a1e651a6eb7,5f47ede75080c61345c5990b,4,,,,,,scissors,,,,,,,,,,,6,0,,,,,,,,,,,,,,,,,,,0,96,96,175,1,,,,,,,,,,,,,,,,,,,,,,,,,,,,,,,,,,,,,,,,,,,,,,,,,,,,,,,,,,,,,,,,,,,,,,,,,,,,,,,,,,,,,,
,,?,0.00057,0,,,,,,stimuli/images/PICTURE_744.png,WEAPON,5f08dafa392f74145122c0ee,13/10/1999,2020-08-27_18h40.23.296,proactive3.1,2020.1.2,Win32,60,5f47c29a48bd2a1e651a6eb7,5f47ede75080c61345c5990b,4,,,,,,ring,,,,,,,,,,,6,1,,,,,,,,,,,,,,,,,,,0,97,97,152,1,,,,,,,,,,,,,,,,,,,,,,,,,,,,,,,,,,,,,,,,,,,,,,,,,,,,,,,,,,,,,,,,,,,,,,,,,,,,,,,,,,,,,,
,,?,0.001045,0,,,,,,stimuli/images/PICTURE_327.png,CASINO,5f08dafa392f74145122c0ee,13/10/1999,2020-08-27_18h40.23.296,proactive3.1,2020.1.2,Win32,60,5f47c29a48bd2a1e651a6eb7,5f47ede75080c61345c5990b,4,,,,,,helmet,,,,,,,,,,,3,1,,,,,,,,,,,,,,,,,,,0,98,98,61,1,,,,,,,,,,,,,,,,,,,,,,,,,,,,,,,,,,,,,,,,,,,,,,,,,,,,,,,,,,,,,,,,,,,,,,,,,,,,,,,,,,,,,,
,,?,0.000655,0,,,,,,stimuli/images/PICTURE_339.png,CLIENT,5f08dafa392f74145122c0ee,13/10/1999,2020-08-27_18h40.23.296,proactive3.1,2020.1.2,Win32,60,5f47c29a48bd2a1e651a6eb7,5f47ede75080c61345c5990b,4,,,,,,backpack,,,,,,,,,,,2,1,,,,,,,,,,,,,,,,,,,0,99,99,34,1,,,,,,,,,,,,,,,,,,,,,,,,,,,,,,,,,,,,,,,,,,,,,,,,,,,,,,,,,,,,,,,,,,,,,,,,,,,,,,,,,,,,,,
,,?,0.00097,0,,,,,,stimuli/images/PICTURE_750.png,POLICY,5f08dafa392f74145122c0ee,13/10/1999,2020-08-27_18h40.23.296,proactive3.1,2020.1.2,Win32,60,5f47c29a48bd2a1e651a6eb7,5f47ede75080c61345c5990b,4,,,,,,kettle,,,,,,,,,,,5,2,,,,,,,,,,,,,,,,,,,0,100,100,137,1,,,,,,,,,,,,,,,,,,,,,,,,,,,,,,,,,,,,,,,,,,,,,,,,,,,,,,,,,,,,,,,,,,,,,,,,,,,,,,,,,,,,,,
,,?,0.000835,0,,,,,,stimuli/images/PICTURE_487.png,ROOF,5f08dafa392f74145122c0ee,13/10/1999,2020-08-27_18h40.23.296,proactive3.1,2020.1.2,Win32,60,5f47c29a48bd2a1e651a6eb7,5f47ede75080c61345c5990b,4,,,,,,basket,,,,,,,,,,,6,2,,,,,,,,,,,,,,,,,,,0,101,101,150,1,,,,,,,,,,,,,,,,,,,,,,,,,,,,,,,,,,,,,,,,,,,,,,,,,,,,,,,,,,,,,,,,,,,,,,,,,,,,,,,,,,,,,,
,,PRETTY,7.51345,0,,,,,,stimuli/images/PICTURE_487.png,POLICY,5f08dafa392f74145122c0ee,13/10/1999,2020-08-27_18h40.23.296,proactive3.1,2020.1.2,Win32,60,5f47c29a48bd2a1e651a6eb7,5f47ede75080c61345c5990b,4,,,,,,basket,,,,,,,,,,,4,2,,,,,,,,,,,,,,,,,,,0,102,102,102,1,,,,,,,,,,,,,,,,,,,,,,,,,,,,,,,,,,,,,,,,,,,,,,,,,,,,,,,,,,,,,,,,,,,,,,,,,,,,,,,,,,,,,,
,,?,0.001305,0,,,,,,stimuli/images/PICTURE_487.png,FLIGHT,5f08dafa392f74145122c0ee,13/10/1999,2020-08-27_18h40.23.296,proactive3.1,2020.1.2,Win32,60,5f47c29a48bd2a1e651a6eb7,5f47ede75080c61345c5990b,4,,,,,,basket,,,,,,,,,,,1,0,,,,,,,,,,,,,,,,,,,0,103,103,28,1,,,,,,,,,,,,,,,,,,,,,,,,,,,,,,,,,,,,,,,,,,,,,,,,,,,,,,,,,,,,,,,,,,,,,,,,,,,,,,,,,,,,,,
,,?,0.001015,0,,,,,,stimuli/images/PICTURE_744.png,SAKE,5f08dafa392f74145122c0ee,13/10/1999,2020-08-27_18h40.23.296,proactive3.1,2020.1.2,Win32,60,5f47c29a48bd2a1e651a6eb7,5f47ede75080c61345c5990b,4,,,,,,ring,,,,,,,,,,,2,0,,,,,,,,,,,,,,,,,,,0,104,104,46,1,,,,,,,,,,,,,,,,,,,,,,,,,,,,,,,,,,,,,,,,,,,,,,,,,,,,,,,,,,,,,,,,,,,,,,,,,,,,,,,,,,,,,,
,,?,0.00095,0,,,,,,stimuli/images/PICTURE_509.png,MILLER,5f08dafa392f74145122c0ee,13/10/1999,2020-08-27_18h40.23.296,proactive3.1,2020.1.2,Win32,60,5f47c29a48bd2a1e651a6eb7,5f47ede75080c61345c5990b,4,,,,,,telephone,,,,,,,,,,,5,2,,,,,,,,,,,,,,,,,,,0,105,105,147,1,,,,,,,,,,,,,,,,,,,,,,,,,,,,,,,,,,,,,,,,,,,,,,,,,,,,,,,,,,,,,,,,,,,,,,,,,,,,,,,,,,,,,,
,,?,0.000785,0,,,,,,stimuli/images/PICTURE_403.png,RIVER,5f08dafa392f74145122c0ee,13/10/1999,2020-08-27_18h40.23.296,proactive3.1,2020.1.2,Win32,60,5f47c29a48bd2a1e651a6eb7,5f47ede75080c61345c5990b,4,,,,,,cathedral,,,,,,,,,,,5,1,,,,,,,,,,,,,,,,,,,0,106,106,120,1,,,,,,,,,,,,,,,,,,,,,,,,,,,,,,,,,,,,,,,,,,,,,,,,,,,,,,,,,,,,,,,,,,,,,,,,,,,,,,,,,,,,,,
,,?,0.00077,0,,,,,,stimuli/images/PICTURE_509.png,PHOTO,5f08dafa392f74145122c0ee,13/10/1999,2020-08-27_18h40.23.296,proactive3.1,2020.1.2,Win32,60,5f47c29a48bd2a1e651a6eb7,5f47ede75080c61345c5990b,4,,,,,,telephone,,,,,,,,,,,3,0,,,,,,,,,,,,,,,,,,,0,107,107,63,1,,,,,,,,,,,,,,,,,,,,,,,,,,,,,,,,,,,,,,,,,,,,,,,,,,,,,,,,,,,,,,,,,,,,,,,,,,,,,,,,,,,,,,
,,?,0.00152,0,,,,,,stimuli/images/PICTURE_314.png,GODS,5f08dafa392f74145122c0ee,13/10/1999,2020-08-27_18h40.23.296,proactive3.1,2020.1.2,Win32,60,5f47c29a48bd2a1e651a6eb7,5f47ede75080c61345c5990b,4,,,,,,perfume,,,,,,,,,,,2,0,,,,,,,,,,,,,,,,,,,0,108,108,32,1,,,,,,,,,,,,,,,,,,,,,,,,,,,,,,,,,,,,,,,,,,,,,,,,,,,,,,,,,,,,,,,,,,,,,,,,,,,,,,,,,,,,,,
,,?,0.00112,0,,,,,,stimuli/images/PICTURE_147.png,YEAR,5f08dafa392f74145122c0ee,13/10/1999,2020-08-27_18h40.23.296,proactive3.1,2020.1.2,Win32,60,5f47c29a48bd2a1e651a6eb7,5f47ede75080c61345c5990b,4,,,,,,hanger,,,,,,,,,,,3,1,,,,,,,,,,,,,,,,,,,0,109,109,65,1,,,,,,,,,,,,,,,,,,,,,,,,,,,,,,,,,,,,,,,,,,,,,,,,,,,,,,,,,,,,,,,,,,,,,,,,,,,,,,,,,,,,,,
,,?,0.000935,0,,,,,,stimuli/images/PICTURE_405.png,PLENTY,5f08dafa392f74145122c0ee,13/10/1999,2020-08-27_18h40.23.296,proactive3.1,2020.1.2,Win32,60,5f47c29a48bd2a1e651a6eb7,5f47ede75080c61345c5990b,4,,,,,,anchor,,,,,,,,,,,3,1,,,,,,,,,,,,,,,,,,,0,110,110,76,1,,,,,,,,,,,,,,,,,,,,,,,,,,,,,,,,,,,,,,,,,,,,,,,,,,,,,,,,,,,,,,,,,,,,,,,,,,,,,,,,,,,,,,
,,?,0.00072,0,,,,,,stimuli/images/PICTURE_504.png,ARTIST,5f08dafa392f74145122c0ee,13/10/1999,2020-08-27_18h40.23.296,proactive3.1,2020.1.2,Win32,60,5f47c29a48bd2a1e651a6eb7,5f47ede75080c61345c5990b,4,,,,,,wheel,,,,,,,,,,,5,1,,,,,,,,,,,,,,,,,,,0,111,111,144,1,,,,,,,,,,,,,,,,,,,,,,,,,,,,,,,,,,,,,,,,,,,,,,,,,,,,,,,,,,,,,,,,,,,,,,,,,,,,,,,,,,,,,,
,,?,0.000885,0,,,,,,stimuli/images/PICTURE_380.png,DEATH,5f08dafa392f74145122c0ee,13/10/1999,2020-08-27_18h40.23.296,proactive3.1,2020.1.2,Win32,60,5f47c29a48bd2a1e651a6eb7,5f47ede75080c61345c5990b,4,,,,,,gorilla,,,,,,,,,,,5,0,,,,,,,,,,,,,,,,,,,0,112,112,149,1,,,,,,,,,,,,,,,,,,,,,,,,,,,,,,,,,,,,,,,,,,,,,,,,,,,,,,,,,,,,,,,,,,,,,,,,,,,,,,,,,,,,,,
,,NICE,4.825805,0,,,,,,stimuli/images/PICTURE_470.png,CASINO,5f08dafa392f74145122c0ee,13/10/1999,2020-08-27_18h40.23.296,proactive3.1,2020.1.2,Win32,60,5f47c29a48bd2a1e651a6eb7,5f47ede75080c61345c5990b,4,,,,,,motorbike,,,,,,,,,,,4,0,,,,,,,,,,,,,,,,,,,0,113,113,108,1,,,,,,,,,,,,,,,,,,,,,,,,,,,,,,,,,,,,,,,,,,,,,,,,,,,,,,,,,,,,,,,,,,,,,,,,,,,,,,,,,,,,,,
,,?,0.000915,0,,,,,,stimuli/images/PICTURE_95.png,STYLE,5f08dafa392f74145122c0ee,13/10/1999,2020-08-27_18h40.23.296,proactive3.1,2020.1.2,Win32,60,5f47c29a48bd2a1e651a6eb7,5f47ede75080c61345c5990b,4,,,,,,suitcase,,,,,,,,,,,3,0,,,,,,,,,,,,,,,,,,,0,114,114,73,1,,,,,,,,,,,,,,,,,,,,,,,,,,,,,,,,,,,,,,,,,,,,,,,,,,,,,,,,,,,,,,,,,,,,,,,,,,,,,,,,,,,,,,
,,?,0.00065,0,,,,,,stimuli/images/PICTURE_33.png,COPS,5f08dafa392f74145122c0ee,13/10/1999,2020-08-27_18h40.23.296,proactive3.1,2020.1.2,Win32,60,5f47c29a48bd2a1e651a6eb7,5f47ede75080c61345c5990b,4,,,,,,frame,,,,,,,,,,,3,2,,,,,,,,,,,,,,,,,,,0,115,115,86,1,,,,,,,,,,,,,,,,,,,,,,,,,,,,,,,,,,,,,,,,,,,,,,,,,,,,,,,,,,,,,,,,,,,,,,,,,,,,,,,,,,,,,,
,,?,0.00081,0,,,,,,stimuli/images/PICTURE_285.png,ADVICE,5f08dafa392f74145122c0ee,13/10/1999,2020-08-27_18h40.23.296,proactive3.1,2020.1.2,Win32,60,5f47c29a48bd2a1e651a6eb7,5f47ede75080c61345c5990b,4,,,,,,carrot,,,,,,,,,,,2,0,,,,,,,,,,,,,,,,,,,0,116,116,37,1,,,,,,,,,,,,,,,,,,,,,,,,,,,,,,,,,,,,,,,,,,,,,,,,,,,,,,,,,,,,,,,,,,,,,,,,,,,,,,,,,,,,,,
,,?,0.000865,0,,,,,,stimuli/images/PICTURE_405.png,JUNGLE,5f08dafa392f74145122c0ee,13/10/1999,2020-08-27_18h40.23.296,proactive3.1,2020.1.2,Win32,60,5f47c29a48bd2a1e651a6eb7,5f47ede75080c61345c5990b,4,,,,,,anchor,,,,,,,,,,,6,2,,,,,,,,,,,,,,,,,,,0,117,117,174,1,,,,,,,,,,,,,,,,,,,,,,,,,,,,,,,,,,,,,,,,,,,,,,,,,,,,,,,,,,,,,,,,,,,,,,,,,,,,,,,,,,,,,,
,,MILE,5.14338,0,,,,,,stimuli/images/PICTURE_57.png,MOMENT,5f08dafa392f74145122c0ee,13/10/1999,2020-08-27_18h40.23.296,proactive3.1,2020.1.2,Win32,60,5f47c29a48bd2a1e651a6eb7,5f47ede75080c61345c5990b,4,,,,,,stamp,,,,,,,,,,,4,1,,,,,,,,,,,,,,,,,,,0,118,118,115,1,,,,,,,,,,,,,,,,,,,,,,,,,,,,,,,,,,,,,,,,,,,,,,,,,,,,,,,,,,,,,,,,,,,,,,,,,,,,,,,,,,,,,,
,,?,0.00107,0,,,,,,stimuli/images/PICTURE_491.png,WRITER,5f08dafa392f74145122c0ee,13/10/1999,2020-08-27_18h40.23.296,proactive3.1,2020.1.2,Win32,60,5f47c29a48bd2a1e651a6eb7,5f47ede75080c61345c5990b,4,,,,,,rug,,,,,,,,,,,6,0,,,,,,,,,,,,,,,,,,,0,119,119,176,1,,,,,,,,,,,,,,,,,,,,,,,,,,,,,,,,,,,,,,,,,,,,,,,,,,,,,,,,,,,,,,,,,,,,,,,,,,,,,,,,,,,,,,
,,?,0.000745,0,,,,,,stimuli/images/PICTURE_692.png,MONTH,5f08dafa392f74145122c0ee,13/10/1999,2020-08-27_18h40.23.296,proactive3.1,2020.1.2,Win32,60,5f47c29a48bd2a1e651a6eb7,5f47ede75080c61345c5990b,4,,,,,,cherry,,,,,,,,,,,2,0,,,,,,,,,,,,,,,,,,,0,120,120,45,1,,,,,,,,,,,,,,,,,,,,,,,,,,,,,,,,,,,,,,,,,,,,,,,,,,,,,,,,,,,,,,,,,,,,,,,,,,,,,,,,,,,,,,
,,?,0.00064,0,,,,,,stimuli/images/PICTURE_68.png,MILE,5f08dafa392f74145122c0ee,13/10/1999,2020-08-27_18h40.23.296,proactive3.1,2020.1.2,Win32,60,5f47c29a48bd2a1e651a6eb7,5f47ede75080c61345c5990b,4,,,,,,candle,,,,,,,,,,,5,0,,,,,,,,,,,,,,,,,,,0,121,121,132,1,,,,,,,,,,,,,,,,,,,,,,,,,,,,,,,,,,,,,,,,,,,,,,,,,,,,,,,,,,,,,,,,,,,,,,,,,,,,,,,,,,,,,,
,,?,15.00314,0,,,,,,stimuli/images/PICTURE_405.png,YEAR,5f08dafa392f74145122c0ee,13/10/1999,2020-08-27_18h40.23.296,proactive3.1,2020.1.2,Win32,60,5f47c29a48bd2a1e651a6eb7,5f47ede75080c61345c5990b,4,,,,,,anchor,,,,,,,,,,,4,1,,,,,,,,,,,,,,,,,,,0,122,122,107,1,,,,,,,,,,,,,,,,,,,,,,,,,,,,,,,,,,,,,,,,,,,,,,,,,,,,,,,,,,,,,,,,,,,,,,,,,,,,,,,,,,,,,,
,,?,0.00085,0,,,,,,stimuli/images/PICTURE_356.png,DANGER,5f08dafa392f74145122c0ee,13/10/1999,2020-08-27_18h40.23.296,proactive3.1,2020.1.2,Win32,60,5f47c29a48bd2a1e651a6eb7,5f47ede75080c61345c5990b,4,,,,,,pawn,,,,,,,,,,,6,0,,,,,,,,,,,,,,,,,,,0,123,123,173,1,,,,,,,,,,,,,,,,,,,,,,,,,,,,,,,,,,,,,,,,,,,,,,,,,,,,,,,,,,,,,,,,,,,,,,,,,,,,,,,,,,,,,,
,,PERFUME,3.565515,0,,,,,,stimuli/images/PICTURE_314.png,SPEECH,5f08dafa392f74145122c0ee,13/10/1999,2020-08-27_18h40.23.296,proactive3.1,2020.1.2,Win32,60,5f47c29a48bd2a1e651a6eb7,5f47ede75080c61345c5990b,4,,,,,,perfume,,,,,,,,,,,4,2,,,,,,,,,,,,,,,,,,,0,124,124,104,1,,,,,,,,,,,,,,,,,,,,,,,,,,,,,,,,,,,,,,,,,,,,,,,,,,,,,,,,,,,,,,,,,,,,,,,,,,,,,,,,,,,,,,
,,?,0.000845,0,,,,,,stimuli/images/PICTURE_57.png,NATION,5f08dafa392f74145122c0ee,13/10/1999,2020-08-27_18h40.23.296,proactive3.1,2020.1.2,Win32,60,5f47c29a48bd2a1e651a6eb7,5f47ede75080c61345c5990b,4,,,,,,stamp,,,,,,,,,,,3,2,,,,,,,,,,,,,,,,,,,0,125,125,68,1,,,,,,,,,,,,,,,,,,,,,,,,,,,,,,,,,,,,,,,,,,,,,,,,,,,,,,,,,,,,,,,,,,,,,,,,,,,,,,,,,,,,,,
,,?,0.0007,0,,,,,,stimuli/images/PICTURE_203.png,NIGHT,5f08dafa392f74145122c0ee,13/10/1999,2020-08-27_18h40.23.296,proactive3.1,2020.1.2,Win32,60,5f47c29a48bd2a1e651a6eb7,5f47ede75080c61345c5990b,4,,,,,,cap,,,,,,,,,,,1,1,,,,,,,,,,,,,,,,,,,0,126,126,4,1,,,,,,,,,,,,,,,,,,,,,,,,,,,,,,,,,,,,,,,,,,,,,,,,,,,,,,,,,,,,,,,,,,,,,,,,,,,,,,,,,,,,,,
,,?,0.000655,0,,,,,,stimuli/images/PICTURE_208.png,MONTH,5f08dafa392f74145122c0ee,13/10/1999,2020-08-27_18h40.23.296,proactive3.1,2020.1.2,Win32,60,5f47c29a48bd2a1e651a6eb7,5f47ede75080c61345c5990b,4,,,,,,microphone,,,,,,,,,,,6,0,,,,,,,,,,,,,,,,,,,0,127,127,169,1,,,,,,,,,,,,,,,,,,,,,,,,,,,,,,,,,,,,,,,,,,,,,,,,,,,,,,,,,,,,,,,,,,,,,,,,,,,,,,,,,,,,,,
,,?,0.00071,0,,,,,,stimuli/images/PICTURE_708.png,VALLEY,5f08dafa392f74145122c0ee,13/10/1999,2020-08-27_18h40.23.296,proactive3.1,2020.1.2,Win32,60,5f47c29a48bd2a1e651a6eb7,5f47ede75080c61345c5990b,4,,,,,,monkey,,,,,,,,,,,5,2,,,,,,,,,,,,,,,,,,,0,128,128,139,1,,,,,,,,,,,,,,,,,,,,,,,,,,,,,,,,,,,,,,,,,,,,,,,,,,,,,,,,,,,,,,,,,,,,,,,,,,,,,,,,,,,,,,
,,?,0.00113,0,,,,,,stimuli/images/PICTURE_95.png,MILLER,5f08dafa392f74145122c0ee,13/10/1999,2020-08-27_18h40.23.296,proactive3.1,2020.1.2,Win32,60,5f47c29a48bd2a1e651a6eb7,5f47ede75080c61345c5990b,4,,,,,,suitcase,,,,,,,,,,,6,1,,,,,,,,,,,,,,,,,,,0,129,129,164,1,,,,,,,,,,,,,,,,,,,,,,,,,,,,,,,,,,,,,,,,,,,,,,,,,,,,,,,,,,,,,,,,,,,,,,,,,,,,,,,,,,,,,,
,,?,0.00066,0,,,,,,stimuli/images/PICTURE_491.png,GLASS,5f08dafa392f74145122c0ee,13/10/1999,2020-08-27_18h40.23.296,proactive3.1,2020.1.2,Win32,60,5f47c29a48bd2a1e651a6eb7,5f47ede75080c61345c5990b,4,,,,,,rug,,,,,,,,,,,2,1,,,,,,,,,,,,,,,,,,,0,130,130,44,1,,,,,,,,,,,,,,,,,,,,,,,,,,,,,,,,,,,,,,,,,,,,,,,,,,,,,,,,,,,,,,,,,,,,,,,,,,,,,,,,,,,,,,
,,LIFE,4.070055,0,,,,,,stimuli/images/PICTURE_233.png,WOMEN,5f08dafa392f74145122c0ee,13/10/1999,2020-08-27_18h40.23.296,proactive3.1,2020.1.2,Win32,60,5f47c29a48bd2a1e651a6eb7,5f47ede75080c61345c5990b,4,,,,,,salt,,,,,,,,,,,4,0,,,,,,,,,,,,,,,,,,,0,131,131,118,1,,,,,,,,,,,,,,,,,,,,,,,,,,,,,,,,,,,,,,,,,,,,,,,,,,,,,,,,,,,,,,,,,,,,,,,,,,,,,,,,,,,,,,
,,?,0.00105,0,,,,,,stimuli/images/PICTURE_285.png,PRINCE,5f08dafa392f74145122c0ee,13/10/1999,2020-08-27_18h40.23.296,proactive3.1,2020.1.2,Win32,60,5f47c29a48bd2a1e651a6eb7,5f47ede75080c61345c5990b,4,,,,,,carrot,,,,,,,,,,,3,2,,,,,,,,,,,,,,,,,,,0,132,132,62,1,,,,,,,,,,,,,,,,,,,,,,,,,,,,,,,,,,,,,,,,,,,,,,,,,,,,,,,,,,,,,,,,,,,,,,,,,,,,,,,,,,,,,,
,,POWER,4.16565,0,,,,,,stimuli/images/PICTURE_675.png,WEAPON,5f08dafa392f74145122c0ee,13/10/1999,2020-08-27_18h40.23.296,proactive3.1,2020.1.2,Win32,60,5f47c29a48bd2a1e651a6eb7,5f47ede75080c61345c5990b,4,,,,,,windmill,,,,,,,,,,,4,0,,,,,,,,,,,,,,,,,,,0,133,133,94,1,,,,,,,,,,,,,,,,,,,,,,,,,,,,,,,,,,,,,,,,,,,,,,,,,,,,,,,,,,,,,,,,,,,,,,,,,,,,,,,,,,,,,,
,,?,0.000945,0,,,,,,stimuli/images/PICTURE_123.png,ADVICE,5f08dafa392f74145122c0ee,13/10/1999,2020-08-27_18h40.23.296,proactive3.1,2020.1.2,Win32,60,5f47c29a48bd2a1e651a6eb7,5f47ede75080c61345c5990b,4,,,,,,dart,,,,,,,,,,,6,0,,,,,,,,,,,,,,,,,,,0,134,134,155,1,,,,,,,,,,,,,,,,,,,,,,,,,,,,,,,,,,,,,,,,,,,,,,,,,,,,,,,,,,,,,,,,,,,,,,,,,,,,,,,,,,,,,,
,,?,0.00065,0,,,,,,stimuli/images/PICTURE_688.png,CLOCK,5f08dafa392f74145122c0ee,13/10/1999,2020-08-27_18h40.23.296,proactive3.1,2020.1.2,Win32,60,5f47c29a48bd2a1e651a6eb7,5f47ede75080c61345c5990b,4,,,,,,runner,,,,,,,,,,,5,2,,,,,,,,,,,,,,,,,,,0,135,135,128,1,,,,,,,,,,,,,,,,,,,,,,,,,,,,,,,,,,,,,,,,,,,,,,,,,,,,,,,,,,,,,,,,,,,,,,,,,,,,,,,,,,,,,,
,,?,0.000755,0,,,,,,stimuli/images/PICTURE_68.png,KIND,5f08dafa392f74145122c0ee,13/10/1999,2020-08-27_18h40.23.296,proactive3.1,2020.1.2,Win32,60,5f47c29a48bd2a1e651a6eb7,5f47ede75080c61345c5990b,4,,,,,,candle,,,,,,,,,,,3,2,,,,,,,,,,,,,,,,,,,0,136,136,70,1,,,,,,,,,,,,,,,,,,,,,,,,,,,,,,,,,,,,,,,,,,,,,,,,,,,,,,,,,,,,,,,,,,,,,,,,,,,,,,,,,,,,,,
,,?,0.000605,0,,,,,,stimuli/images/PICTURE_348.png,DUDE,5f08dafa392f74145122c0ee,13/10/1999,2020-08-27_18h40.23.296,proactive3.1,2020.1.2,Win32,60,5f47c29a48bd2a1e651a6eb7,5f47ede75080c61345c5990b,4,,,,,,pepper,,,,,,,,,,,6,2,,,,,,,,,,,,,,,,,,,0,137,137,177,1,,,,,,,,,,,,,,,,,,,,,,,,,,,,,,,,,,,,,,,,,,,,,,,,,,,,,,,,,,,,,,,,,,,,,,,,,,,,,,,,,,,,,,
,,BOY,4.911815,0,,,,,,stimuli/images/PICTURE_203.png,GODS,5f08dafa392f74145122c0ee,13/10/1999,2020-08-27_18h40.23.296,proactive3.1,2020.1.2,Win32,60,5f47c29a48bd2a1e651a6eb7,5f47ede75080c61345c5990b,4,,,,,,cap,,,,,,,,,,,4,1,,,,,,,,,,,,,,,,,,,0,138,138,90,1,,,,,,,,,,,,,,,,,,,,,,,,,,,,,,,,,,,,,,,,,,,,,,,,,,,,,,,,,,,,,,,,,,,,,,,,,,,,,,,,,,,,,,
,,?,0.000785,0,,,,,,stimuli/images/PICTURE_453.png,FAMILY,5f08dafa392f74145122c0ee,13/10/1999,2020-08-27_18h40.23.296,proactive3.1,2020.1.2,Win32,60,5f47c29a48bd2a1e651a6eb7,5f47ede75080c61345c5990b,4,,,,,,scissors,,,,,,,,,,,5,2,,,,,,,,,,,,,,,,,,,0,139,139,146,1,,,,,,,,,,,,,,,,,,,,,,,,,,,,,,,,,,,,,,,,,,,,,,,,,,,,,,,,,,,,,,,,,,,,,,,,,,,,,,,,,,,,,,
,,?,0.00073,0,,,,,,stimuli/images/PICTURE_215.png,FOOD,5f08dafa392f74145122c0ee,13/10/1999,2020-08-27_18h40.23.296,proactive3.1,2020.1.2,Win32,60,5f47c29a48bd2a1e651a6eb7,5f47ede75080c61345c5990b,4,,,,,,boot,,,,,,,,,,,1,2,,,,,,,,,,,,,,,,,,,0,140,140,19,1,,,,,,,,,,,,,,,,,,,,,,,,,,,,,,,,,,,,,,,,,,,,,,,,,,,,,,,,,,,,,,,,,,,,,,,,,,,,,,,,,,,,,,
,,?,0.00063,0,,,,,,stimuli/images/PICTURE_403.png,TOILET,5f08dafa392f74145122c0ee,13/10/1999,2020-08-27_18h40.23.296,proactive3.1,2020.1.2,Win32,60,5f47c29a48bd2a1e651a6eb7,5f47ede75080c61345c5990b,4,,,,,,cathedral,,,,,,,,,,,3,1,,,,,,,,,,,,,,,,,,,0,141,141,80,1,,,,,,,,,,,,,,,,,,,,,,,,,,,,,,,,,,,,,,,,,,,,,,,,,,,,,,,,,,,,,,,,,,,,,,,,,,,,,,,,,,,,,,
,,?,0.000565,0,,,,,,stimuli/images/PICTURE_33.png,FRIEND,5f08dafa392f74145122c0ee,13/10/1999,2020-08-27_18h40.23.296,proactive3.1,2020.1.2,Win32,60,5f47c29a48bd2a1e651a6eb7,5f47ede75080c61345c5990b,4,,,,,,frame,,,,,,,,,,,1,1,,,,,,,,,,,,,,,,,,,0,142,142,17,1,,,,,,,,,,,,,,,,,,,,,,,,,,,,,,,,,,,,,,,,,,,,,,,,,,,,,,,,,,,,,,,,,,,,,,,,,,,,,,,,,,,,,,
,,HAPPY,5.879375,0,,,,,,stimuli/images/PICTURE_141.png,CLIENT,5f08dafa392f74145122c0ee,13/10/1999,2020-08-27_18h40.23.296,proactive3.1,2020.1.2,Win32,60,5f47c29a48bd2a1e651a6eb7,5f47ede75080c61345c5990b,4,,,,,,sunflower,,,,,,,,,,,4,2,,,,,,,,,,,,,,,,,,,0,143,143,93,1,,,,,,,,,,,,,,,,,,,,,,,,,,,,,,,,,,,,,,,,,,,,,,,,,,,,,,,,,,,,,,,,,,,,,,,,,,,,,,,,,,,,,,
,,?,0.00084,0,,,,,,stimuli/images/PICTURE_654.png,YEAR,5f08dafa392f74145122c0ee,13/10/1999,2020-08-27_18h40.23.296,proactive3.1,2020.1.2,Win32,60,5f47c29a48bd2a1e651a6eb7,5f47ede75080c61345c5990b,4,,,,,,pencil,,,,,,,,,,,5,2,,,,,,,,,,,,,,,,,,,0,144,144,125,1,,,,,,,,,,,,,,,,,,,,,,,,,,,,,,,,,,,,,,,,,,,,,,,,,,,,,,,,,,,,,,,,,,,,,,,,,,,,,,,,,,,,,,
,,MILE,4.35014,1,,,,,,stimuli/images/PICTURE_677.png,MILE,5f08dafa392f74145122c0ee,13/10/1999,2020-08-27_18h40.23.296,proactive3.1,2020.1.2,Win32,60,5f47c29a48bd2a1e651a6eb7,5f47ede75080c61345c5990b,4,,,,,,map,,,,,,,,,,,4,0,,,,,,,,,,,,,,,,,,,0,145,145,91,1,,,,,,,,,,,,,,,,,,,,,,,,,,,,,,,,,,,,,,,,,,,,,,,,,,,,,,,,,,,,,,,,,,,,,,,,,,,,,,,,,,,,,,
,,HEIGHT,7.58805,0,,,,,,stimuli/images/PICTURE_147.png,LEADER,5f08dafa392f74145122c0ee,13/10/1999,2020-08-27_18h40.23.296,proactive3.1,2020.1.2,Win32,60,5f47c29a48bd2a1e651a6eb7,5f47ede75080c61345c5990b,4,,,,,,hanger,,,,,,,,,,,4,2,,,,,,,,,,,,,,,,,,,0,146,146,100,1,,,,,,,,,,,,,,,,,,,,,,,,,,,,,,,,,,,,,,,,,,,,,,,,,,,,,,,,,,,,,,,,,,,,,,,,,,,,,,,,,,,,,,
,,?,0.001035,0,,,,,,stimuli/images/PICTURE_208.png,LOTS,5f08dafa392f74145122c0ee,13/10/1999,2020-08-27_18h40.23.296,proactive3.1,2020.1.2,Win32,60,5f47c29a48bd2a1e651a6eb7,5f47ede75080c61345c5990b,4,,,,,,microphone,,,,,,,,,,,2,0,,,,,,,,,,,,,,,,,,,0,147,147,30,1,,,,,,,,,,,,,,,,,,,,,,,,,,,,,,,,,,,,,,,,,,,,,,,,,,,,,,,,,,,,,,,,,,,,,,,,,,,,,,,,,,,,,,
,,?,0.00075,0,,,,,,stimuli/images/PICTURE_2.png,JUNGLE,5f08dafa392f74145122c0ee,13/10/1999,2020-08-27_18h40.23.296,proactive3.1,2020.1.2,Win32,60,5f47c29a48bd2a1e651a6eb7,5f47ede75080c61345c5990b,4,,,,,,tyre,,,,,,,,,,,1,2,,,,,,,,,,,,,,,,,,,0,148,148,1,1,,,,,,,,,,,,,,,,,,,,,,,,,,,,,,,,,,,,,,,,,,,,,,,,,,,,,,,,,,,,,,,,,,,,,,,,,,,,,,,,,,,,,,
,,?,0.00079,0,,,,,,stimuli/images/PICTURE_564.png,PLENTY,5f08dafa392f74145122c0ee,13/10/1999,2020-08-27_18h40.23.296,proactive3.1,2020.1.2,Win32,60,5f47c29a48bd2a1e651a6eb7,5f47ede75080c61345c5990b,4,,,,,,spoon,,,,,,,,,,,2,2,,,,,,,,,,,,,,,,,,,0,149,149,36,1,,,,,,,,,,,,,,,,,,,,,,,,,,,,,,,,,,,,,,,,,,,,,,,,,,,,,,,,,,,,,,,,,,,,,,,,,,,,,,,,,,,,,,
,,?,0.00071,0,,,,,,stimuli/images/PICTURE_667.png,RIVER,5f08dafa392f74145122c0ee,13/10/1999,2020-08-27_18h40.23.296,proactive3.1,2020.1.2,Win32,60,5f47c29a48bd2a1e651a6eb7,5f47ede75080c61345c5990b,4,,,,,,daisy,,,,,,,,,,,2,1,,,,,,,,,,,,,,,,,,,0,150,150,31,1,,,,,,,,,,,,,,,,,,,,,,,,,,,,,,,,,,,,,,,,,,,,,,,,,,,,,,,,,,,,,,,,,,,,,,,,,,,,,,,,,,,,,,
,,BEAUTY,7.478155,0,,,,,,stimuli/images/PICTURE_311.png,FRIEND,5f08dafa392f74145122c0ee,13/10/1999,2020-08-27_18h40.23.296,proactive3.1,2020.1.2,Win32,60,5f47c29a48bd2a1e651a6eb7,5f47ede75080c61345c5990b,4,,,,,,razor,,,,,,,,,,,4,0,,,,,,,,,,,,,,,,,,,0,151,151,99,1,,,,,,,,,,,,,,,,,,,,,,,,,,,,,,,,,,,,,,,,,,,,,,,,,,,,,,,,,,,,,,,,,,,,,,,,,,,,,,,,,,,,,,
,,?,0.000785,0,,,,,,stimuli/images/PICTURE_95.png,BOYS,5f08dafa392f74145122c0ee,13/10/1999,2020-08-27_18h40.23.296,proactive3.1,2020.1.2,Win32,60,5f47c29a48bd2a1e651a6eb7,5f47ede75080c61345c5990b,4,,,,,,suitcase,,,,,,,,,,,1,1,,,,,,,,,,,,,,,,,,,0,152,152,3,1,,,,,,,,,,,,,,,,,,,,,,,,,,,,,,,,,,,,,,,,,,,,,,,,,,,,,,,,,,,,,,,,,,,,,,,,,,,,,,,,,,,,,,
,,?,0.000785,0,,,,,,stimuli/images/PICTURE_57.png,CASINO,5f08dafa392f74145122c0ee,13/10/1999,2020-08-27_18h40.23.296,proactive3.1,2020.1.2,Win32,60,5f47c29a48bd2a1e651a6eb7,5f47ede75080c61345c5990b,4,,,,,,stamp,,,,,,,,,,,2,2,,,,,,,,,,,,,,,,,,,0,153,153,41,1,,,,,,,,,,,,,,,,,,,,,,,,,,,,,,,,,,,,,,,,,,,,,,,,,,,,,,,,,,,,,,,,,,,,,,,,,,,,,,,,,,,,,,
,,?,0.00079,0,,,,,,stimuli/images/PICTURE_491.png,RIVER,5f08dafa392f74145122c0ee,13/10/1999,2020-08-27_18h40.23.296,proactive3.1,2020.1.2,Win32,60,5f47c29a48bd2a1e651a6eb7,5f47ede75080c61345c5990b,4,,,,,,rug,,,,,,,,,,,1,1,,,,,,,,,,,,,,,,,,,0,154,154,11,1,,,,,,,,,,,,,,,,,,,,,,,,,,,,,,,,,,,,,,,,,,,,,,,,,,,,,,,,,,,,,,,,,,,,,,,,,,,,,,,,,,,,,,
,,?,0.00064,0,,,,,,stimuli/images/PICTURE_356.png,CANDY,5f08dafa392f74145122c0ee,13/10/1999,2020-08-27_18h40.23.296,proactive3.1,2020.1.2,Win32,60,5f47c29a48bd2a1e651a6eb7,5f47ede75080c61345c5990b,4,,,,,,pawn,,,,,,,,,,,5,2,,,,,,,,,,,,,,,,,,,0,155,155,140,1,,,,,,,,,,,,,,,,,,,,,,,,,,,,,,,,,,,,,,,,,,,,,,,,,,,,,,,,,,,,,,,,,,,,,,,,,,,,,,,,,,,,,,
,,?,0.000695,0,,,,,,stimuli/images/PICTURE_57.png,CANDY,5f08dafa392f74145122c0ee,13/10/1999,2020-08-27_18h40.23.296,proactive3.1,2020.1.2,Win32,60,5f47c29a48bd2a1e651a6eb7,5f47ede75080c61345c5990b,4,,,,,,stamp,,,,,,,,,,,6,2,,,,,,,,,,,,,,,,,,,0,156,156,157,1,,,,,,,,,,,,,,,,,,,,,,,,,,,,,,,,,,,,,,,,,,,,,,,,,,,,,,,,,,,,,,,,,,,,,,,,,,,,,,,,,,,,,,
,,?,0.000675,0,,,,,,stimuli/images/PICTURE_677.png,PHOTO,5f08dafa392f74145122c0ee,13/10/1999,2020-08-27_18h40.23.296,proactive3.1,2020.1.2,Win32,60,5f47c29a48bd2a1e651a6eb7,5f47ede75080c61345c5990b,4,,,,,,map,,,,,,,,,,,2,2,,,,,,,,,,,,,,,,,,,0,157,157,47,1,,,,,,,,,,,,,,,,,,,,,,,,,,,,,,,,,,,,,,,,,,,,,,,,,,,,,,,,,,,,,,,,,,,,,,,,,,,,,,,,,,,,,,
,,?,0.000655,0,,,,,,stimuli/images/PICTURE_654.png,MONTH,5f08dafa392f74145122c0ee,13/10/1999,2020-08-27_18h40.23.296,proactive3.1,2020.1.2,Win32,60,5f47c29a48bd2a1e651a6eb7,5f47ede75080c61345c5990b,4,,,,,,pencil,,,,,,,,,,,3,1,,,,,,,,,,,,,,,,,,,0,158,158,88,1,,,,,,,,,,,,,,,,,,,,,,,,,,,,,,,,,,,,,,,,,,,,,,,,,,,,,,,,,,,,,,,,,,,,,,,,,,,,,,,,,,,,,,
,,?,0.00071,0,,,,,,stimuli/images/PICTURE_297.png,BODY,5f08dafa392f74145122c0ee,13/10/1999,2020-08-27_18h40.23.296,proactive3.1,2020.1.2,Win32,60,5f47c29a48bd2a1e651a6eb7,5f47ede75080c61345c5990b,4,,,,,,aeroplane,,,,,,,,,,,6,2,,,,,,,,,,,,,,,,,,,0,159,159,151,1,,,,,,,,,,,,,,,,,,,,,,,,,,,,,,,,,,,,,,,,,,,,,,,,,,,,,,,,,,,,,,,,,,,,,,,,,,,,,,,,,,,,,,
,,?,0.00067,0,,,,,,stimuli/images/PICTURE_667.png,GLASS,5f08dafa392f74145122c0ee,13/10/1999,2020-08-27_18h40.23.296,proactive3.1,2020.1.2,Win32,60,5f47c29a48bd2a1e651a6eb7,5f47ede75080c61345c5990b,4,,,,,,daisy,,,,,,,,,,,3,2,,,,,,,,,,,,,,,,,,,0,160,160,84,1,,,,,,,,,,,,,,,,,,,,,,,,,,,,,,,,,,,,,,,,,,,,,,,,,,,,,,,,,,,,,,,,,,,,,,,,,,,,,,,,,,,,,,
,,?,0.00069,0,,,,,,stimuli/images/PICTURE_308.png,ESTATE,5f08dafa392f74145122c0ee,13/10/1999,2020-08-27_18h40.23.296,proactive3.1,2020.1.2,Win32,60,5f47c29a48bd2a1e651a6eb7,5f47ede75080c61345c5990b,4,,,,,,dice,,,,,,,,,,,5,0,,,,,,,,,,,,,,,,,,,0,161,161,135,1,,,,,,,,,,,,,,,,,,,,,,,,,,,,,,,,,,,,,,,,,,,,,,,,,,,,,,,,,,,,,,,,,,,,,,,,,,,,,,,,,,,,,,
,,?,0.000765,0,,,,,,stimuli/images/PICTURE_487.png,GIRL,5f08dafa392f74145122c0ee,13/10/1999,2020-08-27_18h40.23.296,proactive3.1,2020.1.2,Win32,60,5f47c29a48bd2a1e651a6eb7,5f47ede75080c61345c5990b,4,,,,,,basket,,,,,,,,,,,5,1,,,,,,,,,,,,,,,,,,,0,162,162,134,1,,,,,,,,,,,,,,,,,,,,,,,,,,,,,,,,,,,,,,,,,,,,,,,,,,,,,,,,,,,,,,,,,,,,,,,,,,,,,,,,,,,,,,
,,?,0.00072,0,,,,,,stimuli/images/PICTURE_32.png,PILLS,5f08dafa392f74145122c0ee,13/10/1999,2020-08-27_18h40.23.296,proactive3.1,2020.1.2,Win32,60,5f47c29a48bd2a1e651a6eb7,5f47ede75080c61345c5990b,4,,,,,,crown,,,,,,,,,,,2,1,,,,,,,,,,,,,,,,,,,0,163,163,57,1,,,,,,,,,,,,,,,,,,,,,,,,,,,,,,,,,,,,,,,,,,,,,,,,,,,,,,,,,,,,,,,,,,,,,,,,,,,,,,,,,,,,,,
,,?,0.00069,0,,,,,,stimuli/images/PICTURE_123.png,ADVICE,5f08dafa392f74145122c0ee,13/10/1999,2020-08-27_18h40.23.296,proactive3.1,2020.1.2,Win32,60,5f47c29a48bd2a1e651a6eb7,5f47ede75080c61345c5990b,4,,,,,,dart,,,,,,,,,,,5,0,,,,,,,,,,,,,,,,,,,0,164,164,122,1,,,,,,,,,,,,,,,,,,,,,,,,,,,,,,,,,,,,,,,,,,,,,,,,,,,,,,,,,,,,,,,,,,,,,,,,,,,,,,,,,,,,,,
,,COOL,3.709165,0,,,,,,stimuli/images/PICTURE_491.png,SERIES,5f08dafa392f74145122c0ee,13/10/1999,2020-08-27_18h40.23.296,proactive3.1,2020.1.2,Win32,60,5f47c29a48bd2a1e651a6eb7,5f47ede75080c61345c5990b,4,,,,,,rug,,,,,,,,,,,4,2,,,,,,,,,,,,,,,,,,,0,165,165,113,1,,,,,,,,,,,,,,,,,,,,,,,,,,,,,,,,,,,,,,,,,,,,,,,,,,,,,,,,,,,,,,,,,,,,,,,,,,,,,,,,,,,,,,
,,?,0.001175,0,,,,,,stimuli/images/PICTURE_564.png,BATH,5f08dafa392f74145122c0ee,13/10/1999,2020-08-27_18h40.23.296,proactive3.1,2020.1.2,Win32,60,5f47c29a48bd2a1e651a6eb7,5f47ede75080c61345c5990b,4,,,,,,spoon,,,,,,,,,,,3,1,,,,,,,,,,,,,,,,,,,0,166,166,81,1,,,,,,,,,,,,,,,,,,,,,,,,,,,,,,,,,,,,,,,,,,,,,,,,,,,,,,,,,,,,,,,,,,,,,,,,,,,,,,,,,,,,,,
,,?,0.001,0,,,,,,stimuli/images/PICTURE_160.png,FEET,5f08dafa392f74145122c0ee,13/10/1999,2020-08-27_18h40.23.296,proactive3.1,2020.1.2,Win32,60,5f47c29a48bd2a1e651a6eb7,5f47ede75080c61345c5990b,4,,,,,,wheelbarrow,,,,,,,,,,,6,0,,,,,,,,,,,,,,,,,,,0,167,167,178,1,,,,,,,,,,,,,,,,,,,,,,,,,,,,,,,,,,,,,,,,,,,,,,,,,,,,,,,,,,,,,,,,,,,,,,,,,,,,,,,,,,,,,,
,,?,0.000835,0,,,,,,stimuli/images/PICTURE_654.png,COPS,5f08dafa392f74145122c0ee,13/10/1999,2020-08-27_18h40.23.296,proactive3.1,2020.1.2,Win32,60,5f47c29a48bd2a1e651a6eb7,5f47ede75080c61345c5990b,4,,,,,,pencil,,,,,,,,,,,2,2,,,,,,,,,,,,,,,,,,,0,168,168,33,1,,,,,,,,,,,,,,,,,,,,,,,,,,,,,,,,,,,,,,,,,,,,,,,,,,,,,,,,,,,,,,,,,,,,,,,,,,,,,,,,,,,,,,
,,?,0.00102,0,,,,,,stimuli/images/PICTURE_452.png,COPS,5f08dafa392f74145122c0ee,13/10/1999,2020-08-27_18h40.23.296,proactive3.1,2020.1.2,Win32,60,5f47c29a48bd2a1e651a6eb7,5f47ede75080c61345c5990b,4,,,,,,watch,,,,,,,,,,,1,2,,,,,,,,,,,,,,,,,,,0,169,169,0,1,,,,,,,,,,,,,,,,,,,,,,,,,,,,,,,,,,,,,,,,,,,,,,,,,,,,,,,,,,,,,,,,,,,,,,,,,,,,,,,,,,,,,,
,,?,0.000935,0,,,,,,stimuli/images/PICTURE_708.png,RECORD,5f08dafa392f74145122c0ee,13/10/1999,2020-08-27_18h40.23.296,proactive3.1,2020.1.2,Win32,60,5f47c29a48bd2a1e651a6eb7,5f47ede75080c61345c5990b,4,,,,,,monkey,,,,,,,,,,,6,1,,,,,,,,,,,,,,,,,,,0,170,170,168,1,,,,,,,,,,,,,,,,,,,,,,,,,,,,,,,,,,,,,,,,,,,,,,,,,,,,,,,,,,,,,,,,,,,,,,,,,,,,,,,,,,,,,,
,,?,0.000875,0,,,,,,stimuli/images/PICTURE_708.png,CLIENT,5f08dafa392f74145122c0ee,13/10/1999,2020-08-27_18h40.23.296,proactive3.1,2020.1.2,Win32,60,5f47c29a48bd2a1e651a6eb7,5f47ede75080c61345c5990b,4,,,,,,monkey,,,,,,,,,,,1,0,,,,,,,,,,,,,,,,,,,0,171,171,21,1,,,,,,,,,,,,,,,,,,,,,,,,,,,,,,,,,,,,,,,,,,,,,,,,,,,,,,,,,,,,,,,,,,,,,,,,,,,,,,,,,,,,,,
,,?,0.00152,0,,,,,,stimuli/images/PICTURE_504.png,BODY,5f08dafa392f74145122c0ee,13/10/1999,2020-08-27_18h40.23.296,proactive3.1,2020.1.2,Win32,60,5f47c29a48bd2a1e651a6eb7,5f47ede75080c61345c5990b,4,,,,,,wheel,,,,,,,,,,,1,0,,,,,,,,,,,,,,,,,,,0,172,172,27,1,,,,,,,,,,,,,,,,,,,,,,,,,,,,,,,,,,,,,,,,,,,,,,,,,,,,,,,,,,,,,,,,,,,,,,,,,,,,,,,,,,,,,,
,,?,0.00117,0,,,,,,stimuli/images/PICTURE_233.png,IDEAS,5f08dafa392f74145122c0ee,13/10/1999,2020-08-27_18h40.23.296,proactive3.1,2020.1.2,Win32,60,5f47c29a48bd2a1e651a6eb7,5f47ede75080c61345c5990b,4,,,,,,salt,,,,,,,,,,,3,0,,,,,,,,,,,,,,,,,,,0,173,173,79,1,,,,,,,,,,,,,,,,,,,,,,,,,,,,,,,,,,,,,,,,,,,,,,,,,,,,,,,,,,,,,,,,,,,,,,,,,,,,,,,,,,,,,,
,,?,0.000855,0,,,,,,stimuli/images/PICTURE_688.png,CASINO,5f08dafa392f74145122c0ee,13/10/1999,2020-08-27_18h40.23.296,proactive3.1,2020.1.2,Win32,60,5f47c29a48bd2a1e651a6eb7,5f47ede75080c61345c5990b,4,,,,,,runner,,,,,,,,,,,1,0,,,,,,,,,,,,,,,,,,,0,174,174,12,1,,,,,,,,,,,,,,,,,,,,,,,,,,,,,,,,,,,,,,,,,,,,,,,,,,,,,,,,,,,,,,,,,,,,,,,,,,,,,,,,,,,,,,
,,?,0.000895,0,,,,,,stimuli/images/PICTURE_383.png,SERIES,5f08dafa392f74145122c0ee,13/10/1999,2020-08-27_18h40.23.296,proactive3.1,2020.1.2,Win32,60,5f47c29a48bd2a1e651a6eb7,5f47ede75080c61345c5990b,4,,,,,,coin,,,,,,,,,,,5,1,,,,,,,,,,,,,,,,,,,0,175,175,138,1,,,,,,,,,,,,,,,,,,,,,,,,,,,,,,,,,,,,,,,,,,,,,,,,,,,,,,,,,,,,,,,,,,,,,,,,,,,,,,,,,,,,,,
,,?,0.00091,0,,,,,,stimuli/images/PICTURE_2.png,FLIGHT,5f08dafa392f74145122c0ee,13/10/1999,2020-08-27_18h40.23.296,proactive3.1,2020.1.2,Win32,60,5f47c29a48bd2a1e651a6eb7,5f47ede75080c61345c5990b,4,,,,,,tyre,,,,,,,,,,,2,1,,,,,,,,,,,,,,,,,,,0,176,176,49,1,,,,,,,,,,,,,,,,,,,,,,,,,,,,,,,,,,,,,,,,,,,,,,,,,,,,,,,,,,,,,,,,,,,,,,,,,,,,,,,,,,,,,,
,,?,0.00098,0,,,,,,stimuli/images/PICTURE_655.png,SALE,5f08dafa392f74145122c0ee,13/10/1999,2020-08-27_18h40.23.296,proactive3.1,2020.1.2,Win32,60,5f47c29a48bd2a1e651a6eb7,5f47ede75080c61345c5990b,4,,,,,,megaphone,,,,,,,,,,,6,2,,,,,,,,,,,,,,,,,,,0,177,177,172,1,,,,,,,,,,,,,,,,,,,,,,,,,,,,,,,,,,,,,,,,,,,,,,,,,,,,,,,,,,,,,,,,,,,,,,,,,,,,,,,,,,,,,,
,,SPEAK,5.222035,0,,,,,,stimuli/images/PICTURE_208.png,SYSTEM,5f08dafa392f74145122c0ee,13/10/1999,2020-08-27_18h40.23.296,proactive3.1,2020.1.2,Win32,60,5f47c29a48bd2a1e651a6eb7,5f47ede75080c61345c5990b,4,,,,,,microphone,,,,,,,,,,,4,1,,,,,,,,,,,,,,,,,,,0,178,178,101,1,,,,,,,,,,,,,,,,,,,,,,,,,,,,,,,,,,,,,,,,,,,,,,,,,,,,,,,,,,,,,,,,,,,,,,,,,,,,,,,,,,,,,,
,,?,0.002665,0,,,,,,stimuli/images/PICTURE_327.png,SERIES,5f08dafa392f74145122c0ee,13/10/1999,2020-08-27_18h40.23.296,proactive3.1,2020.1.2,Win32,60,5f47c29a48bd2a1e651a6eb7,5f47ede75080c61345c5990b,4,,,,,,helmet,,,,,,,,,,,1,1,,,,,,,,,,,,,,,,,,,0,179,179,7,1,,,,,,,,,,,,,,,,,,,,,,,,,,,,,,,,,,,,,,,,,,,,,,,,,,,,,,,,,,,,,,,,,,,,,,,,,,,,,,,,,,,,,,
,,,,,,,,,,,,5f08dafa392f74145122c0ee,13/10/1999,2020-08-27_18h40.23.296,proactive3.1,2020.1.2,Win32,60,5f47c29a48bd2a1e651a6eb7,5f47ede75080c61345c5990b,4,,,,,,,,,,,,,,,,,,,,,,,,,,,,,,,,,,,,,,,,,,stimuli/search/b.png,stimuli/search/t.png,stimuli/search/b.png,stimuli/search/t.png,stimuli/search/t.png,stimuli/search/b.png,stimuli/search/r.png,stimuli/search/t.png,"[-0.23833333333333334,0.4045699848323122]","[-0.17833333333333334,0.35813601291714914]","[0.17833333333333334,0.35212300536943963]","[0.23833333333333334,0.3715233222215479]","[0.17833333333333334,-0.374583641345356]","[0.23833333333333334,-0.34139648426563723]","[-0.23833333333333334,-0.3666661063627549]","[-0.17833333333333334,-0.39761832578405176]",1,,0,0,0,0,1,,,,,,,,,,,,,,,,,,,,,,,,,,,,,,,,,,,,,,,,,,,,,,,,,,,,,,,,,,,,,,,
,,,,,,,,,,,,5f08dafa392f74145122c0ee,13/10/1999,2020-08-27_18h40.23.296,proactive3.1,2020.1.2,Win32,60,5f47c29a48bd2a1e651a6eb7,5f47ede75080c61345c5990b,4,,,,,,,,,,,,,,,,,,,,,,,,,,,,,,,,,,,,,,,,,,stimuli/search/r.png,stimuli/search/b.png,stimuli/search/b.png,stimuli/search/t.png,stimuli/search/t.png,stimuli/search/b.png,stimuli/search/b.png,stimuli/search/t.png,"[-0.23833333333333334,0.40837658391122483]","[-0.17833333333333334,0.3245732512819981]","[0.17833333333333334,0.4123837388591821]","[0.23833333333333334,0.41075885909936954]","[0.17833333333333334,-0.3485276300941488]","[0.23833333333333334,-0.36170550499695026]","[-0.23833333333333334,-0.38947577370364017]","[-0.17833333333333334,-0.36226384901930814]",1,0,1,0,1,0,1,1.171205,,,,,,,,,,,,,,,,,,,,,,,,,,,,,,,,,,,,,,,,,,,,,,,,,,,,,,,,,,,,,,
,,,,,,,,,,,,5f08dafa392f74145122c0ee,13/10/1999,2020-08-27_18h40.23.296,proactive3.1,2020.1.2,Win32,60,5f47c29a48bd2a1e651a6eb7,5f47ede75080c61345c5990b,4,,,,,,,,,,,,,,,,,,,,,,,,,,,,,,,,,,,,,,,,,,stimuli/search/r.png,stimuli/search/t.png,stimuli/search/t.png,stimuli/search/b.png,stimuli/search/b.png,stimuli/search/t.png,stimuli/search/b.png,stimuli/search/t.png,"[-0.23833333333333334,0.3251991532145706]","[-0.17833333333333334,0.362886402596948]","[0.17833333333333334,0.4033414786029969]","[0.23833333333333334,0.39711361919409877]","[0.17833333333333334,-0.35106280861433603]","[0.23833333333333334,-0.3487832444903261]","[-0.23833333333333334,-0.37190801925906525]","[-0.17833333333333334,-0.39447607919819405]",1,1,2,0,2,0,1,1.040295,,,,,,,,,,,,,,,,,,,,,,,,,,,,,,,,,,,,,,,,,,,,,,,,,,,,,,,,,,,,,,
,,,,,,,,,,,,5f08dafa392f74145122c0ee,13/10/1999,2020-08-27_18h40.23.296,proactive3.1,2020.1.2,Win32,60,5f47c29a48bd2a1e651a6eb7,5f47ede75080c61345c5990b,4,,,,,,,,,,,,,,,,,,,,,,,,,,,,,,,,,,,,,,,,,,stimuli/search/b.png,stimuli/search/t.png,stimuli/search/t.png,stimuli/search/b.png,stimuli/search/b.png,stimuli/search/t.png,stimuli/search/r.png,stimuli/search/b.png,"[-0.23833333333333334,0.3309422457813793]","[-0.17833333333333334,0.34165752343360534]","[0.17833333333333334,0.4045121541196779]","[0.23833333333333334,0.3830178396266686]","[0.17833333333333334,-0.346683298672657]","[0.23833333333333334,-0.35024579527658395]","[-0.23833333333333334,-0.3746716410949055]","[-0.17833333333333334,-0.3512545910302118]",1,0,3,0,3,0,1,1.746875,,,,,,,,,,,,,,,,,,,,,,,,,,,,,,,,,,,,,,,,,,,,,,,,,,,,,,,,,,,,,,
,,,,,,,,,,,,5f08dafa392f74145122c0ee,13/10/1999,2020-08-27_18h40.23.296,proactive3.1,2020.1.2,Win32,60,5f47c29a48bd2a1e651a6eb7,5f47ede75080c61345c5990b,4,,,,,,,,,,,,,,,,,,,,,,,,,,,,,,,,,,,,,,,,,,stimuli/search/b.png,stimuli/search/t.png,stimuli/search/b.png,stimuli/search/t.png,stimuli/search/b.png,stimuli/search/t.png,stimuli/search/r.png,stimuli/search/b.png,"[-0.23833333333333334,0.34496227435031396]","[-0.17833333333333334,0.34255232526465684]","[0.17833333333333334,0.3611164013783344]","[0.23833333333333334,0.367953224597143]","[0.17833333333333334,-0.3432615496526356]","[0.23833333333333334,-0.40736587203574387]","[-0.23833333333333334,-0.32737060663539325]","[-0.17833333333333334,-0.36573368359810376]",1,1,4,0,4,0,1,1.166135,,,,,,,,,,,,,,,,,,,,,,,,,,,,,,,,,,,,,,,,,,,,,,,,,,,,,,,,,,,,,,
,,,,,,,,,,,,5f08dafa392f74145122c0ee,13/10/1999,2020-08-27_18h40.23.296,proactive3.1,2020.1.2,Win32,60,5f47c29a48bd2a1e651a6eb7,5f47ede75080c61345c5990b,4,,,,,,,,,,,,,,,,,,,,,,,,,,,,,,,,,,,,,,,,,,stimuli/search/b.png,stimuli/search/t.png,stimuli/search/t.png,stimuli/search/b.png,stimuli/search/b.png,stimuli/search/r.png,stimuli/search/b.png,stimuli/search/t.png,"[-0.23833333333333334,0.3281106064326751]","[-0.17833333333333334,0.3950278024489069]","[0.17833333333333334,0.3568474690430853]","[0.23833333333333334,0.3834684666758657]","[0.17833333333333334,-0.3433241265496317]","[0.23833333333333334,-0.3487755204684967]","[-0.23833333333333334,-0.41360769206258147]","[-0.17833333333333334,-0.3919827198911524]",1,0,5,0,5,0,1,1.709355,,,,,,,,,,,,,,,,,,,,,,,,,,,,,,,,,,,,,,,,,,,,,,,,,,,,,,,,,,,,,,
,,,,,,,,,,,,5f08dafa392f74145122c0ee,13/10/1999,2020-08-27_18h40.23.296,proactive3.1,2020.1.2,Win32,60,5f47c29a48bd2a1e651a6eb7,5f47ede75080c61345c5990b,4,,,,,,,,,,,,,,,,,,,,,,,,,,,,,,,,,,,,,,,,,,stimuli/search/t.png,stimuli/search/b.png,stimuli/search/t.png,stimuli/search/b.png,stimuli/search/t.png,stimuli/search/r.png,stimuli/search/t.png,stimuli/search/b.png,"[-0.23833333333333334,0.3348706812704254]","[-0.17833333333333334,0.39857114483245637]","[0.17833333333333334,0.40549177629763994]","[0.23833333333333334,0.3842213948191075]","[0.17833333333333334,-0.3434095634395527]","[0.23833333333333334,-0.37916949563441504]","[-0.23833333333333334,-0.3703226808713287]","[-0.17833333333333334,-0.4114262164041435]",1,,6,0,6,0,1,,,,,,,,,,,,,,,,,,,,,,,,,,,,,,,,,,,,,,,,,,,,,,,,,,,,,,,,,,,,,,,
,,,,,,,,,,,,5f08dafa392f74145122c0ee,13/10/1999,2020-08-27_18h40.23.296,proactive3.1,2020.1.2,Win32,60,5f47c29a48bd2a1e651a6eb7,5f47ede75080c61345c5990b,4,,,,,,,,,,,,,,,,,,,,,,,,,,,,,,,,,,,,,,,,,,stimuli/search/t.png,stimuli/search/b.png,stimuli/search/t.png,stimuli/search/b.png,stimuli/search/b.png,stimuli/search/r.png,stimuli/search/b.png,stimuli/search/t.png,"[-0.23833333333333334,0.39586215863804164]","[-0.17833333333333334,0.33476221937868567]","[0.17833333333333334,0.38022923954430715]","[0.23833333333333334,0.3380395512350572]","[0.17833333333333334,-0.3254473664314075]","[0.23833333333333334,-0.379767348814026]","[-0.23833333333333334,-0.3791403749856375]","[-0.17833333333333334,-0.3778881962637517]",1,1,7,0,7,0,1,1.236725,,,,,,,,,,,,,,,,,,,,,,,,,,,,,,,,,,,,,,,,,,,,,,,,,,,,,,,,,,,,,,
,,,,,,,,,,,,5f08dafa392f74145122c0ee,13/10/1999,2020-08-27_18h40.23.296,proactive3.1,2020.1.2,Win32,60,5f47c29a48bd2a1e651a6eb7,5f47ede75080c61345c5990b,4,,,,,,,,,,,,,,,,,,,,,,,,,,,,,,,,,,,,,,,,,,stimuli/search/b.png,stimuli/search/t.png,stimuli/search/t.png,stimuli/search/b.png,stimuli/search/l.png,stimuli/search/b.png,stimuli/search/b.png,stimuli/search/t.png,"[-0.23833333333333334,0.3972710677481403]","[-0.17833333333333334,0.38121741749328103]","[0.17833333333333334,0.39053265743409826]","[0.23833333333333334,0.37989862335592417]","[0.17833333333333334,-0.33315682929705914]","[0.23833333333333334,-0.344901024466928]","[-0.23833333333333334,-0.4048098423937275]","[-0.17833333333333334,-0.36429619903951804]",0,0,8,0,8,0,1,0.95502,,,,,,,,,,,,,,,,,,,,,,,,,,,,,,,,,,,,,,,,,,,,,,,,,,,,,,,,,,,,,,
,,,,,,,,,,,,5f08dafa392f74145122c0ee,13/10/1999,2020-08-27_18h40.23.296,proactive3.1,2020.1.2,Win32,60,5f47c29a48bd2a1e651a6eb7,5f47ede75080c61345c5990b,4,,,,,,,,,,,,,,,,,,,,,,,,,,,,,,,,,,,,,,,,,,stimuli/search/b.png,stimuli/search/t.png,stimuli/search/t.png,stimuli/search/b.png,stimuli/search/t.png,stimuli/search/b.png,stimuli/search/r.png,stimuli/search/b.png,"[-0.23833333333333334,0.38057545220872485]","[-0.17833333333333334,0.4064710716292009]","[0.17833333333333334,0.35008829770771804]","[0.23833333333333334,0.37270911838857895]","[0.17833333333333334,-0.37511769734256784]","[0.23833333333333334,-0.34626632743322655]","[-0.23833333333333334,-0.36055041245813413]","[-0.17833333333333334,-0.39637931665530535]",1,1,9,0,9,0,1,0.32534,,,,,,,,,,,,,,,,,,,,,,,,,,,,,,,,,,,,,,,,,,,,,,,,,,,,,,,,,,,,,,
,,,,,,,,,,,,5f08dafa392f74145122c0ee,13/10/1999,2020-08-27_18h40.23.296,proactive3.1,2020.1.2,Win32,60,5f47c29a48bd2a1e651a6eb7,5f47ede75080c61345c5990b,4,,,,,,,,,,,,,,,,,,,,,,,,,,,,,,,,,,,,,,,,,,stimuli/search/b.png,stimuli/search/t.png,stimuli/search/b.png,stimuli/search/t.png,stimuli/search/l.png,stimuli/search/b.png,stimuli/search/t.png,stimuli/search/b.png,"[-0.23833333333333334,0.3322351795298143]","[-0.17833333333333334,0.3886339788480503]","[0.17833333333333334,0.33434293508861884]","[0.23833333333333334,0.38334060669922976]","[0.17833333333333334,-0.38387853363913677]","[0.23833333333333334,-0.3504857055167437]","[-0.23833333333333334,-0.3715643118384694]","[-0.17833333333333334,-0.3359748914884715]",0,0,10,0,10,0,1,0.32335,,,,,,,,,,,,,,,,,,,,,,,,,,,,,,,,,,,,,,,,,,,,,,,,,,,,,,,,,,,,,,
,,,,,,,,,,,,5f08dafa392f74145122c0ee,13/10/1999,2020-08-27_18h40.23.296,proactive3.1,2020.1.2,Win32,60,5f47c29a48bd2a1e651a6eb7,5f47ede75080c61345c5990b,4,,,,,,,,,,,,,,,,,,,,,,,,,,,,,,,,,,,,,,,,,,stimuli/search/t.png,stimuli/search/b.png,stimuli/search/t.png,stimuli/search/b.png,stimuli/search/l.png,stimuli/search/t.png,stimuli/search/t.png,stimuli/search/b.png,"[-0.23833333333333334,0.33004070634211286]","[-0.17833333333333334,0.3434969986250972]","[0.17833333333333334,0.3712695125743934]","[0.23833333333333334,0.3268202999276437]","[0.17833333333333334,-0.3337427104895911]","[0.23833333333333334,-0.4122897748805992]","[-0.23833333333333334,-0.36242687048950256]","[-0.17833333333333334,-0.35518498932948495]",0,1,11,0,11,0,1,0.31284,,,,,,,,,,,,,,,,,,,,,,,,,,,,,,,,,,,,,,,,,,,,,,,,,,,,,,,,,,,,,,
,,,,,,,,,,,,5f08dafa392f74145122c0ee,13/10/1999,2020-08-27_18h40.23.296,proactive3.1,2020.1.2,Win32,60,5f47c29a48bd2a1e651a6eb7,5f47ede75080c61345c5990b,4,,,,,,,,,,,,,,,,,,,,,,,,,,,,,,,,,,,,,,,,,,stimuli/search/t.png,stimuli/search/b.png,stimuli/search/b.png,stimuli/search/t.png,stimuli/search/t.png,stimuli/search/b.png,stimuli/search/t.png,stimuli/search/l.png,"[-0.23833333333333334,0.3361964073587871]","[-0.17833333333333334,0.41429643459141086]","[0.17833333333333334,0.394192972097041]","[0.23833333333333334,0.3615819659548607]","[0.17833333333333334,-0.37816354936893404]","[0.23833333333333334,-0.39357811879272514]","[-0.23833333333333334,-0.38780243208224957]","[-0.17833333333333334,-0.4134343197341467]",0,0,12,0,12,0,1,0.44535,,,,,,,,,,,,,,,,,,,,,,,,,,,,,,,,,,,,,,,,,,,,,,,,,,,,,,,,,,,,,,
,,,,,,,,,,,,5f08dafa392f74145122c0ee,13/10/1999,2020-08-27_18h40.23.296,proactive3.1,2020.1.2,Win32,60,5f47c29a48bd2a1e651a6eb7,5f47ede75080c61345c5990b,4,,,,,,,,,,,,,,,,,,,,,,,,,,,,,,,,,,,,,,,,,,stimuli/search/b.png,stimuli/search/t.png,stimuli/search/l.png,stimuli/search/t.png,stimuli/search/t.png,stimuli/search/b.png,stimuli/search/b.png,stimuli/search/t.png,"[-0.23833333333333334,0.37254345199370903]","[-0.17833333333333334,0.40908641038833027]","[0.17833333333333334,0.37335488092744873]","[0.23833333333333334,0.33957486829468375]","[0.17833333333333334,-0.3734011341104598]","[0.23833333333333334,-0.3814838102882604]","[-0.23833333333333334,-0.3685008559364724]","[-0.17833333333333334,-0.3323589411828456]",0,1,13,0,13,0,1,0.121495,,,,,,,,,,,,,,,,,,,,,,,,,,,,,,,,,,,,,,,,,,,,,,,,,,,,,,,,,,,,,,
,,,,,,,,,,,,5f08dafa392f74145122c0ee,13/10/1999,2020-08-27_18h40.23.296,proactive3.1,2020.1.2,Win32,60,5f47c29a48bd2a1e651a6eb7,5f47ede75080c61345c5990b,4,,,,,,,,,,,,,,,,,,,,,,,,,,,,,,,,,,,,,,,,,,stimuli/search/t.png,stimuli/search/b.png,stimuli/search/t.png,stimuli/search/b.png,stimuli/search/r.png,stimuli/search/b.png,stimuli/search/t.png,stimuli/search/b.png,"[-0.23833333333333334,0.37824840687940997]","[-0.17833333333333334,0.34944322011230544]","[0.17833333333333334,0.40421922680869654]","[0.23833333333333334,0.3535696633169093]","[0.17833333333333334,-0.3899429350867486]","[0.23833333333333334,-0.3478127173524367]","[-0.23833333333333334,-0.41125920035741215]","[-0.17833333333333334,-0.3852203971385998]",1,0,14,0,14,0,1,0.39006,,,,,,,,,,,,,,,,,,,,,,,,,,,,,,,,,,,,,,,,,,,,,,,,,,,,,,,,,,,,,,
,,,,,,,,,,,,5f08dafa392f74145122c0ee,13/10/1999,2020-08-27_18h40.23.296,proactive3.1,2020.1.2,Win32,60,5f47c29a48bd2a1e651a6eb7,5f47ede75080c61345c5990b,4,,,,,,,,,,,,,,,,,,,,,,,,,,,,,,,,,,,,,,,,,,stimuli/search/b.png,stimuli/search/t.png,stimuli/search/r.png,stimuli/search/b.png,stimuli/search/t.png,stimuli/search/b.png,stimuli/search/b.png,stimuli/search/t.png,"[-0.23833333333333334,0.41215418737176884]","[-0.17833333333333334,0.3581581940630232]","[0.17833333333333334,0.3465019599043588]","[0.23833333333333334,0.34540694886231305]","[0.17833333333333334,-0.328706725323061]","[0.23833333333333334,-0.40644804509854265]","[-0.23833333333333334,-0.38954655259909576]","[-0.17833333333333334,-0.33748459611282156]",1,1,15,0,15,0,1,0.377815,,,,,,,,,,,,,,,,,,,,,,,,,,,,,,,,,,,,,,,,,,,,,,,,,,,,,,,,,,,,,,
,,,,,,,,,,,,5f08dafa392f74145122c0ee,13/10/1999,2020-08-27_18h40.23.296,proactive3.1,2020.1.2,Win32,60,5f47c29a48bd2a1e651a6eb7,5f47ede75080c61345c5990b,4,,,,,,,,,,,,,,,,,,,,,,,,,,,,,,,,,,,,,,,,,,stimuli/search/b.png,stimuli/search/t.png,stimuli/search/b.png,stimuli/search/r.png,stimuli/search/t.png,stimuli/search/b.png,stimuli/search/t.png,stimuli/search/b.png,"[-0.23833333333333334,0.38819873326065557]","[-0.17833333333333334,0.36705567026179353]","[0.17833333333333334,0.33773518229977706]","[0.23833333333333334,0.4080350185214004]","[0.17833333333333334,-0.35049183969287573]","[0.23833333333333334,-0.34541092034386356]","[-0.23833333333333334,-0.350563343302324]","[-0.17833333333333334,-0.3281002463318553]",1,0,16,0,16,0,1,0.293355,,,,,,,,,,,,,,,,,,,,,,,,,,,,,,,,,,,,,,,,,,,,,,,,,,,,,,,,,,,,,,
,,,,,,,,,,,,5f08dafa392f74145122c0ee,13/10/1999,2020-08-27_18h40.23.296,proactive3.1,2020.1.2,Win32,60,5f47c29a48bd2a1e651a6eb7,5f47ede75080c61345c5990b,4,,,,,,,,,,,,,,,,,,,,,,,,,,,,,,,,,,,,,,,,,,stimuli/search/t.png,stimuli/search/b.png,stimuli/search/b.png,stimuli/search/r.png,stimuli/search/b.png,stimuli/search/t.png,stimuli/search/t.png,stimuli/search/b.png,"[-0.23833333333333334,0.325485497244581]","[-0.17833333333333334,0.38472205240524177]","[0.17833333333333334,0.40040118510325173]","[0.23833333333333334,0.4129079710405834]","[0.17833333333333334,-0.40606073298740236]","[0.23833333333333334,-0.3314927330864155]","[-0.23833333333333334,-0.3370221684683295]","[-0.17833333333333334,-0.3961182816064884]",1,1,17,0,17,0,1,1.454375,,,,,,,,,,,,,,,,,,,,,,,,,,,,,,,,,,,,,,,,,,,,,,,,,,,,,,,,,,,,,,
,,,,,,,,,,,,5f08dafa392f74145122c0ee,13/10/1999,2020-08-27_18h40.23.296,proactive3.1,2020.1.2,Win32,60,5f47c29a48bd2a1e651a6eb7,5f47ede75080c61345c5990b,4,,,,,,,,,,,,,,,,,,,,,,,,,,,,,,,,,,,,,,,,,,stimuli/search/r.png,stimuli/search/b.png,stimuli/search/t.png,stimuli/search/b.png,stimuli/search/b.png,stimuli/search/t.png,stimuli/search/b.png,stimuli/search/t.png,"[-0.23833333333333334,0.3986066012367903]","[-0.17833333333333334,0.33248608021157466]","[0.17833333333333334,0.392728785322028]","[0.23833333333333334,0.37197023029415577]","[0.17833333333333334,-0.3628010211281464]","[0.23833333333333334,-0.3685587549326882]","[-0.23833333333333334,-0.39315511497709865]","[-0.17833333333333334,-0.3873147542247058]",1,0,18,0,18,0,1,1.15344,,,,,,,,,,,,,,,,,,,,,,,,,,,,,,,,,,,,,,,,,,,,,,,,,,,,,,,,,,,,,,
,,,,,,,,,,,,5f08dafa392f74145122c0ee,13/10/1999,2020-08-27_18h40.23.296,proactive3.1,2020.1.2,Win32,60,5f47c29a48bd2a1e651a6eb7,5f47ede75080c61345c5990b,4,,,,,,,,,,,,,,,,,,,,,,,,,,,,,,,,,,,,,,,,,,stimuli/search/t.png,stimuli/search/b.png,stimuli/search/b.png,stimuli/search/t.png,stimuli/search/t.png,stimuli/search/b.png,stimuli/search/r.png,stimuli/search/b.png,"[-0.23833333333333334,0.3362149457616771]","[-0.17833333333333334,0.41518693951544816]","[0.17833333333333334,0.39916238028973416]","[0.23833333333333334,0.3788198897238876]","[0.17833333333333334,-0.3481121484491401]","[0.23833333333333334,-0.33486847524563507]","[-0.23833333333333334,-0.32799121126170916]","[-0.17833333333333334,-0.3979588316119171]",1,0,19,0,19,0,1,0.29814,,,,,,,,,,,,,,,,,,,,,,,,,,,,,,,,,,,,,,,,,,,,,,,,,,,,,,,,,,,,,,
,,,,,,,,,,,,5f08dafa392f74145122c0ee,13/10/1999,2020-08-27_18h40.23.296,proactive3.1,2020.1.2,Win32,60,5f47c29a48bd2a1e651a6eb7,5f47ede75080c61345c5990b,4,,,,,,,,,,,,,,,,,,,,,,,,,,,,,,,,,,,,,,,,,,stimuli/search/l.png,stimuli/search/t.png,stimuli/search/b.png,stimuli/search/t.png,stimuli/search/t.png,stimuli/search/b.png,stimuli/search/b.png,stimuli/search/t.png,"[-0.23833333333333334,0.33895965643742965]","[-0.17833333333333334,0.3405131759634359]","[0.17833333333333334,0.32812708555613246]","[0.23833333333333334,0.3301015403932183]","[0.17833333333333334,-0.35216745490995893]","[0.23833333333333334,-0.38681452724839516]","[-0.23833333333333334,-0.36149616185018946]","[-0.17833333333333334,-0.394609710847089]",0,0,,,,,,1.609605,0,0,0,0,1,,,,,,,,,,,,,,,,,,,,,,,,,,,,,,,,,,,,,,,,,,,,,,,,,,,,,,,,,
,,,,,,,,,,,,5f08dafa392f74145122c0ee,13/10/1999,2020-08-27_18h40.23.296,proactive3.1,2020.1.2,Win32,60,5f47c29a48bd2a1e651a6eb7,5f47ede75080c61345c5990b,4,,,,,,,,,,,,,,,,,,,,,,,,,,,,,,,,,,,,,,,,,,stimuli/search/b.png,stimuli/search/t.png,stimuli/search/b.png,stimuli/search/t.png,stimuli/search/t.png,stimuli/search/r.png,stimuli/search/t.png,stimuli/search/b.png,"[-0.23833333333333334,0.38801816948501616]","[-0.17833333333333334,0.3822118309049488]","[0.17833333333333334,0.33682548842346405]","[0.23833333333333334,0.3323763441963801]","[0.17833333333333334,-0.3975391028466002]","[0.23833333333333334,-0.4044421237914645]","[-0.23833333333333334,-0.3674614507517062]","[-0.17833333333333334,-0.3906402371027904]",1,,,,,,,,1,0,1,0,1,,,,,,,,,,,,,,,,,,,,,,,,,,,,,,,,,,,,,,,,,,,,,,,,,,,,,,,,,
,,,,,,,,,,,,5f08dafa392f74145122c0ee,13/10/1999,2020-08-27_18h40.23.296,proactive3.1,2020.1.2,Win32,60,5f47c29a48bd2a1e651a6eb7,5f47ede75080c61345c5990b,4,,,,,,,,,,,,,,,,,,,,,,,,,,,,,,,,,,,,,,,,,,stimuli/search/t.png,stimuli/search/b.png,stimuli/search/b.png,stimuli/search/t.png,stimuli/search/l.png,stimuli/search/b.png,stimuli/search/t.png,stimuli/search/b.png,"[-0.23833333333333334,0.34201789375058506]","[-0.17833333333333334,0.410889341879235]","[0.17833333333333334,0.36372828765569226]","[0.23833333333333334,0.41114592587707116]","[0.17833333333333334,-0.33000033700262893]","[0.23833333333333334,-0.3257917833570269]","[-0.23833333333333334,-0.38765459945324476]","[-0.17833333333333334,-0.3759403427886564]",0,0,,,,,,1.535605,2,0,2,0,1,,,,,,,,,,,,,,,,,,,,,,,,,,,,,,,,,,,,,,,,,,,,,,,,,,,,,,,,,
,,,,,,,,,,,,5f08dafa392f74145122c0ee,13/10/1999,2020-08-27_18h40.23.296,proactive3.1,2020.1.2,Win32,60,5f47c29a48bd2a1e651a6eb7,5f47ede75080c61345c5990b,4,,,,,,,,,,,,,,,,,,,,,,,,,,,,,,,,,,,,,,,,,,stimuli/search/b.png,stimuli/search/t.png,stimuli/search/r.png,stimuli/search/t.png,stimuli/search/b.png,stimuli/search/t.png,stimuli/search/b.png,stimuli/search/t.png,"[-0.23833333333333334,0.3765611657155867]","[-0.17833333333333334,0.32665292744719826]","[0.17833333333333334,0.4061196800818808]","[0.23833333333333334,0.3894570374048044]","[0.17833333333333334,-0.38459472589200827]","[0.23833333333333334,-0.3644853637307972]","[-0.23833333333333334,-0.36968565051050084]","[-0.17833333333333334,-0.3315217257962998]",1,,,,,,,,3,0,3,0,1,,,,,,,,,,,,,,,,,,,,,,,,,,,,,,,,,,,,,,,,,,,,,,,,,,,,,,,,,
,,,,,,,,,,,,5f08dafa392f74145122c0ee,13/10/1999,2020-08-27_18h40.23.296,proactive3.1,2020.1.2,Win32,60,5f47c29a48bd2a1e651a6eb7,5f47ede75080c61345c5990b,4,,,,,,,,,,,,,,,,,,,,,,,,,,,,,,,,,,,,,,,,,,,,,,,,,,,,,,,,,,,,,,,,,,,,,,,0,0,0,0,1,,,,,,,,,,,,,,,,,,,,,,,,,,,,,,,,,,,,,,,,,,,,,,,,,,,,
,,,,,,,,,,,,5f08dafa392f74145122c0ee,13/10/1999,2020-08-27_18h40.23.296,proactive3.1,2020.1.2,Win32,60,5f47c29a48bd2a1e651a6eb7,5f47ede75080c61345c5990b,4,,,,,,,,,,,,,,,,,,,,,,,,,,,,,,,,,,,,,,,,,,,,,,,,,,,,,,,,,,,,,,,,,,,,,,,1,0,1,0,1,,,,,,,,,,,,,,,,,,,,,,,,,,,,,,,,,,,,,,,,,,,,,,,,,,,,
,,,,,,,,,,,,5f08dafa392f74145122c0ee,13/10/1999,2020-08-27_18h40.23.296,proactive3.1,2020.1.2,Win32,60,5f47c29a48bd2a1e651a6eb7,5f47ede75080c61345c5990b,4,,,,,,,,,,,,,,,,,,,,,,,,,,,,,,,,,,,,,,,,,,,,,,,,,,,,,,,,,,,,,,,,,,,,,,,2,0,2,0,1,,,,,,,,,,,,,,,,,,,,,,,,,,,,,,,,,,,,,,,,,,,,,,,,,,,,
,,,,,,,,,,,,5f08dafa392f74145122c0ee,13/10/1999,2020-08-27_18h40.23.296,proactive3.1,2020.1.2,Win32,60,5f47c29a48bd2a1e651a6eb7,5f47ede75080c61345c5990b,4,,,,,,,,,,,,,,,,,,,,,,,,,,,,,,,,,,,,,,,,,,,,,,,,,,,,,,,,,,,,,,,,,,,,,,,,,,,,BRUSH,4.69946,0,FALSE,BUTTON,6.269215,2,FALSE,BULB,2.35011,1,FALSE,BOX,2.283375,3,FALSE,0,0,0,2,1,HEARTS,broom,stimuli/images/PICTURE_590.png,prac,BOOTH,lightbulb,stimuli/images/PICTURE_244.png,prac,PIZZA,box,stimuli/images/PICTURE_508.png,prac,TOWN,button,stimuli/images/PICTURE_64.png,prac,,,,,,,,,,,,,,,
,,,,,,,,,,,,5f08dafa392f74145122c0ee,13/10/1999,2020-08-27_18h40.23.296,proactive3.1,2020.1.2,Win32,60,5f47c29a48bd2a1e651a6eb7,5f47ede75080c61345c5990b,4,,,,,,,,,,,,,,,,,,,,,,,,,,,,,,,,,,,,,,,,,,stimuli/search/b.png,stimuli/search/t.png,stimuli/search/b.png,stimuli/search/t.png,stimuli/search/b.png,stimuli/search/l.png,stimuli/search/b.png,stimuli/search/t.png,"[-0.23833333333333334,0.384323725520604]","[-0.17833333333333334,0.3618287251228231]","[0.17833333333333334,0.3802157186873581]","[0.23833333333333334,0.3942671090904818]","[0.17833333333333334,-0.38588820404075735]","[0.23833333333333334,-0.3548992538721031]","[-0.23833333333333334,-0.40291624422962796]","[-0.17833333333333334,-0.3914965052932306]",0,0,,,,,,0.855005,0,0,0,0,1,,,,,,,,,,,,,,,,,,,,,,,,,,,,,,,,,,,,,,,,,,,,,,,,,,,,,,,,,
,,,,,,,,,,,,5f08dafa392f74145122c0ee,13/10/1999,2020-08-27_18h40.23.296,proactive3.1,2020.1.2,Win32,60,5f47c29a48bd2a1e651a6eb7,5f47ede75080c61345c5990b,4,,,,,,,,,,,,,,,,,,,,,,,,,,,,,,,,,,,,,,,,,,stimuli/search/b.png,stimuli/search/t.png,stimuli/search/b.png,stimuli/search/t.png,stimuli/search/b.png,stimuli/search/t.png,stimuli/search/l.png,stimuli/search/t.png,"[-0.23833333333333334,0.3327494313194229]","[-0.17833333333333334,0.3602733821027019]","[0.17833333333333334,0.37231473539512167]","[0.23833333333333334,0.34604259189879333]","[0.17833333333333334,-0.37052923717897635]","[0.23833333333333334,-0.38239532132296483]","[-0.23833333333333334,-0.4105538061349576]","[-0.17833333333333334,-0.3275662008947341]",0,1,,,,,,0.94763,1,0,1,0,1,,,,,,,,,,,,,,,,,,,,,,,,,,,,,,,,,,,,,,,,,,,,,,,,,,,,,,,,,
,,,,,,,,,,,,5f08dafa392f74145122c0ee,13/10/1999,2020-08-27_18h40.23.296,proactive3.1,2020.1.2,Win32,60,5f47c29a48bd2a1e651a6eb7,5f47ede75080c61345c5990b,4,,,,,,,,,,,,,,,,,,,,,,,,,,,,,,,,,,,,,,,,,,stimuli/search/b.png,stimuli/search/t.png,stimuli/search/t.png,stimuli/search/b.png,stimuli/search/r.png,stimuli/search/b.png,stimuli/search/b.png,stimuli/search/t.png,"[-0.23833333333333334,0.4113582684376414]","[-0.17833333333333334,0.3470086736136033]","[0.17833333333333334,0.3389753704904843]","[0.23833333333333334,0.325212793946152]","[0.17833333333333334,-0.33980049861336975]","[0.23833333333333334,-0.39928586087976686]","[-0.23833333333333334,-0.385411658782002]","[-0.17833333333333334,-0.3323490976503768]",1,0,,,,,,0.34918,2,0,2,0,1,,,,,,,,,,,,,,,,,,,,,,,,,,,,,,,,,,,,,,,,,,,,,,,,,,,,,,,,,
,,,,,,,,,,,,5f08dafa392f74145122c0ee,13/10/1999,2020-08-27_18h40.23.296,proactive3.1,2020.1.2,Win32,60,5f47c29a48bd2a1e651a6eb7,5f47ede75080c61345c5990b,4,,,,,,,,,,,,,,,,,,,,,,,,,,,,,,,,,,,,,,,,,,stimuli/search/t.png,stimuli/search/b.png,stimuli/search/t.png,stimuli/search/b.png,stimuli/search/b.png,stimuli/search/t.png,stimuli/search/r.png,stimuli/search/t.png,"[-0.23833333333333334,0.4109850087438132]","[-0.17833333333333334,0.3396779960305604]","[0.17833333333333334,0.3299923478411537]","[0.23833333333333334,0.3908206777196325]","[0.17833333333333334,-0.3925478915707973]","[0.23833333333333334,-0.3985719786522593]","[-0.23833333333333334,-0.3949187993300492]","[-0.17833333333333334,-0.3745759738575617]",1,0,,,,,,1.047665,3,0,3,0,1,,,,,,,,,,,,,,,,,,,,,,,,,,,,,,,,,,,,,,,,,,,,,,,,,,,,,,,,,
,,,,,,,,,,,,5f08dafa392f74145122c0ee,13/10/1999,2020-08-27_18h40.23.296,proactive3.1,2020.1.2,Win32,60,5f47c29a48bd2a1e651a6eb7,5f47ede75080c61345c5990b,4,,,,,,,,,,,,,,,,,,,,,,,,,,,,,,,,,,,,,,,,,,,,,,,,,,,,,,,,,,,,,,,,,,,,,,,0,0,0,0,1,,,,,,,,,,,,,,,,,,,,,,,,,,,,,,,,,,,,,,,,,,,,,,,,,,,,
,,,,,,,,,,,,5f08dafa392f74145122c0ee,13/10/1999,2020-08-27_18h40.23.296,proactive3.1,2020.1.2,Win32,60,5f47c29a48bd2a1e651a6eb7,5f47ede75080c61345c5990b,4,,,,,,,,,,,,,,,,,,,,,,,,,,,,,,,,,,,,,,,,,,,,,,,,,,,,,,,,,,,,,,,,,,,,,,,1,0,1,0,1,,,,,,,,,,,,,,,,,,,,,,,,,,,,,,,,,,,,,,,,,,,,,,,,,,,,
,,,,,,,,,,,,5f08dafa392f74145122c0ee,13/10/1999,2020-08-27_18h40.23.296,proactive3.1,2020.1.2,Win32,60,5f47c29a48bd2a1e651a6eb7,5f47ede75080c61345c5990b,4,,,,,,,,,,,,,,,,,,,,,,,,,,,,,,,,,,,,,,,,,,,,,,,,,,,,,,,,,,,,,,,,,,,,,,,2,0,2,0,1,,,,,,,,,,,,,,,,,,,,,,,,,,,,,,,,,,,,,,,,,,,,,,,,,,,,
,,,,,,,,,,,,5f08dafa392f74145122c0ee,13/10/1999,2020-08-27_18h40.23.296,proactive3.1,2020.1.2,Win32,60,5f47c29a48bd2a1e651a6eb7,5f47ede75080c61345c5990b,4,,,,,,,,,,,,,,,,,,,,,,,,,,,,,,,,,,,,,,,,,,,,,,,,,,,,,,,,,,,,,,,,,,,,,,,,,,,,CIGAR,5.484945,2,FALSE,SLIDE,6.369445,1,FALSE,KITE,2.967,3,FALSE,BADGE,3.81878,0,FALSE,0,1,1,1,1,SISTER,shield,stimuli/images/PICTURE_501.png,prac,BLOOD,sledge,stimuli/images/PICTURE_625.png,prac,PUNK,kite,stimuli/images/PICTURE_720.png,prac,BREATH,chalk,stimuli/images/PICTURE_622.png,prac,,,,,,,,,,,,,,,
,,,,,,,,,,,,5f08dafa392f74145122c0ee,13/10/1999,2020-08-27_18h40.23.296,proactive3.1,2020.1.2,Win32,60,5f47c29a48bd2a1e651a6eb7,5f47ede75080c61345c5990b,4,,,,,,,,,,,,,,,,,,,,,,,,,,,,,,,,,,,,,,,,,,stimuli/search/t.png,stimuli/search/r.png,stimuli/search/b.png,stimuli/search/t.png,stimuli/search/t.png,stimuli/search/b.png,stimuli/search/t.png,stimuli/search/b.png,"[-0.23833333333333334,0.4139112228641887]","[-0.17833333333333334,0.3414461455462728]","[0.17833333333333334,0.32512119012386587]","[0.23833333333333334,0.34516500246444104]","[0.17833333333333334,-0.33927691488393374]","[0.23833333333333334,-0.3980546319810754]","[-0.23833333333333334,-0.40416108561541086]","[-0.17833333333333334,-0.32763583259841206]",1,0,,,,,,1.133735,0,0,0,0,1,,,,,,,,,,,,,,,,,,,,,,,,,,,,,,,,,,,,,,,,,,,,,,,,,,,,,,,,,
,,,,,,,,,,,,5f08dafa392f74145122c0ee,13/10/1999,2020-08-27_18h40.23.296,proactive3.1,2020.1.2,Win32,60,5f47c29a48bd2a1e651a6eb7,5f47ede75080c61345c5990b,4,,,,,,,,,,,,,,,,,,,,,,,,,,,,,,,,,,,,,,,,,,stimuli/search/t.png,stimuli/search/b.png,stimuli/search/b.png,stimuli/search/t.png,stimuli/search/t.png,stimuli/search/b.png,stimuli/search/b.png,stimuli/search/r.png,"[-0.23833333333333334,0.3639814035697182]","[-0.17833333333333334,0.3302933836825047]","[0.17833333333333334,0.37961886536024747]","[0.23833333333333334,0.40565138874485845]","[0.17833333333333334,-0.37196435353062324]","[0.23833333333333334,-0.4137267712849547]","[-0.23833333333333334,-0.3537344172008548]","[-0.17833333333333334,-0.3705961203318713]",1,0,,,,,,1.85783,1,0,1,0,1,,,,,,,,,,,,,,,,,,,,,,,,,,,,,,,,,,,,,,,,,,,,,,,,,,,,,,,,,
,,,,,,,,,,,,5f08dafa392f74145122c0ee,13/10/1999,2020-08-27_18h40.23.296,proactive3.1,2020.1.2,Win32,60,5f47c29a48bd2a1e651a6eb7,5f47ede75080c61345c5990b,4,,,,,,,,,,,,,,,,,,,,,,,,,,,,,,,,,,,,,,,,,,stimuli/search/b.png,stimuli/search/t.png,stimuli/search/r.png,stimuli/search/b.png,stimuli/search/t.png,stimuli/search/b.png,stimuli/search/t.png,stimuli/search/b.png,"[-0.23833333333333334,0.3541543364407947]","[-0.17833333333333334,0.38236766429934665]","[0.17833333333333334,0.3812724893152044]","[0.23833333333333334,0.3473557917863151]","[0.17833333333333334,-0.41013726041165505]","[0.23833333333333334,-0.3421909704769379]","[-0.23833333333333334,-0.37638155958438324]","[-0.17833333333333334,-0.32767842083387144]",1,0,,,,,,1.91371,2,0,2,0,1,,,,,,,,,,,,,,,,,,,,,,,,,,,,,,,,,,,,,,,,,,,,,,,,,,,,,,,,,
,,,,,,,,,,,,5f08dafa392f74145122c0ee,13/10/1999,2020-08-27_18h40.23.296,proactive3.1,2020.1.2,Win32,60,5f47c29a48bd2a1e651a6eb7,5f47ede75080c61345c5990b,4,,,,,,,,,,,,,,,,,,,,,,,,,,,,,,,,,,,,,,,,,,stimuli/search/r.png,stimuli/search/t.png,stimuli/search/b.png,stimuli/search/t.png,stimuli/search/b.png,stimuli/search/t.png,stimuli/search/b.png,stimuli/search/t.png,"[-0.23833333333333334,0.3864322850789383]","[-0.17833333333333334,0.35218093289297625]","[0.17833333333333334,0.382669330504099]","[0.23833333333333334,0.3299497207455898]","[0.17833333333333334,-0.34812733779904087]","[0.23833333333333334,-0.33757132265136813]","[-0.23833333333333334,-0.4079752279013524]","[-0.17833333333333334,-0.39084807677730227]",1,0,,,,,,1.95492,3,0,3,0,1,,,,,,,,,,,,,,,,,,,,,,,,,,,,,,,,,,,,,,,,,,,,,,,,,,,,,,,,,
,,,,,,,,,,,,5f08dafa392f74145122c0ee,13/10/1999,2020-08-27_18h40.23.296,proactive3.1,2020.1.2,Win32,60,5f47c29a48bd2a1e651a6eb7,5f47ede75080c61345c5990b,4,,,,,,,,,,,,,,,,,,,,,,,,,,,,,,,,,,,,,,,,,,,,,,,,,,,,,,,,,,,,,,,,,,,,,,,0,0,0,0,1,,,,,,,,,,,,,,,,,,,,,,,,,,,,,,,,,,,,,,,,,,,,,,,,,,,,
,,,,,,,,,,,,5f08dafa392f74145122c0ee,13/10/1999,2020-08-27_18h40.23.296,proactive3.1,2020.1.2,Win32,60,5f47c29a48bd2a1e651a6eb7,5f47ede75080c61345c5990b,4,,,,,,,,,,,,,,,,,,,,,,,,,,,,,,,,,,,,,,,,,,,,,,,,,,,,,,,,,,,,,,,,,,,,,,,1,0,1,0,1,,,,,,,,,,,,,,,,,,,,,,,,,,,,,,,,,,,,,,,,,,,,,,,,,,,,
,,,,,,,,,,,,5f08dafa392f74145122c0ee,13/10/1999,2020-08-27_18h40.23.296,proactive3.1,2020.1.2,Win32,60,5f47c29a48bd2a1e651a6eb7,5f47ede75080c61345c5990b,4,,,,,,,,,,,,,,,,,,,,,,,,,,,,,,,,,,,,,,,,,,,,,,,,,,,,,,,,,,,,,,,,,,,,,,,2,0,2,0,1,,,,,,,,,,,,,,,,,,,,,,,,,,,,,,,,,,,,,,,,,,,,,,,,,,,,
,,,,,,,,,,,,5f08dafa392f74145122c0ee,13/10/1999,2020-08-27_18h40.23.296,proactive3.1,2020.1.2,Win32,60,5f47c29a48bd2a1e651a6eb7,5f47ede75080c61345c5990b,4,,,,,,,,,,,,,,,,,,,,,,,,,,,,,,,,,,,,,,,,,,,,,,,,,,,,,,,,,,,,,,,,,,,,,,,,,,,,WORD,4.184055,2,TRUE,WORK,3.450745,1,FALSE,FATE,2.099955,3,TRUE,TRUCK,2.6181,0,FALSE,0,2,2,0,1,DESK,truck,stimuli/images/PICTURE_535.png,prac,EARS,briefcase,stimuli/images/PICTURE_615.png,prac,FATE,dragon,stimuli/images/PICTURE_111.png,prac,WORD,lettuce,stimuli/images/PICTURE_592.png,prac,,,,,,,,,,,,,,,
,,,,,,,,,,,,5f08dafa392f74145122c0ee,13/10/1999,2020-08-27_18h40.23.296,proactive3.1,2020.1.2,Win32,60,5f47c29a48bd2a1e651a6eb7,5f47ede75080c61345c5990b,4,,,,,,,,,,,,,,,,,,,,,,,,,,,,,,,,,,,,,,,,,,stimuli/search/b.png,stimuli/search/t.png,stimuli/search/t.png,stimuli/search/l.png,stimuli/search/b.png,stimuli/search/t.png,stimuli/search/b.png,stimuli/search/t.png,"[-0.23833333333333334,0.37946410325603125]","[-0.17833333333333334,0.41115872099116463]","[0.17833333333333334,0.36875571573550947]","[0.23833333333333334,0.3480479669706948]","[0.17833333333333334,-0.362971322891747]","[0.23833333333333334,-0.32746245388579553]","[-0.23833333333333334,-0.3313750464451855]","[-0.17833333333333334,-0.36446220633506854]",0,0,,,,,,1.65012,,,,,,,,,,,,,,,,,,,,,,,,,,,,,,,,,,,,,,,,,,,,,,,,0,0,0,0,1,,,,,,,,,,
,,,,,,,,,,,,5f08dafa392f74145122c0ee,13/10/1999,2020-08-27_18h40.23.296,proactive3.1,2020.1.2,Win32,60,5f47c29a48bd2a1e651a6eb7,5f47ede75080c61345c5990b,4,,,,,,,,,,,,,,,,,,,,,,,,,,,,,,,,,,,,,,,,,,stimuli/search/t.png,stimuli/search/b.png,stimuli/search/b.png,stimuli/search/l.png,stimuli/search/b.png,stimuli/search/t.png,stimuli/search/b.png,stimuli/search/t.png,"[-0.23833333333333334,0.3673504997441916]","[-0.17833333333333334,0.4016382520258117]","[0.17833333333333334,0.3758726025336029]","[0.23833333333333334,0.35136141751830113]","[0.17833333333333334,-0.3817089275477577]","[0.23833333333333334,-0.4092260956892983]","[-0.23833333333333334,-0.33054328660279814]","[-0.17833333333333334,-0.3949208124921255]",0,0,,,,,,0.80132,,,,,,,,,,,,,,,,,,,,,,,,,,,,,,,,,,,,,,,,,,,,,,,,1,0,1,0,1,,,,,,,,,,
,,,,,,,,,,,,5f08dafa392f74145122c0ee,13/10/1999,2020-08-27_18h40.23.296,proactive3.1,2020.1.2,Win32,60,5f47c29a48bd2a1e651a6eb7,5f47ede75080c61345c5990b,4,,,,,,,,,,,,,,,,,,,,,,,,,,,,,,,,,,,,,,,,,,stimuli/search/t.png,stimuli/search/b.png,stimuli/search/b.png,stimuli/search/t.png,stimuli/search/t.png,stimuli/search/l.png,stimuli/search/t.png,stimuli/search/b.png,"[-0.23833333333333334,0.34006970612671117]","[-0.17833333333333334,0.3875737536934566]","[0.17833333333333334,0.41126434219037244]","[0.23833333333333334,0.39116131562360706]","[0.17833333333333334,-0.3387907134279513]","[0.23833333333333334,-0.3845513126671365]","[-0.23833333333333334,-0.3961894608475188]","[-0.17833333333333334,-0.3536418726420931]",0,1,,,,,,1.2128,,,,,,,,,,,,,,,,,,,,,,,,,,,,,,,,,,,,,,,,,,,,,,,,2,0,2,0,1,,,,,,,,,,
,,,,,,,,,,,,5f08dafa392f74145122c0ee,13/10/1999,2020-08-27_18h40.23.296,proactive3.1,2020.1.2,Win32,60,5f47c29a48bd2a1e651a6eb7,5f47ede75080c61345c5990b,4,,,,,,,,,,,,,,,,,,,,,,,,,,,,,,,,,,,,,,,,,,stimuli/search/b.png,stimuli/search/t.png,stimuli/search/t.png,stimuli/search/b.png,stimuli/search/t.png,stimuli/search/b.png,stimuli/search/t.png,stimuli/search/r.png,"[-0.23833333333333334,0.3797184962836182]","[-0.17833333333333334,0.40976993985092414]","[0.17833333333333334,0.34823196035455184]","[0.23833333333333334,0.3367218616557648]","[0.17833333333333334,-0.3975324632368521]","[0.23833333333333334,-0.39563102038073145]","[-0.23833333333333334,-0.3903044533757511]","[-0.17833333333333334,-0.39443887007593736]",1,1,,,,,,1.127945,,,,,,,,,,,,,,,,,,,,,,,,,,,,,,,,,,,,,,,,,,,,,,,,3,0,3,0,1,,,,,,,,,,
,,,,,,,,,,,,5f08dafa392f74145122c0ee,13/10/1999,2020-08-27_18h40.23.296,proactive3.1,2020.1.2,Win32,60,5f47c29a48bd2a1e651a6eb7,5f47ede75080c61345c5990b,4,,,,,,,,,,,,,,,,,,,,,,,,,,,,,,,,,,,,,,,,,,,,,,,,,,,,,,,,,,,,,,,,,,,,,,,,,,,,,,,,,,,,,,,,,,,,,,,,,,,,,,,,,,,,,,,,,,,,,,0,0,0,0,1,,,,,
,,,,,,,,,,,,5f08dafa392f74145122c0ee,13/10/1999,2020-08-27_18h40.23.296,proactive3.1,2020.1.2,Win32,60,5f47c29a48bd2a1e651a6eb7,5f47ede75080c61345c5990b,4,,,,,,,,,,,,,,,,,,,,,,,,,,,,,,,,,,,,,,,,,,,,,,,,,,,,,,,,,,,,,,,,,,,,,,,,,,,,,,,,,,,,,,,,,,,,,,,,,,,,,,,,,,,,,,,,,,,,,,1,0,1,0,1,,,,,
,,,,,,,,,,,,5f08dafa392f74145122c0ee,13/10/1999,2020-08-27_18h40.23.296,proactive3.1,2020.1.2,Win32,60,5f47c29a48bd2a1e651a6eb7,5f47ede75080c61345c5990b,4,,,,,,,,,,,,,,,,,,,,,,,,,,,,,,,,,,,,,,,,,,,,,,,,,,,,,,,,,,,,,,,,,,,,,,,,,,,,,,,,,,,,,,,,,,,,,,,,,,,,,,,,,,,,,,,,,,,,,,2,0,2,0,1,,,,,
,,,,,,,,,,,,5f08dafa392f74145122c0ee,13/10/1999,2020-08-27_18h40.23.296,proactive3.1,2020.1.2,Win32,60,5f47c29a48bd2a1e651a6eb7,5f47ede75080c61345c5990b,4,,,,,,,,,,,,,,,,,4,,,,,,,,,,,,,,,,,,,,,,,,,,,,,,,,,,,,,,,,,,,,,,,,,,,,,,,,,,,PILLS,7.636855,3,FALSE,POLICY,3.483925,1,FALSE,MONTHS,3.184985,2,FALSE,CASINO,5.33492,0,TRUE,,,,,,CASINO,motorbike,stimuli/images/PICTURE_470.png,match,PILLS,sunflower,stimuli/images/PICTURE_141.png,old-new,POLICY,candle,stimuli/images/PICTURE_68.png,mis-match,MONTH,calendar,stimuli/images/PICTURE_108.png,new-new,,,,,,,,,,,0,0,0,56,1
,,,,,,,,,,,,5f08dafa392f74145122c0ee,13/10/1999,2020-08-27_18h40.23.296,proactive3.1,2020.1.2,Win32,60,5f47c29a48bd2a1e651a6eb7,5f47ede75080c61345c5990b,4,,,,,,,,,,,,,,,,,,,,,,,,,,,,,,,,,,,,,,,,,,stimuli/search/b.png,stimuli/search/l.png,stimuli/search/t.png,stimuli/search/b.png,stimuli/search/b.png,stimuli/search/t.png,stimuli/search/t.png,stimuli/search/b.png,"[-0.23833333333333334,0.3307698285009756]","[-0.17833333333333334,0.3968513404388767]","[0.17833333333333334,0.3675223247755788]","[0.23833333333333334,0.34993032963844106]","[0.17833333333333334,-0.32773659828873136]","[0.23833333333333334,-0.36999394785790546]","[-0.23833333333333334,-0.41623870290775283]","[-0.17833333333333334,-0.3749049366163603]",0,,,,,,,,,,,,,,,,,,,,,,,,,,,,,,,,,,,,,,,,,,,,,,,,,,,,,,,0,0,0,0,1,,,,,,,,,,
,,,,,,,,,,,,5f08dafa392f74145122c0ee,13/10/1999,2020-08-27_18h40.23.296,proactive3.1,2020.1.2,Win32,60,5f47c29a48bd2a1e651a6eb7,5f47ede75080c61345c5990b,4,,,,,,,,,,,,,,,,,,,,,,,,,,,,,,,,,,,,,,,,,,stimuli/search/l.png,stimuli/search/b.png,stimuli/search/t.png,stimuli/search/b.png,stimuli/search/t.png,stimuli/search/b.png,stimuli/search/b.png,stimuli/search/t.png,"[-0.23833333333333334,0.3574485497531271]","[-0.17833333333333334,0.3267677024480858]","[0.17833333333333334,0.3311564498288885]","[0.23833333333333334,0.38509060626674757]","[0.17833333333333334,-0.3575317459596813]","[0.23833333333333334,-0.3741050030343609]","[-0.23833333333333334,-0.35990740732293053]","[-0.17833333333333334,-0.3629860395550545]",0,0,,,,,,1.822405,,,,,,,,,,,,,,,,,,,,,,,,,,,,,,,,,,,,,,,,,,,,,,,,1,0,1,0,1,,,,,,,,,,
,,,,,,,,,,,,5f08dafa392f74145122c0ee,13/10/1999,2020-08-27_18h40.23.296,proactive3.1,2020.1.2,Win32,60,5f47c29a48bd2a1e651a6eb7,5f47ede75080c61345c5990b,4,,,,,,,,,,,,,,,,,,,,,,,,,,,,,,,,,,,,,,,,,,stimuli/search/t.png,stimuli/search/b.png,stimuli/search/b.png,stimuli/search/t.png,stimuli/search/t.png,stimuli/search/r.png,stimuli/search/t.png,stimuli/search/b.png,"[-0.23833333333333334,0.3850148291023347]","[-0.17833333333333334,0.3630718113836301]","[0.17833333333333334,0.41594298108226263]","[0.23833333333333334,0.35445688567646627]","[0.17833333333333334,-0.3560837776748656]","[0.23833333333333334,-0.3555134353996784]","[-0.23833333333333334,-0.3382811800445546]","[-0.17833333333333334,-0.3987631241215339]",1,1,,,,,,0.934795,,,,,,,,,,,,,,,,,,,,,,,,,,,,,,,,,,,,,,,,,,,,,,,,2,0,2,0,1,,,,,,,,,,
,,,,,,,,,,,,5f08dafa392f74145122c0ee,13/10/1999,2020-08-27_18h40.23.296,proactive3.1,2020.1.2,Win32,60,5f47c29a48bd2a1e651a6eb7,5f47ede75080c61345c5990b,4,,,,,,,,,,,,,,,,,,,,,,,,,,,,,,,,,,,,,,,,,,stimuli/search/t.png,stimuli/search/b.png,stimuli/search/b.png,stimuli/search/t.png,stimuli/search/b.png,stimuli/search/r.png,stimuli/search/b.png,stimuli/search/t.png,"[-0.23833333333333334,0.3437185865535461]","[-0.17833333333333334,0.374588919693029]","[0.17833333333333334,0.37517167097035764]","[0.23833333333333334,0.39713798877204753]","[0.17833333333333334,-0.3421517218009406]","[0.23833333333333334,-0.3243371912035066]","[-0.23833333333333334,-0.4142452229608443]","[-0.17833333333333334,-0.37931082439690594]",1,0,,,,,,1.35374,,,,,,,,,,,,,,,,,,,,,,,,,,,,,,,,,,,,,,,,,,,,,,,,3,0,3,0,1,,,,,,,,,,
,,,,,,,,,,,,5f08dafa392f74145122c0ee,13/10/1999,2020-08-27_18h40.23.296,proactive3.1,2020.1.2,Win32,60,5f47c29a48bd2a1e651a6eb7,5f47ede75080c61345c5990b,4,,,,,,,,,,,,,,,,,,,,,,,,,,,,,,,,,,,,,,,,,,,,,,,,,,,,,,,,,,,,,,,,,,,,,,,,,,,,,,,,,,,,,,,,,,,,,,,,,,,,,,,,,,,,,,,,,,,,,,0,0,0,0,1,,,,,
,,,,,,,,,,,,5f08dafa392f74145122c0ee,13/10/1999,2020-08-27_18h40.23.296,proactive3.1,2020.1.2,Win32,60,5f47c29a48bd2a1e651a6eb7,5f47ede75080c61345c5990b,4,,,,,,,,,,,,,,,,,,,,,,,,,,,,,,,,,,,,,,,,,,,,,,,,,,,,,,,,,,,,,,,,,,,,,,,,,,,,,,,,,,,,,,,,,,,,,,,,,,,,,,,,,,,,,,,,,,,,,,1,0,1,0,1,,,,,
,,,,,,,,,,,,5f08dafa392f74145122c0ee,13/10/1999,2020-08-27_18h40.23.296,proactive3.1,2020.1.2,Win32,60,5f47c29a48bd2a1e651a6eb7,5f47ede75080c61345c5990b,4,,,,,,,,,,,,,,,,,,,,,,,,,,,,,,,,,,,,,,,,,,,,,,,,,,,,,,,,,,,,,,,,,,,,,,,,,,,,,,,,,,,,,,,,,,,,,,,,,,,,,,,,,,,,,,,,,,,,,,2,0,2,0,1,,,,,
,,,,,,,,,,,,5f08dafa392f74145122c0ee,13/10/1999,2020-08-27_18h40.23.296,proactive3.1,2020.1.2,Win32,60,5f47c29a48bd2a1e651a6eb7,5f47ede75080c61345c5990b,4,,,,,,,,,,,,,,,,,4,,,,,,,,,,,,,,,,,,,,,,,,,,,,,,,,,,,,,,,,,,,,,,,,,,,,,,,,,,,FLESH,3.733905,3,TRUE,WRITER,2.516855,1,TRUE,LOUD,6.202745,2,FALSE,RED,8.78813,0,FALSE,,,,,,TOILET,mushroom,stimuli/images/PICTURE_177.png,old-new,WRITER,cathedral,stimuli/images/PICTURE_403.png,match,FLESH,shovel,stimuli/images/PICTURE_255.png,new-new,HOUSE,microphone,stimuli/images/PICTURE_208.png,mis-match,,,,,,,,,,,0,1,1,48,1
,,,,,,,,,,,,5f08dafa392f74145122c0ee,13/10/1999,2020-08-27_18h40.23.296,proactive3.1,2020.1.2,Win32,60,5f47c29a48bd2a1e651a6eb7,5f47ede75080c61345c5990b,4,,,,,,,,,,,,,,,,,,,,,,,,,,,,,,,,,,,,,,,,,,stimuli/search/b.png,stimuli/search/t.png,stimuli/search/t.png,stimuli/search/b.png,stimuli/search/t.png,stimuli/search/l.png,stimuli/search/b.png,stimuli/search/t.png,"[-0.23833333333333334,0.34645401756250666]","[-0.17833333333333334,0.3409820829580547]","[0.17833333333333334,0.3805067190148798]","[0.23833333333333334,0.38515360878625193]","[0.17833333333333334,-0.40389474297947403]","[0.23833333333333334,-0.4136468456255506]","[-0.23833333333333334,-0.3862354397320734]","[-0.17833333333333334,-0.3806816975617341]",0,0,,,,,,1.41353,,,,,,,,,,,,,,,,,,,,,,,,,,,,,,,,,,,,,,,,,,,,,,,,0,0,0,0,1,,,,,,,,,,
,,,,,,,,,,,,5f08dafa392f74145122c0ee,13/10/1999,2020-08-27_18h40.23.296,proactive3.1,2020.1.2,Win32,60,5f47c29a48bd2a1e651a6eb7,5f47ede75080c61345c5990b,4,,,,,,,,,,,,,,,,,,,,,,,,,,,,,,,,,,,,,,,,,,stimuli/search/b.png,stimuli/search/r.png,stimuli/search/b.png,stimuli/search/t.png,stimuli/search/b.png,stimuli/search/t.png,stimuli/search/b.png,stimuli/search/t.png,"[-0.23833333333333334,0.39106820821693167]","[-0.17833333333333334,0.3494554227245905]","[0.17833333333333334,0.3867494839184716]","[0.23833333333333334,0.33952770071644]","[0.17833333333333334,-0.39057669270906503]","[0.23833333333333334,-0.3606090704068531]","[-0.23833333333333334,-0.3607067375445804]","[-0.17833333333333334,-0.4000424631693049]",1,1,,,,,,1.04679,,,,,,,,,,,,,,,,,,,,,,,,,,,,,,,,,,,,,,,,,,,,,,,,1,0,1,0,1,,,,,,,,,,
,,,,,,,,,,,,5f08dafa392f74145122c0ee,13/10/1999,2020-08-27_18h40.23.296,proactive3.1,2020.1.2,Win32,60,5f47c29a48bd2a1e651a6eb7,5f47ede75080c61345c5990b,4,,,,,,,,,,,,,,,,,,,,,,,,,,,,,,,,,,,,,,,,,,stimuli/search/t.png,stimuli/search/b.png,stimuli/search/b.png,stimuli/search/t.png,stimuli/search/l.png,stimuli/search/b.png,stimuli/search/b.png,stimuli/search/t.png,"[-0.23833333333333334,0.40581136082141606]","[-0.17833333333333334,0.3871552707265654]","[0.17833333333333334,0.3933375075938432]","[0.23833333333333334,0.3586083899528957]","[0.17833333333333334,-0.35387611708859507]","[0.23833333333333334,-0.33302447074745306]","[-0.23833333333333334,-0.36645526901601005]","[-0.17833333333333334,-0.3737673220287305]",0,0,,,,,,1.467405,,,,,,,,,,,,,,,,,,,,,,,,,,,,,,,,,,,,,,,,,,,,,,,,2,0,2,0,1,,,,,,,,,,
,,,,,,,,,,,,5f08dafa392f74145122c0ee,13/10/1999,2020-08-27_18h40.23.296,proactive3.1,2020.1.2,Win32,60,5f47c29a48bd2a1e651a6eb7,5f47ede75080c61345c5990b,4,,,,,,,,,,,,,,,,,,,,,,,,,,,,,,,,,,,,,,,,,,stimuli/search/t.png,stimuli/search/b.png,stimuli/search/b.png,stimuli/search/t.png,stimuli/search/l.png,stimuli/search/t.png,stimuli/search/b.png,stimuli/search/t.png,"[-0.23833333333333334,0.3715719024743051]","[-0.17833333333333334,0.3824020011408887]","[0.17833333333333334,0.35440081148417646]","[0.23833333333333334,0.32821200425017816]","[0.17833333333333334,-0.34910819918590547]","[0.23833333333333334,-0.38212166113881924]","[-0.23833333333333334,-0.33629525288140794]","[-0.17833333333333334,-0.361510943454268]",0,1,,,,,,0.34754,,,,,,,,,,,,,,,,,,,,,,,,,,,,,,,,,,,,,,,,,,,,,,,,3,0,3,0,1,,,,,,,,,,
,,,,,,,,,,,,5f08dafa392f74145122c0ee,13/10/1999,2020-08-27_18h40.23.296,proactive3.1,2020.1.2,Win32,60,5f47c29a48bd2a1e651a6eb7,5f47ede75080c61345c5990b,4,,,,,,,,,,,,,,,,,,,,,,,,,,,,,,,,,,,,,,,,,,,,,,,,,,,,,,,,,,,,,,,,,,,,,,,,,,,,,,,,,,,,,,,,,,,,,,,,,,,,,,,,,,,,,,,,,,,,,,0,0,0,0,1,,,,,
,,,,,,,,,,,,5f08dafa392f74145122c0ee,13/10/1999,2020-08-27_18h40.23.296,proactive3.1,2020.1.2,Win32,60,5f47c29a48bd2a1e651a6eb7,5f47ede75080c61345c5990b,4,,,,,,,,,,,,,,,,,,,,,,,,,,,,,,,,,,,,,,,,,,,,,,,,,,,,,,,,,,,,,,,,,,,,,,,,,,,,,,,,,,,,,,,,,,,,,,,,,,,,,,,,,,,,,,,,,,,,,,1,0,1,0,1,,,,,
,,,,,,,,,,,,5f08dafa392f74145122c0ee,13/10/1999,2020-08-27_18h40.23.296,proactive3.1,2020.1.2,Win32,60,5f47c29a48bd2a1e651a6eb7,5f47ede75080c61345c5990b,4,,,,,,,,,,,,,,,,,,,,,,,,,,,,,,,,,,,,,,,,,,,,,,,,,,,,,,,,,,,,,,,,,,,,,,,,,,,,,,,,,,,,,,,,,,,,,,,,,,,,,,,,,,,,,,,,,,,,,,2,0,2,0,1,,,,,
,,,,,,,,,,,,5f08dafa392f74145122c0ee,13/10/1999,2020-08-27_18h40.23.296,proactive3.1,2020.1.2,Win32,60,5f47c29a48bd2a1e651a6eb7,5f47ede75080c61345c5990b,4,,,,,,,,,,,,,,,,,4,,,,,,,,,,,,,,,,,,,,,,,,,,,,,,,,,,,,,,,,,,,,,,,,,,,,,,,,,,,WEAPON,3.983975,3,FALSE,DUDE,2.90032,0,TRUE,MOMENT,2.517945,2,TRUE,LIFE,4.569675,1,FALSE,,,,,,DUDE,skateboard,stimuli/images/PICTURE_93.png,old-new,HONEY,wheelbarrow,stimuli/images/PICTURE_160.png,new-new,APPLE,windmill,stimuli/images/PICTURE_675.png,mis-match,MOMENT,stamp,stimuli/images/PICTURE_57.png,match,,,,,,,,,,,0,2,2,54,1
,,,,,,,,,,,,5f08dafa392f74145122c0ee,13/10/1999,2020-08-27_18h40.23.296,proactive3.1,2020.1.2,Win32,60,5f47c29a48bd2a1e651a6eb7,5f47ede75080c61345c5990b,4,,,,,,,,,,,,,,,,,,,,,,,,,,,,,,,,,,,,,,,,,,stimuli/search/t.png,stimuli/search/b.png,stimuli/search/t.png,stimuli/search/b.png,stimuli/search/l.png,stimuli/search/t.png,stimuli/search/t.png,stimuli/search/b.png,"[-0.23833333333333334,0.3945538674883164]","[-0.17833333333333334,0.3253165962466609]","[0.17833333333333334,0.3752411493023899]","[0.23833333333333334,0.32783754385258795]","[0.17833333333333334,-0.34831646822421247]","[0.23833333333333334,-0.40174555919944005]","[-0.23833333333333334,-0.3628147083598028]","[-0.17833333333333334,-0.38282633788777715]",0,,,,,,,,,,,,,,,,,,,,,,,,,,,,,,,,,,,,,,,,,,,,,,,,,,,,,,,0,0,0,0,1,,,,,,,,,,
,,,,,,,,,,,,5f08dafa392f74145122c0ee,13/10/1999,2020-08-27_18h40.23.296,proactive3.1,2020.1.2,Win32,60,5f47c29a48bd2a1e651a6eb7,5f47ede75080c61345c5990b,4,,,,,,,,,,,,,,,,,,,,,,,,,,,,,,,,,,,,,,,,,,stimuli/search/r.png,stimuli/search/b.png,stimuli/search/b.png,stimuli/search/t.png,stimuli/search/b.png,stimuli/search/t.png,stimuli/search/b.png,stimuli/search/t.png,"[-0.23833333333333334,0.3528109336304247]","[-0.17833333333333334,0.41371066330073203]","[0.17833333333333334,0.41223334184371596]","[0.23833333333333334,0.38541762827337994]","[0.17833333333333334,-0.4162795320780546]","[0.23833333333333334,-0.3809857474003575]","[-0.23833333333333334,-0.38654654600527205]","[-0.17833333333333334,-0.3932600503655614]",1,,,,,,,,,,,,,,,,,,,,,,,,,,,,,,,,,,,,,,,,,,,,,,,,,,,,,,,1,0,1,0,1,,,,,,,,,,
,,,,,,,,,,,,5f08dafa392f74145122c0ee,13/10/1999,2020-08-27_18h40.23.296,proactive3.1,2020.1.2,Win32,60,5f47c29a48bd2a1e651a6eb7,5f47ede75080c61345c5990b,4,,,,,,,,,,,,,,,,,,,,,,,,,,,,,,,,,,,,,,,,,,stimuli/search/t.png,stimuli/search/b.png,stimuli/search/t.png,stimuli/search/b.png,stimuli/search/t.png,stimuli/search/b.png,stimuli/search/l.png,stimuli/search/t.png,"[-0.23833333333333334,0.3587794298108336]","[-0.17833333333333334,0.33191988127431865]","[0.17833333333333334,0.36420982777921557]","[0.23833333333333334,0.41200555403220335]","[0.17833333333333334,-0.392335995143683]","[0.23833333333333334,-0.40269192334023235]","[-0.23833333333333334,-0.3362468056093994]","[-0.17833333333333334,-0.37204197840239256]",0,,,,,,,,,,,,,,,,,,,,,,,,,,,,,,,,,,,,,,,,,,,,,,,,,,,,,,,2,0,2,0,1,,,,,,,,,,
,,,,,,,,,,,,5f08dafa392f74145122c0ee,13/10/1999,2020-08-27_18h40.23.296,proactive3.1,2020.1.2,Win32,60,5f47c29a48bd2a1e651a6eb7,5f47ede75080c61345c5990b,4,,,,,,,,,,,,,,,,,,,,,,,,,,,,,,,,,,,,,,,,,,stimuli/search/t.png,stimuli/search/l.png,stimuli/search/t.png,stimuli/search/b.png,stimuli/search/t.png,stimuli/search/b.png,stimuli/search/t.png,stimuli/search/b.png,"[-0.23833333333333334,0.3720153153766763]","[-0.17833333333333334,0.3953011211581263]","[0.17833333333333334,0.36672529629563]","[0.23833333333333334,0.4138944665060088]","[0.17833333333333334,-0.34350950545765147]","[0.23833333333333334,-0.40901838670285184]","[-0.23833333333333334,-0.3303145397043519]","[-0.17833333333333334,-0.3386127587079526]",0,,,,,,,,,,,,,,,,,,,,,,,,,,,,,,,,,,,,,,,,,,,,,,,,,,,,,,,3,0,3,0,1,,,,,,,,,,
,,,,,,,,,,,,5f08dafa392f74145122c0ee,13/10/1999,2020-08-27_18h40.23.296,proactive3.1,2020.1.2,Win32,60,5f47c29a48bd2a1e651a6eb7,5f47ede75080c61345c5990b,4,,,,,,,,,,,,,,,,,,,,,,,,,,,,,,,,,,,,,,,,,,,,,,,,,,,,,,,,,,,,,,,,,,,,,,,,,,,,,,,,,,,,,,,,,,,,,,,,,,,,,,,,,,,,,,,,,,,,,,0,0,0,0,1,,,,,
,,,,,,,,,,,,5f08dafa392f74145122c0ee,13/10/1999,2020-08-27_18h40.23.296,proactive3.1,2020.1.2,Win32,60,5f47c29a48bd2a1e651a6eb7,5f47ede75080c61345c5990b,4,,,,,,,,,,,,,,,,,,,,,,,,,,,,,,,,,,,,,,,,,,,,,,,,,,,,,,,,,,,,,,,,,,,,,,,,,,,,,,,,,,,,,,,,,,,,,,,,,,,,,,,,,,,,,,,,,,,,,,1,0,1,0,1,,,,,
,,,,,,,,,,,,5f08dafa392f74145122c0ee,13/10/1999,2020-08-27_18h40.23.296,proactive3.1,2020.1.2,Win32,60,5f47c29a48bd2a1e651a6eb7,5f47ede75080c61345c5990b,4,,,,,,,,,,,,,,,,,,,,,,,,,,,,,,,,,,,,,,,,,,,,,,,,,,,,,,,,,,,,,,,,,,,,,,,,,,,,,,,,,,,,,,,,,,,,,,,,,,,,,,,,,,,,,,,,,,,,,,2,0,2,0,1,,,,,
,,,,,,,,,,,,5f08dafa392f74145122c0ee,13/10/1999,2020-08-27_18h40.23.296,proactive3.1,2020.1.2,Win32,60,5f47c29a48bd2a1e651a6eb7,5f47ede75080c61345c5990b,4,,,,,,,,,,,,,,,,,1,,,,,,,,,,,,,,,,,,,,,,,,,,,,,,,,,,,,,,,,,,,,,,,,,,,,,,,,,,,?,0.001175,0,FALSE,?,0.00077,2,FALSE,?,0.000635,3,FALSE,?,0.00061,1,FALSE,,,,,,CASINO,watch,stimuli/images/PICTURE_452.png,mis-match,VALLEY,pencil,stimuli/images/PICTURE_654.png,match,RECORD,razor,stimuli/images/PICTURE_311.png,old-new,POLICY,skateboard,stimuli/images/PICTURE_93.png,new-new,,,,,,,,,,,0,3,3,9,1
,,,,,,,,,,,,5f08dafa392f74145122c0ee,13/10/1999,2020-08-27_18h40.23.296,proactive3.1,2020.1.2,Win32,60,5f47c29a48bd2a1e651a6eb7,5f47ede75080c61345c5990b,4,,,,,,,,,,,,,,,,,,,,,,,,,,,,,,,,,,,,,,,,,,stimuli/search/t.png,stimuli/search/b.png,stimuli/search/r.png,stimuli/search/t.png,stimuli/search/b.png,stimuli/search/t.png,stimuli/search/t.png,stimuli/search/b.png,"[-0.23833333333333334,0.4162981013149715]","[-0.17833333333333334,0.36457873835502574]","[0.17833333333333334,0.33044400670999874]","[0.23833333333333334,0.4142587491603038]","[0.17833333333333334,-0.4153328155423045]","[0.23833333333333334,-0.34481729467619243]","[-0.23833333333333334,-0.3378030773605491]","[-0.17833333333333334,-0.34465089572719]",1,,,,,,,,,,,,,,,,,,,,,,,,,,,,,,,,,,,,,,,,,,,,,,,,,,,,,,,0,0,0,0,1,,,,,,,,,,
,,,,,,,,,,,,5f08dafa392f74145122c0ee,13/10/1999,2020-08-27_18h40.23.296,proactive3.1,2020.1.2,Win32,60,5f47c29a48bd2a1e651a6eb7,5f47ede75080c61345c5990b,4,,,,,,,,,,,,,,,,,,,,,,,,,,,,,,,,,,,,,,,,,,stimuli/search/b.png,stimuli/search/t.png,stimuli/search/b.png,stimuli/search/t.png,stimuli/search/t.png,stimuli/search/b.png,stimuli/search/r.png,stimuli/search/b.png,"[-0.23833333333333334,0.3926263081399769]","[-0.17833333333333334,0.3445126072655491]","[0.17833333333333334,0.35948881273411615]","[0.23833333333333334,0.33207604095230614]","[0.17833333333333334,-0.35909645442992977]","[0.23833333333333334,-0.3981011136122534]","[-0.23833333333333334,-0.35229709321199043]","[-0.17833333333333334,-0.38635893735646065]",1,,,,,,,,,,,,,,,,,,,,,,,,,,,,,,,,,,,,,,,,,,,,,,,,,,,,,,,1,0,1,0,1,,,,,,,,,,
,,,,,,,,,,,,5f08dafa392f74145122c0ee,13/10/1999,2020-08-27_18h40.23.296,proactive3.1,2020.1.2,Win32,60,5f47c29a48bd2a1e651a6eb7,5f47ede75080c61345c5990b,4,,,,,,,,,,,,,,,,,,,,,,,,,,,,,,,,,,,,,,,,,,stimuli/search/b.png,stimuli/search/t.png,stimuli/search/b.png,stimuli/search/t.png,stimuli/search/b.png,stimuli/search/t.png,stimuli/search/b.png,stimuli/search/r.png,"[-0.23833333333333334,0.3330969306039155]","[-0.17833333333333334,0.3952205676536225]","[0.17833333333333334,0.3339936122336279]","[0.23833333333333334,0.3566648288021413]","[0.17833333333333334,-0.36595173001990167]","[0.23833333333333334,-0.3261977725336282]","[-0.23833333333333334,-0.40281093056351]","[-0.17833333333333334,-0.376733075500522]",1,,,,,,,,,,,,,,,,,,,,,,,,,,,,,,,,,,,,,,,,,,,,,,,,,,,,,,,2,0,2,0,1,,,,,,,,,,
,,,,,,,,,,,,5f08dafa392f74145122c0ee,13/10/1999,2020-08-27_18h40.23.296,proactive3.1,2020.1.2,Win32,60,5f47c29a48bd2a1e651a6eb7,5f47ede75080c61345c5990b,4,,,,,,,,,,,,,,,,,,,,,,,,,,,,,,,,,,,,,,,,,,stimuli/search/t.png,stimuli/search/b.png,stimuli/search/t.png,stimuli/search/r.png,stimuli/search/b.png,stimuli/search/t.png,stimuli/search/b.png,stimuli/search/t.png,"[-0.23833333333333334,0.40723691087986147]","[-0.17833333333333334,0.41590532801583335]","[0.17833333333333334,0.40790952858835394]","[0.23833333333333334,0.3629827908079397]","[0.17833333333333334,-0.35934017358044607]","[0.23833333333333334,-0.33096227160350794]","[-0.23833333333333334,-0.33225935408851215]","[-0.17833333333333334,-0.4102638665157482]",1,,,,,,,,,,,,,,,,,,,,,,,,,,,,,,,,,,,,,,,,,,,,,,,,,,,,,,,3,0,3,0,1,,,,,,,,,,
,,,,,,,,,,,,5f08dafa392f74145122c0ee,13/10/1999,2020-08-27_18h40.23.296,proactive3.1,2020.1.2,Win32,60,5f47c29a48bd2a1e651a6eb7,5f47ede75080c61345c5990b,4,,,,,,,,,,,,,,,,,,,,,,,,,,,,,,,,,,,,,,,,,,,,,,,,,,,,,,,,,,,,,,,,,,,,,,,,,,,,,,,,,,,,,,,,,,,,,,,,,,,,,,,,,,,,,,,,,,,,,,0,0,0,0,1,,,,,
,,,,,,,,,,,,5f08dafa392f74145122c0ee,13/10/1999,2020-08-27_18h40.23.296,proactive3.1,2020.1.2,Win32,60,5f47c29a48bd2a1e651a6eb7,5f47ede75080c61345c5990b,4,,,,,,,,,,,,,,,,,,,,,,,,,,,,,,,,,,,,,,,,,,,,,,,,,,,,,,,,,,,,,,,,,,,,,,,,,,,,,,,,,,,,,,,,,,,,,,,,,,,,,,,,,,,,,,,,,,,,,,1,0,1,0,1,,,,,
,,,,,,,,,,,,5f08dafa392f74145122c0ee,13/10/1999,2020-08-27_18h40.23.296,proactive3.1,2020.1.2,Win32,60,5f47c29a48bd2a1e651a6eb7,5f47ede75080c61345c5990b,4,,,,,,,,,,,,,,,,,,,,,,,,,,,,,,,,,,,,,,,,,,,,,,,,,,,,,,,,,,,,,,,,,,,,,,,,,,,,,,,,,,,,,,,,,,,,,,,,,,,,,,,,,,,,,,,,,,,,,,2,0,2,0,1,,,,,
,,,,,,,,,,,,5f08dafa392f74145122c0ee,13/10/1999,2020-08-27_18h40.23.296,proactive3.1,2020.1.2,Win32,60,5f47c29a48bd2a1e651a6eb7,5f47ede75080c61345c5990b,4,,,,,,,,,,,,,,,,,2,,,,,,,,,,,,,,,,,,,,,,,,,,,,,,,,,,,,,,,,,,,,,,,,,,,,,,,,,,,?,0.000715,0,FALSE,?,0.00096,2,FALSE,?,0.0011,3,FALSE,?,0.00088,1,FALSE,,,,,,SAKE,ring,stimuli/images/PICTURE_744.png,match,APPLE,stool,stimuli/images/PICTURE_469.png,old-new,SPEECH,pear,stimuli/images/PICTURE_42.png,new-new,CASINO,map,stimuli/images/PICTURE_677.png,mis-match,,,,,,,,,,,0,4,4,21,1
,,,,,,,,,,,,5f08dafa392f74145122c0ee,13/10/1999,2020-08-27_18h40.23.296,proactive3.1,2020.1.2,Win32,60,5f47c29a48bd2a1e651a6eb7,5f47ede75080c61345c5990b,4,,,,,,,,,,,,,,,,,,,,,,,,,,,,,,,,,,,,,,,,,,stimuli/search/b.png,stimuli/search/t.png,stimuli/search/b.png,stimuli/search/l.png,stimuli/search/t.png,stimuli/search/b.png,stimuli/search/t.png,stimuli/search/b.png,"[-0.23833333333333334,0.32493534243718025]","[-0.17833333333333334,0.38042199575153335]","[0.17833333333333334,0.3352579284537866]","[0.23833333333333334,0.3583049027416005]","[0.17833333333333334,-0.39599247872890375]","[0.23833333333333334,-0.40580817521449714]","[-0.23833333333333334,-0.3747748504808091]","[-0.17833333333333334,-0.3876285095715777]",0,,,,,,,,,,,,,,,,,,,,,,,,,,,,,,,,,,,,,,,,,,,,,,,,,,,,,,,0,0,0,0,1,,,,,,,,,,
,,,,,,,,,,,,5f08dafa392f74145122c0ee,13/10/1999,2020-08-27_18h40.23.296,proactive3.1,2020.1.2,Win32,60,5f47c29a48bd2a1e651a6eb7,5f47ede75080c61345c5990b,4,,,,,,,,,,,,,,,,,,,,,,,,,,,,,,,,,,,,,,,,,,stimuli/search/b.png,stimuli/search/t.png,stimuli/search/l.png,stimuli/search/t.png,stimuli/search/b.png,stimuli/search/t.png,stimuli/search/t.png,stimuli/search/b.png,"[-0.23833333333333334,0.3402000676903123]","[-0.17833333333333334,0.3306766437566365]","[0.17833333333333334,0.41182853041775463]","[0.23833333333333334,0.3529832738891851]","[0.17833333333333334,-0.3421414314316614]","[0.23833333333333334,-0.36068213618737516]","[-0.23833333333333334,-0.4086179746979204]","[-0.17833333333333334,-0.40858469326788505]",0,,,,,,,,,,,,,,,,,,,,,,,,,,,,,,,,,,,,,,,,,,,,,,,,,,,,,,,1,0,1,0,1,,,,,,,,,,
,,,,,,,,,,,,5f08dafa392f74145122c0ee,13/10/1999,2020-08-27_18h40.23.296,proactive3.1,2020.1.2,Win32,60,5f47c29a48bd2a1e651a6eb7,5f47ede75080c61345c5990b,4,,,,,,,,,,,,,,,,,,,,,,,,,,,,,,,,,,,,,,,,,,stimuli/search/t.png,stimuli/search/b.png,stimuli/search/b.png,stimuli/search/t.png,stimuli/search/t.png,stimuli/search/l.png,stimuli/search/b.png,stimuli/search/t.png,"[-0.23833333333333334,0.35526502150361167]","[-0.17833333333333334,0.41583536473482574]","[0.17833333333333334,0.34542181224262514]","[0.23833333333333334,0.34931054135831346]","[0.17833333333333334,-0.3462203213974305]","[0.23833333333333334,-0.39548067315723895]","[-0.23833333333333334,-0.3758369461407166]","[-0.17833333333333334,-0.41617770361561585]",0,,,,,,,,,,,,,,,,,,,,,,,,,,,,,,,,,,,,,,,,,,,,,,,,,,,,,,,2,0,2,0,1,,,,,,,,,,
,,,,,,,,,,,,5f08dafa392f74145122c0ee,13/10/1999,2020-08-27_18h40.23.296,proactive3.1,2020.1.2,Win32,60,5f47c29a48bd2a1e651a6eb7,5f47ede75080c61345c5990b,4,,,,,,,,,,,,,,,,,,,,,,,,,,,,,,,,,,,,,,,,,,stimuli/search/b.png,stimuli/search/r.png,stimuli/search/t.png,stimuli/search/b.png,stimuli/search/t.png,stimuli/search/b.png,stimuli/search/b.png,stimuli/search/t.png,"[-0.23833333333333334,0.3785967238443254]","[-0.17833333333333334,0.34311740393193496]","[0.17833333333333334,0.40381696434974207]","[0.23833333333333334,0.4005432695054595]","[0.17833333333333334,-0.375906984551806]","[0.23833333333333334,-0.3683108655339435]","[-0.23833333333333334,-0.34658499252853436]","[-0.17833333333333334,-0.4005494545062338]",1,,,,,,,,,,,,,,,,,,,,,,,,,,,,,,,,,,,,,,,,,,,,,,,,,,,,,,,3,0,3,0,1,,,,,,,,,,
,,,,,,,,,,,,5f08dafa392f74145122c0ee,13/10/1999,2020-08-27_18h40.23.296,proactive3.1,2020.1.2,Win32,60,5f47c29a48bd2a1e651a6eb7,5f47ede75080c61345c5990b,4,,,,,,,,,,,,,,,,,,,,,,,,,,,,,,,,,,,,,,,,,,,,,,,,,,,,,,,,,,,,,,,,,,,,,,,,,,,,,,,,,,,,,,,,,,,,,,,,,,,,,,,,,,,,,,,,,,,,,,0,0,0,0,1,,,,,
,,,,,,,,,,,,5f08dafa392f74145122c0ee,13/10/1999,2020-08-27_18h40.23.296,proactive3.1,2020.1.2,Win32,60,5f47c29a48bd2a1e651a6eb7,5f47ede75080c61345c5990b,4,,,,,,,,,,,,,,,,,,,,,,,,,,,,,,,,,,,,,,,,,,,,,,,,,,,,,,,,,,,,,,,,,,,,,,,,,,,,,,,,,,,,,,,,,,,,,,,,,,,,,,,,,,,,,,,,,,,,,,1,0,1,0,1,,,,,
,,,,,,,,,,,,5f08dafa392f74145122c0ee,13/10/1999,2020-08-27_18h40.23.296,proactive3.1,2020.1.2,Win32,60,5f47c29a48bd2a1e651a6eb7,5f47ede75080c61345c5990b,4,,,,,,,,,,,,,,,,,,,,,,,,,,,,,,,,,,,,,,,,,,,,,,,,,,,,,,,,,,,,,,,,,,,,,,,,,,,,,,,,,,,,,,,,,,,,,,,,,,,,,,,,,,,,,,,,,,,,,,2,0,2,0,1,,,,,
,,,,,,,,,,,,5f08dafa392f74145122c0ee,13/10/1999,2020-08-27_18h40.23.296,proactive3.1,2020.1.2,Win32,60,5f47c29a48bd2a1e651a6eb7,5f47ede75080c61345c5990b,4,,,,,,,,,,,,,,,,,1,,,,,,,,,,,,,,,,,,,,,,,,,,,,,,,,,,,,,,,,,,,,,,,,,,,,,,,,,,,?,0.001355,1,FALSE,?,0.000885,2,FALSE,?,0.000985,3,FALSE,?,0.00098,0,FALSE,,,,,,GLASS,aeroplane,stimuli/images/PICTURE_297.png,new-new,PILLS,ring,stimuli/images/PICTURE_744.png,new-new,DEMON,mirror,stimuli/images/PICTURE_340.png,new-new,ESTATE,salt,stimuli/images/PICTURE_233.png,new-new,,,,,,,,,,,0,5,5,12,1
,,,,,,,,,,,,5f08dafa392f74145122c0ee,13/10/1999,2020-08-27_18h40.23.296,proactive3.1,2020.1.2,Win32,60,5f47c29a48bd2a1e651a6eb7,5f47ede75080c61345c5990b,4,,,,,,,,,,,,,,,,,,,,,,,,,,,,,,,,,,,,,,,,,,stimuli/search/t.png,stimuli/search/r.png,stimuli/search/b.png,stimuli/search/t.png,stimuli/search/b.png,stimuli/search/t.png,stimuli/search/b.png,stimuli/search/t.png,"[-0.23833333333333334,0.39890711765108083]","[-0.17833333333333334,0.3345840920343326]","[0.17833333333333334,0.33644175781372876]","[0.23833333333333334,0.3307899897457252]","[0.17833333333333334,-0.37127993853362273]","[0.23833333333333334,-0.3821791470805239]","[-0.23833333333333334,-0.41612098136364156]","[-0.17833333333333334,-0.37951247854998055]",1,,,,,,,,,,,,,,,,,,,,,,,,,,,,,,,,,,,,,,,,,,,,,,,,,,,,,,,0,0,0,0,1,,,,,,,,,,
,,,,,,,,,,,,5f08dafa392f74145122c0ee,13/10/1999,2020-08-27_18h40.23.296,proactive3.1,2020.1.2,Win32,60,5f47c29a48bd2a1e651a6eb7,5f47ede75080c61345c5990b,4,,,,,,,,,,,,,,,,,,,,,,,,,,,,,,,,,,,,,,,,,,stimuli/search/r.png,stimuli/search/t.png,stimuli/search/t.png,stimuli/search/b.png,stimuli/search/t.png,stimuli/search/b.png,stimuli/search/b.png,stimuli/search/t.png,"[-0.23833333333333334,0.32843126628691643]","[-0.17833333333333334,0.3332193525994452]","[0.17833333333333334,0.32503742934548785]","[0.23833333333333334,0.38484647691084095]","[0.17833333333333334,-0.3545830055203718]","[0.23833333333333334,-0.37132282538192896]","[-0.23833333333333334,-0.3970935519886896]","[-0.17833333333333334,-0.3617449612937669]",1,,,,,,,,,,,,,,,,,,,,,,,,,,,,,,,,,,,,,,,,,,,,,,,,,,,,,,,1,0,1,0,1,,,,,,,,,,
,,,,,,,,,,,,5f08dafa392f74145122c0ee,13/10/1999,2020-08-27_18h40.23.296,proactive3.1,2020.1.2,Win32,60,5f47c29a48bd2a1e651a6eb7,5f47ede75080c61345c5990b,4,,,,,,,,,,,,,,,,,,,,,,,,,,,,,,,,,,,,,,,,,,stimuli/search/t.png,stimuli/search/b.png,stimuli/search/t.png,stimuli/search/b.png,stimuli/search/t.png,stimuli/search/r.png,stimuli/search/t.png,stimuli/search/b.png,"[-0.23833333333333334,0.3557060909318131]","[-0.17833333333333334,0.38385835850619776]","[0.17833333333333334,0.3713050062957909]","[0.23833333333333334,0.376413656354568]","[0.17833333333333334,-0.3508049521099968]","[0.23833333333333334,-0.33914282568594195]","[-0.23833333333333334,-0.3774408069415584]","[-0.17833333333333334,-0.3839166801804286]",1,,,,,,,,,,,,,,,,,,,,,,,,,,,,,,,,,,,,,,,,,,,,,,,,,,,,,,,2,0,2,0,1,,,,,,,,,,
,,,,,,,,,,,,5f08dafa392f74145122c0ee,13/10/1999,2020-08-27_18h40.23.296,proactive3.1,2020.1.2,Win32,60,5f47c29a48bd2a1e651a6eb7,5f47ede75080c61345c5990b,4,,,,,,,,,,,,,,,,,,,,,,,,,,,,,,,,,,,,,,,,,,stimuli/search/b.png,stimuli/search/t.png,stimuli/search/t.png,stimuli/search/l.png,stimuli/search/t.png,stimuli/search/b.png,stimuli/search/b.png,stimuli/search/t.png,"[-0.23833333333333334,0.3518531976144368]","[-0.17833333333333334,0.38994410264977714]","[0.17833333333333334,0.36789336921837174]","[0.23833333333333334,0.3510444074324125]","[0.17833333333333334,-0.35950651050215404]","[0.23833333333333334,-0.36751213732740556]","[-0.23833333333333334,-0.3275614879730432]","[-0.17833333333333334,-0.32892968070367407]",0,,,,,,,,,,,,,,,,,,,,,,,,,,,,,,,,,,,,,,,,,,,,,,,,,,,,,,,3,0,3,0,1,,,,,,,,,,
,,,,,,,,,,,,5f08dafa392f74145122c0ee,13/10/1999,2020-08-27_18h40.23.296,proactive3.1,2020.1.2,Win32,60,5f47c29a48bd2a1e651a6eb7,5f47ede75080c61345c5990b,4,,,,,,,,,,,,,,,,,,,,,,,,,,,,,,,,,,,,,,,,,,,,,,,,,,,,,,,,,,,,,,,,,,,,,,,,,,,,,,,,,,,,,,,,,,,,,,,,,,,,,,,,,,,,,,,,,,,,,,0,0,0,0,1,,,,,
,,,,,,,,,,,,5f08dafa392f74145122c0ee,13/10/1999,2020-08-27_18h40.23.296,proactive3.1,2020.1.2,Win32,60,5f47c29a48bd2a1e651a6eb7,5f47ede75080c61345c5990b,4,,,,,,,,,,,,,,,,,,,,,,,,,,,,,,,,,,,,,,,,,,,,,,,,,,,,,,,,,,,,,,,,,,,,,,,,,,,,,,,,,,,,,,,,,,,,,,,,,,,,,,,,,,,,,,,,,,,,,,1,0,1,0,1,,,,,
,,,,,,,,,,,,5f08dafa392f74145122c0ee,13/10/1999,2020-08-27_18h40.23.296,proactive3.1,2020.1.2,Win32,60,5f47c29a48bd2a1e651a6eb7,5f47ede75080c61345c5990b,4,,,,,,,,,,,,,,,,,,,,,,,,,,,,,,,,,,,,,,,,,,,,,,,,,,,,,,,,,,,,,,,,,,,,,,,,,,,,,,,,,,,,,,,,,,,,,,,,,,,,,,,,,,,,,,,,,,,,,,2,0,2,0,1,,,,,
,,,,,,,,,,,,5f08dafa392f74145122c0ee,13/10/1999,2020-08-27_18h40.23.296,proactive3.1,2020.1.2,Win32,60,5f47c29a48bd2a1e651a6eb7,5f47ede75080c61345c5990b,4,,,,,,,,,,,,,,,,,2,,,,,,,,,,,,,,,,,,,,,,,,,,,,,,,,,,,,,,,,,,,,,,,,,,,,,,,,,,,?,0.00087,1,FALSE,?,0.00069,0,FALSE,?,0.00074,2,FALSE,?,0.00065,3,FALSE,,,,,,LEADER,helmet,stimuli/images/PICTURE_327.png,match,SHOTS,scissors,stimuli/images/PICTURE_453.png,new-new,LIFE,razor,stimuli/images/PICTURE_311.png,old-new,CLIENT,carrot,stimuli/images/PICTURE_285.png,mis-match,,,,,,,,,,,0,6,6,17,1
,,,,,,,,,,,,5f08dafa392f74145122c0ee,13/10/1999,2020-08-27_18h40.23.296,proactive3.1,2020.1.2,Win32,60,5f47c29a48bd2a1e651a6eb7,5f47ede75080c61345c5990b,4,,,,,,,,,,,,,,,,,,,,,,,,,,,,,,,,,,,,,,,,,,stimuli/search/t.png,stimuli/search/b.png,stimuli/search/t.png,stimuli/search/l.png,stimuli/search/b.png,stimuli/search/t.png,stimuli/search/t.png,stimuli/search/b.png,"[-0.23833333333333334,0.341407038528234]","[-0.17833333333333334,0.3919653434794893]","[0.17833333333333334,0.36781396201314176]","[0.23833333333333334,0.3428546033091236]","[0.17833333333333334,-0.35945665124004855]","[0.23833333333333334,-0.3549591811225542]","[-0.23833333333333334,-0.34360746824278343]","[-0.17833333333333334,-0.3415872330539696]",0,0,,,,,,1.819235,,,,,,,,,,,,,,,,,,,,,,,,,,,,,,,,,,,,,,,,,,,,,,,,0,0,0,0,1,,,,,,,,,,
,,,,,,,,,,,,5f08dafa392f74145122c0ee,13/10/1999,2020-08-27_18h40.23.296,proactive3.1,2020.1.2,Win32,60,5f47c29a48bd2a1e651a6eb7,5f47ede75080c61345c5990b,4,,,,,,,,,,,,,,,,,,,,,,,,,,,,,,,,,,,,,,,,,,stimuli/search/b.png,stimuli/search/t.png,stimuli/search/r.png,stimuli/search/b.png,stimuli/search/b.png,stimuli/search/t.png,stimuli/search/t.png,stimuli/search/b.png,"[-0.23833333333333334,0.41517599814262995]","[-0.17833333333333334,0.38108130412555685]","[0.17833333333333334,0.40669915705769677]","[0.23833333333333334,0.3590829085466645]","[0.17833333333333334,-0.38227641486898184]","[0.23833333333333334,-0.3272602197006996]","[-0.23833333333333334,-0.34320620343945846]","[-0.17833333333333334,-0.4014632780242143]",1,1,,,,,,0.93606,,,,,,,,,,,,,,,,,,,,,,,,,,,,,,,,,,,,,,,,,,,,,,,,1,0,1,0,1,,,,,,,,,,
,,,,,,,,,,,,5f08dafa392f74145122c0ee,13/10/1999,2020-08-27_18h40.23.296,proactive3.1,2020.1.2,Win32,60,5f47c29a48bd2a1e651a6eb7,5f47ede75080c61345c5990b,4,,,,,,,,,,,,,,,,,,,,,,,,,,,,,,,,,,,,,,,,,,stimuli/search/t.png,stimuli/search/b.png,stimuli/search/b.png,stimuli/search/r.png,stimuli/search/t.png,stimuli/search/b.png,stimuli/search/t.png,stimuli/search/b.png,"[-0.23833333333333334,0.3549528445548851]","[-0.17833333333333334,0.41660794353123454]","[0.17833333333333334,0.3665350153208182]","[0.23833333333333334,0.3463861426275495]","[0.17833333333333334,-0.36840114577068467]","[0.23833333333333334,-0.40898563435083674]","[-0.23833333333333334,-0.34020064291421276]","[-0.17833333333333334,-0.41285860878250863]",1,0,,,,,,1.73907,,,,,,,,,,,,,,,,,,,,,,,,,,,,,,,,,,,,,,,,,,,,,,,,2,0,2,0,1,,,,,,,,,,
,,,,,,,,,,,,5f08dafa392f74145122c0ee,13/10/1999,2020-08-27_18h40.23.296,proactive3.1,2020.1.2,Win32,60,5f47c29a48bd2a1e651a6eb7,5f47ede75080c61345c5990b,4,,,,,,,,,,,,,,,,,,,,,,,,,,,,,,,,,,,,,,,,,,stimuli/search/b.png,stimuli/search/t.png,stimuli/search/b.png,stimuli/search/t.png,stimuli/search/l.png,stimuli/search/t.png,stimuli/search/b.png,stimuli/search/t.png,"[-0.23833333333333334,0.3604301670123356]","[-0.17833333333333334,0.33903175825273524]","[0.17833333333333334,0.37077122375610466]","[0.23833333333333334,0.3655708313748731]","[0.17833333333333334,-0.32929648762838737]","[0.23833333333333334,-0.3759564032891294]","[-0.23833333333333334,-0.33648205995999664]","[-0.17833333333333334,-0.3259933354893403]",0,1,,,,,,1.002935,,,,,,,,,,,,,,,,,,,,,,,,,,,,,,,,,,,,,,,,,,,,,,,,3,0,3,0,1,,,,,,,,,,
,,,,,,,,,,,,5f08dafa392f74145122c0ee,13/10/1999,2020-08-27_18h40.23.296,proactive3.1,2020.1.2,Win32,60,5f47c29a48bd2a1e651a6eb7,5f47ede75080c61345c5990b,4,,,,,,,,,,,,,,,,,,,,,,,,,,,,,,,,,,,,,,,,,,,,,,,,,,,,,,,,,,,,,,,,,,,,,,,,,,,,,,,,,,,,,,,,,,,,,,,,,,,,,,,,,,,,,,,,,,,,,,0,0,0,0,1,,,,,
,,,,,,,,,,,,5f08dafa392f74145122c0ee,13/10/1999,2020-08-27_18h40.23.296,proactive3.1,2020.1.2,Win32,60,5f47c29a48bd2a1e651a6eb7,5f47ede75080c61345c5990b,4,,,,,,,,,,,,,,,,,,,,,,,,,,,,,,,,,,,,,,,,,,,,,,,,,,,,,,,,,,,,,,,,,,,,,,,,,,,,,,,,,,,,,,,,,,,,,,,,,,,,,,,,,,,,,,,,,,,,,,1,0,1,0,1,,,,,
,,,,,,,,,,,,5f08dafa392f74145122c0ee,13/10/1999,2020-08-27_18h40.23.296,proactive3.1,2020.1.2,Win32,60,5f47c29a48bd2a1e651a6eb7,5f47ede75080c61345c5990b,4,,,,,,,,,,,,,,,,,,,,,,,,,,,,,,,,,,,,,,,,,,,,,,,,,,,,,,,,,,,,,,,,,,,,,,,,,,,,,,,,,,,,,,,,,,,,,,,,,,,,,,,,,,,,,,,,,,,,,,2,0,2,0,1,,,,,
,,,,,,,,,,,,5f08dafa392f74145122c0ee,13/10/1999,2020-08-27_18h40.23.296,proactive3.1,2020.1.2,Win32,60,5f47c29a48bd2a1e651a6eb7,5f47ede75080c61345c5990b,4,,,,,,,,,,,,,,,,,4,,,,,,,,,,,,,,,,,,,,,,,,,,,,,,,,,,,,,,,,,,,,,,,,,,,,,,,,,,,VALLEY,3.618425,2,FALSE,LOTS,2.46623,0,TRUE,CHAIR,5.61833,1,FALSE,MONEY,4.618235,3,FALSE,,,,,,LOTS,stool,stimuli/images/PICTURE_469.png,new-new,VALLEY,bench,stimuli/images/PICTURE_449.png,new-new,LETTER,coin,stimuli/images/PICTURE_383.png,new-new,IDEAS,mirror,stimuli/images/PICTURE_340.png,new-new,,,,,,,,,,,0,7,7,61,1
,,,,,,,,,,,,5f08dafa392f74145122c0ee,13/10/1999,2020-08-27_18h40.23.296,proactive3.1,2020.1.2,Win32,60,5f47c29a48bd2a1e651a6eb7,5f47ede75080c61345c5990b,4,,,,,,,,,,,,,,,,,,,,,,,,,,,,,,,,,,,,,,,,,,stimuli/search/b.png,stimuli/search/t.png,stimuli/search/t.png,stimuli/search/b.png,stimuli/search/l.png,stimuli/search/b.png,stimuli/search/b.png,stimuli/search/t.png,"[-0.23833333333333334,0.3471827610009768]","[-0.17833333333333334,0.38757096542945474]","[0.17833333333333334,0.3707568737148078]","[0.23833333333333334,0.32838335436855753]","[0.17833333333333334,-0.36702798631327566]","[0.23833333333333334,-0.3770560055541764]","[-0.23833333333333334,-0.3291435643694102]","[-0.17833333333333334,-0.364114627831947]",0,,,,,,,,,,,,,,,,,,,,,,,,,,,,,,,,,,,,,,,,,,,,,,,,,,,,,,,0,0,0,0,1,,,,,,,,,,
,,,,,,,,,,,,5f08dafa392f74145122c0ee,13/10/1999,2020-08-27_18h40.23.296,proactive3.1,2020.1.2,Win32,60,5f47c29a48bd2a1e651a6eb7,5f47ede75080c61345c5990b,4,,,,,,,,,,,,,,,,,,,,,,,,,,,,,,,,,,,,,,,,,,stimuli/search/t.png,stimuli/search/b.png,stimuli/search/b.png,stimuli/search/t.png,stimuli/search/b.png,stimuli/search/t.png,stimuli/search/b.png,stimuli/search/l.png,"[-0.23833333333333334,0.3711007746968684]","[-0.17833333333333334,0.361650650689501]","[0.17833333333333334,0.3666081934676314]","[0.23833333333333334,0.33647421739347694]","[0.17833333333333334,-0.4117870470722022]","[0.23833333333333334,-0.3591832980233483]","[-0.23833333333333334,-0.37485759367174476]","[-0.17833333333333334,-0.3282624103211112]",0,,,,,,,,,,,,,,,,,,,,,,,,,,,,,,,,,,,,,,,,,,,,,,,,,,,,,,,1,0,1,0,1,,,,,,,,,,
,,,,,,,,,,,,5f08dafa392f74145122c0ee,13/10/1999,2020-08-27_18h40.23.296,proactive3.1,2020.1.2,Win32,60,5f47c29a48bd2a1e651a6eb7,5f47ede75080c61345c5990b,4,,,,,,,,,,,,,,,,,,,,,,,,,,,,,,,,,,,,,,,,,,stimuli/search/r.png,stimuli/search/b.png,stimuli/search/t.png,stimuli/search/b.png,stimuli/search/b.png,stimuli/search/t.png,stimuli/search/t.png,stimuli/search/b.png,"[-0.23833333333333334,0.41418150693920014]","[-0.17833333333333334,0.3910441196741891]","[0.17833333333333334,0.3304113341144739]","[0.23833333333333334,0.358453680790269]","[0.17833333333333334,-0.3616112636935083]","[0.23833333333333334,-0.368637489925255]","[-0.23833333333333334,-0.34247150696297785]","[-0.17833333333333334,-0.330519765231572]",1,,,,,,,,,,,,,,,,,,,,,,,,,,,,,,,,,,,,,,,,,,,,,,,,,,,,,,,2,0,2,0,1,,,,,,,,,,
,,,,,,,,,,,,5f08dafa392f74145122c0ee,13/10/1999,2020-08-27_18h40.23.296,proactive3.1,2020.1.2,Win32,60,5f47c29a48bd2a1e651a6eb7,5f47ede75080c61345c5990b,4,,,,,,,,,,,,,,,,,,,,,,,,,,,,,,,,,,,,,,,,,,stimuli/search/b.png,stimuli/search/t.png,stimuli/search/b.png,stimuli/search/t.png,stimuli/search/b.png,stimuli/search/t.png,stimuli/search/b.png,stimuli/search/r.png,"[-0.23833333333333334,0.34450148342978587]","[-0.17833333333333334,0.34134363376991567]","[0.17833333333333334,0.3503652237725105]","[0.23833333333333334,0.32450739925270355]","[0.17833333333333334,-0.3869378065522984]","[0.23833333333333334,-0.38122460867082736]","[-0.23833333333333334,-0.4115332827449083]","[-0.17833333333333334,-0.36059133597709]",1,,,,,,,,,,,,,,,,,,,,,,,,,,,,,,,,,,,,,,,,,,,,,,,,,,,,,,,3,0,3,0,1,,,,,,,,,,
,,,,,,,,,,,,5f08dafa392f74145122c0ee,13/10/1999,2020-08-27_18h40.23.296,proactive3.1,2020.1.2,Win32,60,5f47c29a48bd2a1e651a6eb7,5f47ede75080c61345c5990b,4,,,,,,,,,,,,,,,,,,,,,,,,,,,,,,,,,,,,,,,,,,,,,,,,,,,,,,,,,,,,,,,,,,,,,,,,,,,,,,,,,,,,,,,,,,,,,,,,,,,,,,,,,,,,,,,,,,,,,,0,0,0,0,1,,,,,
,,,,,,,,,,,,5f08dafa392f74145122c0ee,13/10/1999,2020-08-27_18h40.23.296,proactive3.1,2020.1.2,Win32,60,5f47c29a48bd2a1e651a6eb7,5f47ede75080c61345c5990b,4,,,,,,,,,,,,,,,,,,,,,,,,,,,,,,,,,,,,,,,,,,,,,,,,,,,,,,,,,,,,,,,,,,,,,,,,,,,,,,,,,,,,,,,,,,,,,,,,,,,,,,,,,,,,,,,,,,,,,,1,0,1,0,1,,,,,
,,,,,,,,,,,,5f08dafa392f74145122c0ee,13/10/1999,2020-08-27_18h40.23.296,proactive3.1,2020.1.2,Win32,60,5f47c29a48bd2a1e651a6eb7,5f47ede75080c61345c5990b,4,,,,,,,,,,,,,,,,,,,,,,,,,,,,,,,,,,,,,,,,,,,,,,,,,,,,,,,,,,,,,,,,,,,,,,,,,,,,,,,,,,,,,,,,,,,,,,,,,,,,,,,,,,,,,,,,,,,,,,2,0,2,0,1,,,,,
,,,,,,,,,,,,5f08dafa392f74145122c0ee,13/10/1999,2020-08-27_18h40.23.296,proactive3.1,2020.1.2,Win32,60,5f47c29a48bd2a1e651a6eb7,5f47ede75080c61345c5990b,4,,,,,,,,,,,,,,,,,2,,,,,,,,,,,,,,,,,,,,,,,,,,,,,,,,,,,,,,,,,,,,,,,,,,,,,,,,,,,?,0.00079,3,FALSE,?,0.00092,2,FALSE,?,0.00179,1,FALSE,?,0.000855,0,FALSE,,,,,,NATION,pepper,stimuli/images/PICTURE_348.png,new-new,POLICY,frame,stimuli/images/PICTURE_33.png,new-new,RECORD,sun,stimuli/images/PICTURE_488.png,new-new,DANGER,skateboard,stimuli/images/PICTURE_93.png,new-new,,,,,,,,,,,0,8,8,30,1
,,,,,,,,,,,,5f08dafa392f74145122c0ee,13/10/1999,2020-08-27_18h40.23.296,proactive3.1,2020.1.2,Win32,60,5f47c29a48bd2a1e651a6eb7,5f47ede75080c61345c5990b,4,,,,,,,,,,,,,,,,,,,,,,,,,,,,,,,,,,,,,,,,,,stimuli/search/b.png,stimuli/search/t.png,stimuli/search/b.png,stimuli/search/t.png,stimuli/search/b.png,stimuli/search/l.png,stimuli/search/t.png,stimuli/search/b.png,"[-0.23833333333333334,0.36219208343883863]","[-0.17833333333333334,0.33616369455534956]","[0.17833333333333334,0.3436795501213313]","[0.23833333333333334,0.34707104239803316]","[0.17833333333333334,-0.4043603974619038]","[0.23833333333333334,-0.4132254902668285]","[-0.23833333333333334,-0.3608329306926895]","[-0.17833333333333334,-0.32682585662494956]",0,,,,,,,,,,,,,,,,,,,,,,,,,,,,,,,,,,,,,,,,,,,,,,,,,,,,,,,0,0,0,0,1,,,,,,,,,,
,,,,,,,,,,,,5f08dafa392f74145122c0ee,13/10/1999,2020-08-27_18h40.23.296,proactive3.1,2020.1.2,Win32,60,5f47c29a48bd2a1e651a6eb7,5f47ede75080c61345c5990b,4,,,,,,,,,,,,,,,,,,,,,,,,,,,,,,,,,,,,,,,,,,stimuli/search/b.png,stimuli/search/t.png,stimuli/search/t.png,stimuli/search/l.png,stimuli/search/t.png,stimuli/search/b.png,stimuli/search/t.png,stimuli/search/b.png,"[-0.23833333333333334,0.374983674602061]","[-0.17833333333333334,0.36187618474132804]","[0.17833333333333334,0.39655857222685753]","[0.23833333333333334,0.4016759685665239]","[0.17833333333333334,-0.3951397587082296]","[0.23833333333333334,-0.4074138862899553]","[-0.23833333333333334,-0.39487771129217997]","[-0.17833333333333334,-0.3735377150365762]",0,,,,,,,,,,,,,,,,,,,,,,,,,,,,,,,,,,,,,,,,,,,,,,,,,,,,,,,1,0,1,0,1,,,,,,,,,,
,,,,,,,,,,,,5f08dafa392f74145122c0ee,13/10/1999,2020-08-27_18h40.23.296,proactive3.1,2020.1.2,Win32,60,5f47c29a48bd2a1e651a6eb7,5f47ede75080c61345c5990b,4,,,,,,,,,,,,,,,,,,,,,,,,,,,,,,,,,,,,,,,,,,stimuli/search/t.png,stimuli/search/b.png,stimuli/search/t.png,stimuli/search/b.png,stimuli/search/t.png,stimuli/search/b.png,stimuli/search/b.png,stimuli/search/r.png,"[-0.23833333333333334,0.3782451935406909]","[-0.17833333333333334,0.36324401723256494]","[0.17833333333333334,0.35550472290076474]","[0.23833333333333334,0.404830338248956]","[0.17833333333333334,-0.4031394856440406]","[0.23833333333333334,-0.34798926124196555]","[-0.23833333333333334,-0.3941843581808722]","[-0.17833333333333334,-0.4004977382125476]",1,,,,,,,,,,,,,,,,,,,,,,,,,,,,,,,,,,,,,,,,,,,,,,,,,,,,,,,2,0,2,0,1,,,,,,,,,,
,,,,,,,,,,,,5f08dafa392f74145122c0ee,13/10/1999,2020-08-27_18h40.23.296,proactive3.1,2020.1.2,Win32,60,5f47c29a48bd2a1e651a6eb7,5f47ede75080c61345c5990b,4,,,,,,,,,,,,,,,,,,,,,,,,,,,,,,,,,,,,,,,,,,stimuli/search/t.png,stimuli/search/b.png,stimuli/search/t.png,stimuli/search/b.png,stimuli/search/b.png,stimuli/search/t.png,stimuli/search/t.png,stimuli/search/l.png,"[-0.23833333333333334,0.3694533079103605]","[-0.17833333333333334,0.3539825254572502]","[0.17833333333333334,0.3929357144905845]","[0.23833333333333334,0.3507989532585158]","[0.17833333333333334,-0.32558565216194574]","[0.23833333333333334,-0.3558032461555091]","[-0.23833333333333334,-0.3261444887359209]","[-0.17833333333333334,-0.358286113401998]",0,,,,,,,,,,,,,,,,,,,,,,,,,,,,,,,,,,,,,,,,,,,,,,,,,,,,,,,3,0,3,0,1,,,,,,,,,,
,,,,,,,,,,,,5f08dafa392f74145122c0ee,13/10/1999,2020-08-27_18h40.23.296,proactive3.1,2020.1.2,Win32,60,5f47c29a48bd2a1e651a6eb7,5f47ede75080c61345c5990b,4,,,,,,,,,,,,,,,,,,,,,,,,,,,,,,,,,,,,,,,,,,,,,,,,,,,,,,,,,,,,,,,,,,,,,,,,,,,,,,,,,,,,,,,,,,,,,,,,,,,,,,,,,,,,,,,,,,,,,,0,0,0,0,1,,,,,
,,,,,,,,,,,,5f08dafa392f74145122c0ee,13/10/1999,2020-08-27_18h40.23.296,proactive3.1,2020.1.2,Win32,60,5f47c29a48bd2a1e651a6eb7,5f47ede75080c61345c5990b,4,,,,,,,,,,,,,,,,,,,,,,,,,,,,,,,,,,,,,,,,,,,,,,,,,,,,,,,,,,,,,,,,,,,,,,,,,,,,,,,,,,,,,,,,,,,,,,,,,,,,,,,,,,,,,,,,,,,,,,1,0,1,0,1,,,,,
,,,,,,,,,,,,5f08dafa392f74145122c0ee,13/10/1999,2020-08-27_18h40.23.296,proactive3.1,2020.1.2,Win32,60,5f47c29a48bd2a1e651a6eb7,5f47ede75080c61345c5990b,4,,,,,,,,,,,,,,,,,,,,,,,,,,,,,,,,,,,,,,,,,,,,,,,,,,,,,,,,,,,,,,,,,,,,,,,,,,,,,,,,,,,,,,,,,,,,,,,,,,,,,,,,,,,,,,,,,,,,,,2,0,2,0,1,,,,,
,,,,,,,,,,,,5f08dafa392f74145122c0ee,13/10/1999,2020-08-27_18h40.23.296,proactive3.1,2020.1.2,Win32,60,5f47c29a48bd2a1e651a6eb7,5f47ede75080c61345c5990b,4,,,,,,,,,,,,,,,,,2,,,,,,,,,,,,,,,,,,,,,,,,,,,,,,,,,,,,,,,,,,,,,,,,,,,,,,,,,,,?,0.00066,1,FALSE,?,0.00076,3,FALSE,?,0.000675,0,FALSE,?,0.00093,2,FALSE,,,,,,CLOCK,bolt,stimuli/images/PICTURE_296.png,match,PLENTY,diamond,stimuli/images/PICTURE_85.png,mis-match,YARD,mushroom,stimuli/images/PICTURE_177.png,new-new,KIND,perfume,stimuli/images/PICTURE_314.png,old-new,,,,,,,,,,,0,9,9,24,1
,,,,,,,,,,,,5f08dafa392f74145122c0ee,13/10/1999,2020-08-27_18h40.23.296,proactive3.1,2020.1.2,Win32,60,5f47c29a48bd2a1e651a6eb7,5f47ede75080c61345c5990b,4,,,,,,,,,,,,,,,,,,,,,,,,,,,,,,,,,,,,,,,,,,stimuli/search/b.png,stimuli/search/t.png,stimuli/search/b.png,stimuli/search/t.png,stimuli/search/l.png,stimuli/search/b.png,stimuli/search/t.png,stimuli/search/b.png,"[-0.23833333333333334,0.41114307873989764]","[-0.17833333333333334,0.32475475268344056]","[0.17833333333333334,0.3474426251516708]","[0.23833333333333334,0.3511292299171365]","[0.17833333333333334,-0.35307734922152867]","[0.23833333333333334,-0.40236393322529673]","[-0.23833333333333334,-0.39924201309561025]","[-0.17833333333333334,-0.3999114837829518]",0,,,,,,,,,,,,,,,,,,,,,,,,,,,,,,,,,,,,,,,,,,,,,,,,,,,,,,,0,0,0,0,1,,,,,,,,,,
,,,,,,,,,,,,5f08dafa392f74145122c0ee,13/10/1999,2020-08-27_18h40.23.296,proactive3.1,2020.1.2,Win32,60,5f47c29a48bd2a1e651a6eb7,5f47ede75080c61345c5990b,4,,,,,,,,,,,,,,,,,,,,,,,,,,,,,,,,,,,,,,,,,,stimuli/search/t.png,stimuli/search/b.png,stimuli/search/t.png,stimuli/search/l.png,stimuli/search/b.png,stimuli/search/t.png,stimuli/search/t.png,stimuli/search/b.png,"[-0.23833333333333334,0.3674482947427002]","[-0.17833333333333334,0.3846663645312582]","[0.17833333333333334,0.36966383337630176]","[0.23833333333333334,0.3614171665413724]","[0.17833333333333334,-0.3524180063804055]","[0.23833333333333334,-0.3319582062250721]","[-0.23833333333333334,-0.3641636679745878]","[-0.17833333333333334,-0.406407491398598]",0,,,,,,,,,,,,,,,,,,,,,,,,,,,,,,,,,,,,,,,,,,,,,,,,,,,,,,,1,0,1,0,1,,,,,,,,,,
,,,,,,,,,,,,5f08dafa392f74145122c0ee,13/10/1999,2020-08-27_18h40.23.296,proactive3.1,2020.1.2,Win32,60,5f47c29a48bd2a1e651a6eb7,5f47ede75080c61345c5990b,4,,,,,,,,,,,,,,,,,,,,,,,,,,,,,,,,,,,,,,,,,,stimuli/search/b.png,stimuli/search/t.png,stimuli/search/b.png,stimuli/search/t.png,stimuli/search/l.png,stimuli/search/t.png,stimuli/search/b.png,stimuli/search/t.png,"[-0.23833333333333334,0.3579634713260907]","[-0.17833333333333334,0.3649767844550908]","[0.17833333333333334,0.36203807991029746]","[0.23833333333333334,0.34648972524983795]","[0.17833333333333334,-0.3785037299028668]","[0.23833333333333334,-0.4017889442005924]","[-0.23833333333333334,-0.3500945198817288]","[-0.17833333333333334,-0.38444640726483986]",0,,,,,,,,,,,,,,,,,,,,,,,,,,,,,,,,,,,,,,,,,,,,,,,,,,,,,,,2,0,2,0,1,,,,,,,,,,
,,,,,,,,,,,,5f08dafa392f74145122c0ee,13/10/1999,2020-08-27_18h40.23.296,proactive3.1,2020.1.2,Win32,60,5f47c29a48bd2a1e651a6eb7,5f47ede75080c61345c5990b,4,,,,,,,,,,,,,,,,,,,,,,,,,,,,,,,,,,,,,,,,,,stimuli/search/t.png,stimuli/search/b.png,stimuli/search/b.png,stimuli/search/t.png,stimuli/search/r.png,stimuli/search/b.png,stimuli/search/t.png,stimuli/search/b.png,"[-0.23833333333333334,0.40428139810823255]","[-0.17833333333333334,0.3929170365881935]","[0.17833333333333334,0.36197536028602273]","[0.23833333333333334,0.32746334040252384]","[0.17833333333333334,-0.37073737899538317]","[0.23833333333333334,-0.3944064486610009]","[-0.23833333333333334,-0.41584481133775303]","[-0.17833333333333334,-0.4162880373971775]",1,,,,,,,,,,,,,,,,,,,,,,,,,,,,,,,,,,,,,,,,,,,,,,,,,,,,,,,3,0,3,0,1,,,,,,,,,,
,,,,,,,,,,,,5f08dafa392f74145122c0ee,13/10/1999,2020-08-27_18h40.23.296,proactive3.1,2020.1.2,Win32,60,5f47c29a48bd2a1e651a6eb7,5f47ede75080c61345c5990b,4,,,,,,,,,,,,,,,,,,,,,,,,,,,,,,,,,,,,,,,,,,,,,,,,,,,,,,,,,,,,,,,,,,,,,,,,,,,,,,,,,,,,,,,,,,,,,,,,,,,,,,,,,,,,,,,,,,,,,,0,0,0,0,1,,,,,
,,,,,,,,,,,,5f08dafa392f74145122c0ee,13/10/1999,2020-08-27_18h40.23.296,proactive3.1,2020.1.2,Win32,60,5f47c29a48bd2a1e651a6eb7,5f47ede75080c61345c5990b,4,,,,,,,,,,,,,,,,,,,,,,,,,,,,,,,,,,,,,,,,,,,,,,,,,,,,,,,,,,,,,,,,,,,,,,,,,,,,,,,,,,,,,,,,,,,,,,,,,,,,,,,,,,,,,,,,,,,,,,1,0,1,0,1,,,,,
,,,,,,,,,,,,5f08dafa392f74145122c0ee,13/10/1999,2020-08-27_18h40.23.296,proactive3.1,2020.1.2,Win32,60,5f47c29a48bd2a1e651a6eb7,5f47ede75080c61345c5990b,4,,,,,,,,,,,,,,,,,,,,,,,,,,,,,,,,,,,,,,,,,,,,,,,,,,,,,,,,,,,,,,,,,,,,,,,,,,,,,,,,,,,,,,,,,,,,,,,,,,,,,,,,,,,,,,,,,,,,,,2,0,2,0,1,,,,,
,,,,,,,,,,,,5f08dafa392f74145122c0ee,13/10/1999,2020-08-27_18h40.23.296,proactive3.1,2020.1.2,Win32,60,5f47c29a48bd2a1e651a6eb7,5f47ede75080c61345c5990b,4,,,,,,,,,,,,,,,,,3,,,,,,,,,,,,,,,,,,,,,,,,,,,,,,,,,,,,,,,,,,,,,,,,,,,,,,,,,,,?,0.000815,3,FALSE,?,0.0007,0,FALSE,?,0.00061,1,FALSE,?,0.000655,2,FALSE,,,,,,ESTATE,map,stimuli/images/PICTURE_677.png,new-new,PHOTO,cathedral,stimuli/images/PICTURE_403.png,mis-match,GIRL,pencil,stimuli/images/PICTURE_654.png,old-new,CASINO,helmet,stimuli/images/PICTURE_327.png,match,,,,,,,,,,,0,10,10,32,1
,,,,,,,,,,,,5f08dafa392f74145122c0ee,13/10/1999,2020-08-27_18h40.23.296,proactive3.1,2020.1.2,Win32,60,5f47c29a48bd2a1e651a6eb7,5f47ede75080c61345c5990b,4,,,,,,,,,,,,,,,,,,,,,,,,,,,,,,,,,,,,,,,,,,stimuli/search/t.png,stimuli/search/r.png,stimuli/search/b.png,stimuli/search/t.png,stimuli/search/b.png,stimuli/search/t.png,stimuli/search/b.png,stimuli/search/t.png,"[-0.23833333333333334,0.4148700500127815]","[-0.17833333333333334,0.36508723723297576]","[0.17833333333333334,0.3484074481930833]","[0.23833333333333334,0.3427945929469477]","[0.17833333333333334,-0.3795839116384536]","[0.23833333333333334,-0.39966724267299925]","[-0.23833333333333334,-0.40284886823229715]","[-0.17833333333333334,-0.37161504712794013]",1,,,,,,,,,,,,,,,,,,,,,,,,,,,,,,,,,,,,,,,,,,,,,,,,,,,,,,,0,0,0,0,1,,,,,,,,,,
,,,,,,,,,,,,5f08dafa392f74145122c0ee,13/10/1999,2020-08-27_18h40.23.296,proactive3.1,2020.1.2,Win32,60,5f47c29a48bd2a1e651a6eb7,5f47ede75080c61345c5990b,4,,,,,,,,,,,,,,,,,,,,,,,,,,,,,,,,,,,,,,,,,,stimuli/search/r.png,stimuli/search/b.png,stimuli/search/b.png,stimuli/search/t.png,stimuli/search/t.png,stimuli/search/b.png,stimuli/search/t.png,stimuli/search/b.png,"[-0.23833333333333334,0.3863572478614238]","[-0.17833333333333334,0.3671521876340727]","[0.17833333333333334,0.39996961475017234]","[0.23833333333333334,0.4064080310533272]","[0.17833333333333334,-0.3482651531982425]","[0.23833333333333334,-0.3523654161673007]","[-0.23833333333333334,-0.4010232874807349]","[-0.17833333333333334,-0.39756758542237086]",1,,,,,,,,,,,,,,,,,,,,,,,,,,,,,,,,,,,,,,,,,,,,,,,,,,,,,,,1,0,1,0,1,,,,,,,,,,
,,,,,,,,,,,,5f08dafa392f74145122c0ee,13/10/1999,2020-08-27_18h40.23.296,proactive3.1,2020.1.2,Win32,60,5f47c29a48bd2a1e651a6eb7,5f47ede75080c61345c5990b,4,,,,,,,,,,,,,,,,,,,,,,,,,,,,,,,,,,,,,,,,,,stimuli/search/b.png,stimuli/search/r.png,stimuli/search/t.png,stimuli/search/b.png,stimuli/search/t.png,stimuli/search/b.png,stimuli/search/b.png,stimuli/search/t.png,"[-0.23833333333333334,0.34771656563902537]","[-0.17833333333333334,0.36732033831629657]","[0.17833333333333334,0.387818702479086]","[0.23833333333333334,0.3242493167481364]","[0.17833333333333334,-0.3845753893646981]","[0.23833333333333334,-0.406212196826102]","[-0.23833333333333334,-0.3981614194099715]","[-0.17833333333333334,-0.3255181164524419]",1,,,,,,,,,,,,,,,,,,,,,,,,,,,,,,,,,,,,,,,,,,,,,,,,,,,,,,,2,0,2,0,1,,,,,,,,,,
,,,,,,,,,,,,5f08dafa392f74145122c0ee,13/10/1999,2020-08-27_18h40.23.296,proactive3.1,2020.1.2,Win32,60,5f47c29a48bd2a1e651a6eb7,5f47ede75080c61345c5990b,4,,,,,,,,,,,,,,,,,,,,,,,,,,,,,,,,,,,,,,,,,,stimuli/search/b.png,stimuli/search/t.png,stimuli/search/l.png,stimuli/search/b.png,stimuli/search/t.png,stimuli/search/b.png,stimuli/search/t.png,stimuli/search/b.png,"[-0.23833333333333334,0.3904373427655575]","[-0.17833333333333334,0.41649477722655454]","[0.17833333333333334,0.37416308845772084]","[0.23833333333333334,0.41215781217178177]","[0.17833333333333334,-0.3884774179827837]","[0.23833333333333334,-0.3339158814235381]","[-0.23833333333333334,-0.3965310991997782]","[-0.17833333333333334,-0.3634084386282195]",0,,,,,,,,,,,,,,,,,,,,,,,,,,,,,,,,,,,,,,,,,,,,,,,,,,,,,,,3,0,3,0,1,,,,,,,,,,
,,,,,,,,,,,,5f08dafa392f74145122c0ee,13/10/1999,2020-08-27_18h40.23.296,proactive3.1,2020.1.2,Win32,60,5f47c29a48bd2a1e651a6eb7,5f47ede75080c61345c5990b,4,,,,,,,,,,,,,,,,,,,,,,,,,,,,,,,,,,,,,,,,,,,,,,,,,,,,,,,,,,,,,,,,,,,,,,,,,,,,,,,,,,,,,,,,,,,,,,,,,,,,,,,,,,,,,,,,,,,,,,0,0,0,0,1,,,,,
,,,,,,,,,,,,5f08dafa392f74145122c0ee,13/10/1999,2020-08-27_18h40.23.296,proactive3.1,2020.1.2,Win32,60,5f47c29a48bd2a1e651a6eb7,5f47ede75080c61345c5990b,4,,,,,,,,,,,,,,,,,,,,,,,,,,,,,,,,,,,,,,,,,,,,,,,,,,,,,,,,,,,,,,,,,,,,,,,,,,,,,,,,,,,,,,,,,,,,,,,,,,,,,,,,,,,,,,,,,,,,,,1,0,1,0,1,,,,,
,,,,,,,,,,,,5f08dafa392f74145122c0ee,13/10/1999,2020-08-27_18h40.23.296,proactive3.1,2020.1.2,Win32,60,5f47c29a48bd2a1e651a6eb7,5f47ede75080c61345c5990b,4,,,,,,,,,,,,,,,,,,,,,,,,,,,,,,,,,,,,,,,,,,,,,,,,,,,,,,,,,,,,,,,,,,,,,,,,,,,,,,,,,,,,,,,,,,,,,,,,,,,,,,,,,,,,,,,,,,,,,,2,0,2,0,1,,,,,
,,,,,,,,,,,,5f08dafa392f74145122c0ee,13/10/1999,2020-08-27_18h40.23.296,proactive3.1,2020.1.2,Win32,60,5f47c29a48bd2a1e651a6eb7,5f47ede75080c61345c5990b,4,,,,,,,,,,,,,,,,,6,,,,,,,,,,,,,,,,,,,,,,,,,,,,,,,,,,,,,,,,,,,,,,,,,,,,,,,,,,,?,0.00064,2,FALSE,?,0.00067,1,FALSE,?,0.00095,3,FALSE,?,0.000965,0,FALSE,,,,,,SERIES,helmet,stimuli/images/PICTURE_327.png,new-new,CASINO,carrot,stimuli/images/PICTURE_285.png,new-new,DEMON,diamond,stimuli/images/PICTURE_85.png,new-new,BEAUTY,taxi,stimuli/images/PICTURE_302.png,new-new,,,,,,,,,,,0,11,11,90,1
,,,,,,,,,,,,5f08dafa392f74145122c0ee,13/10/1999,2020-08-27_18h40.23.296,proactive3.1,2020.1.2,Win32,60,5f47c29a48bd2a1e651a6eb7,5f47ede75080c61345c5990b,4,,,,,,,,,,,,,,,,,,,,,,,,,,,,,,,,,,,,,,,,,,stimuli/search/t.png,stimuli/search/b.png,stimuli/search/b.png,stimuli/search/l.png,stimuli/search/b.png,stimuli/search/t.png,stimuli/search/b.png,stimuli/search/t.png,"[-0.23833333333333334,0.34960596938728516]","[-0.17833333333333334,0.4081594018956253]","[0.17833333333333334,0.36165623194093405]","[0.23833333333333334,0.3982966326291932]","[0.17833333333333334,-0.33256751044472105]","[0.23833333333333334,-0.36371520666006385]","[-0.23833333333333334,-0.36928809267118035]","[-0.17833333333333334,-0.3329495822498833]",0,,,,,,,,,,,,,,,,,,,,,,,,,,,,,,,,,,,,,,,,,,,,,,,,,,,,,,,0,0,0,0,1,,,,,,,,,,
,,,,,,,,,,,,5f08dafa392f74145122c0ee,13/10/1999,2020-08-27_18h40.23.296,proactive3.1,2020.1.2,Win32,60,5f47c29a48bd2a1e651a6eb7,5f47ede75080c61345c5990b,4,,,,,,,,,,,,,,,,,,,,,,,,,,,,,,,,,,,,,,,,,,stimuli/search/t.png,stimuli/search/b.png,stimuli/search/l.png,stimuli/search/t.png,stimuli/search/t.png,stimuli/search/b.png,stimuli/search/t.png,stimuli/search/b.png,"[-0.23833333333333334,0.41663756587357376]","[-0.17833333333333334,0.4090594412482057]","[0.17833333333333334,0.34488115571502953]","[0.23833333333333334,0.3961711842023444]","[0.17833333333333334,-0.38758377919286224]","[0.23833333333333334,-0.3443715851343427]","[-0.23833333333333334,-0.3551524538256286]","[-0.17833333333333334,-0.3392425233362427]",0,,,,,,,,,,,,,,,,,,,,,,,,,,,,,,,,,,,,,,,,,,,,,,,,,,,,,,,1,0,1,0,1,,,,,,,,,,
,,,,,,,,,,,,5f08dafa392f74145122c0ee,13/10/1999,2020-08-27_18h40.23.296,proactive3.1,2020.1.2,Win32,60,5f47c29a48bd2a1e651a6eb7,5f47ede75080c61345c5990b,4,,,,,,,,,,,,,,,,,,,,,,,,,,,,,,,,,,,,,,,,,,stimuli/search/b.png,stimuli/search/t.png,stimuli/search/b.png,stimuli/search/r.png,stimuli/search/b.png,stimuli/search/t.png,stimuli/search/t.png,stimuli/search/b.png,"[-0.23833333333333334,0.3616498387749162]","[-0.17833333333333334,0.3626489054034786]","[0.17833333333333334,0.3996726635264505]","[0.23833333333333334,0.41550346939614796]","[0.17833333333333334,-0.35434034476006726]","[0.23833333333333334,-0.3421611581157036]","[-0.23833333333333334,-0.4092105922203334]","[-0.17833333333333334,-0.3250164564573704]",1,,,,,,,,,,,,,,,,,,,,,,,,,,,,,,,,,,,,,,,,,,,,,,,,,,,,,,,2,0,2,0,1,,,,,,,,,,
,,,,,,,,,,,,5f08dafa392f74145122c0ee,13/10/1999,2020-08-27_18h40.23.296,proactive3.1,2020.1.2,Win32,60,5f47c29a48bd2a1e651a6eb7,5f47ede75080c61345c5990b,4,,,,,,,,,,,,,,,,,,,,,,,,,,,,,,,,,,,,,,,,,,stimuli/search/r.png,stimuli/search/b.png,stimuli/search/b.png,stimuli/search/t.png,stimuli/search/b.png,stimuli/search/t.png,stimuli/search/b.png,stimuli/search/t.png,"[-0.23833333333333334,0.3715067997039047]","[-0.17833333333333334,0.34153473081919644]","[0.17833333333333334,0.34051434012617227]","[0.23833333333333334,0.41434570250442543]","[0.17833333333333334,-0.3702930885995871]","[0.23833333333333334,-0.37128247870616937]","[-0.23833333333333334,-0.4051554792005184]","[-0.17833333333333334,-0.34115206509693324]",1,,,,,,,,,,,,,,,,,,,,,,,,,,,,,,,,,,,,,,,,,,,,,,,,,,,,,,,3,0,3,0,1,,,,,,,,,,
,,,,,,,,,,,,5f08dafa392f74145122c0ee,13/10/1999,2020-08-27_18h40.23.296,proactive3.1,2020.1.2,Win32,60,5f47c29a48bd2a1e651a6eb7,5f47ede75080c61345c5990b,4,,,,,,,,,,,,,,,,,,,,,,,,,,,,,,,,,,,,,,,,,,,,,,,,,,,,,,,,,,,,,,,,,,,,,,,,,,,,,,,,,,,,,,,,,,,,,,,,,,,,,,,,,,,,,,,,,,,,,,0,0,0,0,1,,,,,
,,,,,,,,,,,,5f08dafa392f74145122c0ee,13/10/1999,2020-08-27_18h40.23.296,proactive3.1,2020.1.2,Win32,60,5f47c29a48bd2a1e651a6eb7,5f47ede75080c61345c5990b,4,,,,,,,,,,,,,,,,,,,,,,,,,,,,,,,,,,,,,,,,,,,,,,,,,,,,,,,,,,,,,,,,,,,,,,,,,,,,,,,,,,,,,,,,,,,,,,,,,,,,,,,,,,,,,,,,,,,,,,1,0,1,0,1,,,,,
,,,,,,,,,,,,5f08dafa392f74145122c0ee,13/10/1999,2020-08-27_18h40.23.296,proactive3.1,2020.1.2,Win32,60,5f47c29a48bd2a1e651a6eb7,5f47ede75080c61345c5990b,4,,,,,,,,,,,,,,,,,,,,,,,,,,,,,,,,,,,,,,,,,,,,,,,,,,,,,,,,,,,,,,,,,,,,,,,,,,,,,,,,,,,,,,,,,,,,,,,,,,,,,,,,,,,,,,,,,,,,,,2,0,2,0,1,,,,,
,,,,,,,,,,,,5f08dafa392f74145122c0ee,13/10/1999,2020-08-27_18h40.23.296,proactive3.1,2020.1.2,Win32,60,5f47c29a48bd2a1e651a6eb7,5f47ede75080c61345c5990b,4,,,,,,,,,,,,,,,,,2,,,,,,,,,,,,,,,,,,,,,,,,,,,,,,,,,,,,,,,,,,,,,,,,,,,,,,,,,,,?,0.000965,0,FALSE,?,0.000975,2,FALSE,?,0.000725,1,FALSE,?,0.000805,3,FALSE,,,,,,AREA,bench,stimuli/images/PICTURE_449.png,old-new,RIVER,backpack,stimuli/images/PICTURE_339.png,mis-match,PENNY,shovel,stimuli/images/PICTURE_255.png,match,WEAPON,boot,stimuli/images/PICTURE_215.png,new-new,,,,,,,,,,,0,12,12,16,1
,,,,,,,,,,,,5f08dafa392f74145122c0ee,13/10/1999,2020-08-27_18h40.23.296,proactive3.1,2020.1.2,Win32,60,5f47c29a48bd2a1e651a6eb7,5f47ede75080c61345c5990b,4,,,,,,,,,,,,,,,,,,,,,,,,,,,,,,,,,,,,,,,,,,stimuli/search/t.png,stimuli/search/b.png,stimuli/search/t.png,stimuli/search/b.png,stimuli/search/b.png,stimuli/search/t.png,stimuli/search/r.png,stimuli/search/b.png,"[-0.23833333333333334,0.36587536258274633]","[-0.17833333333333334,0.3970323109283692]","[0.17833333333333334,0.3831691126791401]","[0.23833333333333334,0.3931668932562695]","[0.17833333333333334,-0.34913839167762467]","[0.23833333333333334,-0.3472460427965596]","[-0.23833333333333334,-0.327191444139187]","[-0.17833333333333334,-0.3774947644890448]",1,,,,,,,,,,,,,,,,,,,,,,,,,,,,,,,,,,,,,,,,,,,,,,,,,,,,,,,0,0,0,0,1,,,,,,,,,,
,,,,,,,,,,,,5f08dafa392f74145122c0ee,13/10/1999,2020-08-27_18h40.23.296,proactive3.1,2020.1.2,Win32,60,5f47c29a48bd2a1e651a6eb7,5f47ede75080c61345c5990b,4,,,,,,,,,,,,,,,,,,,,,,,,,,,,,,,,,,,,,,,,,,stimuli/search/t.png,stimuli/search/b.png,stimuli/search/l.png,stimuli/search/t.png,stimuli/search/t.png,stimuli/search/b.png,stimuli/search/t.png,stimuli/search/b.png,"[-0.23833333333333334,0.35404630992707986]","[-0.17833333333333334,0.3245400983527089]","[0.17833333333333334,0.39199803147733436]","[0.23833333333333334,0.3863244207450503]","[0.17833333333333334,-0.37842863371103935]","[0.23833333333333334,-0.35416083363683437]","[-0.23833333333333334,-0.4074476107790453]","[-0.17833333333333334,-0.36777851620518626]",0,,,,,,,,,,,,,,,,,,,,,,,,,,,,,,,,,,,,,,,,,,,,,,,,,,,,,,,1,0,1,0,1,,,,,,,,,,
,,,,,,,,,,,,5f08dafa392f74145122c0ee,13/10/1999,2020-08-27_18h40.23.296,proactive3.1,2020.1.2,Win32,60,5f47c29a48bd2a1e651a6eb7,5f47ede75080c61345c5990b,4,,,,,,,,,,,,,,,,,,,,,,,,,,,,,,,,,,,,,,,,,,stimuli/search/r.png,stimuli/search/t.png,stimuli/search/t.png,stimuli/search/b.png,stimuli/search/b.png,stimuli/search/t.png,stimuli/search/b.png,stimuli/search/t.png,"[-0.23833333333333334,0.35308475282783275]","[-0.17833333333333334,0.3865666516190576]","[0.17833333333333334,0.3939338226132428]","[0.23833333333333334,0.3550667908953624]","[0.17833333333333334,-0.34600776919479487]","[0.23833333333333334,-0.3441631003003512]","[-0.23833333333333334,-0.3811922306640907]","[-0.17833333333333334,-0.3418994324496017]",1,,,,,,,,,,,,,,,,,,,,,,,,,,,,,,,,,,,,,,,,,,,,,,,,,,,,,,,2,0,2,0,1,,,,,,,,,,
,,,,,,,,,,,,5f08dafa392f74145122c0ee,13/10/1999,2020-08-27_18h40.23.296,proactive3.1,2020.1.2,Win32,60,5f47c29a48bd2a1e651a6eb7,5f47ede75080c61345c5990b,4,,,,,,,,,,,,,,,,,,,,,,,,,,,,,,,,,,,,,,,,,,stimuli/search/b.png,stimuli/search/t.png,stimuli/search/t.png,stimuli/search/l.png,stimuli/search/t.png,stimuli/search/b.png,stimuli/search/b.png,stimuli/search/t.png,"[-0.23833333333333334,0.36736839469611593]","[-0.17833333333333334,0.4056396652097676]","[0.17833333333333334,0.35103248288936745]","[0.23833333333333334,0.39312763198653544]","[0.17833333333333334,-0.3796333091863042]","[0.23833333333333334,-0.35119164954445914]","[-0.23833333333333334,-0.3652632563717929]","[-0.17833333333333334,-0.413724736946281]",0,,,,,,,,,,,,,,,,,,,,,,,,,,,,,,,,,,,,,,,,,,,,,,,,,,,,,,,3,0,3,0,1,,,,,,,,,,
,,,,,,,,,,,,5f08dafa392f74145122c0ee,13/10/1999,2020-08-27_18h40.23.296,proactive3.1,2020.1.2,Win32,60,5f47c29a48bd2a1e651a6eb7,5f47ede75080c61345c5990b,4,,,,,,,,,,,,,,,,,,,,,,,,,,,,,,,,,,,,,,,,,,,,,,,,,,,,,,,,,,,,,,,,,,,,,,,,,,,,,,,,,,,,,,,,,,,,,,,,,,,,,,,,,,,,,,,,,,,,,,0,0,0,0,1,,,,,
,,,,,,,,,,,,5f08dafa392f74145122c0ee,13/10/1999,2020-08-27_18h40.23.296,proactive3.1,2020.1.2,Win32,60,5f47c29a48bd2a1e651a6eb7,5f47ede75080c61345c5990b,4,,,,,,,,,,,,,,,,,,,,,,,,,,,,,,,,,,,,,,,,,,,,,,,,,,,,,,,,,,,,,,,,,,,,,,,,,,,,,,,,,,,,,,,,,,,,,,,,,,,,,,,,,,,,,,,,,,,,,,1,0,1,0,1,,,,,
,,,,,,,,,,,,5f08dafa392f74145122c0ee,13/10/1999,2020-08-27_18h40.23.296,proactive3.1,2020.1.2,Win32,60,5f47c29a48bd2a1e651a6eb7,5f47ede75080c61345c5990b,4,,,,,,,,,,,,,,,,,,,,,,,,,,,,,,,,,,,,,,,,,,,,,,,,,,,,,,,,,,,,,,,,,,,,,,,,,,,,,,,,,,,,,,,,,,,,,,,,,,,,,,,,,,,,,,,,,,,,,,2,0,2,0,1,,,,,
,,,,,,,,,,,,5f08dafa392f74145122c0ee,13/10/1999,2020-08-27_18h40.23.296,proactive3.1,2020.1.2,Win32,60,5f47c29a48bd2a1e651a6eb7,5f47ede75080c61345c5990b,4,,,,,,,,,,,,,,,,,6,,,,,,,,,,,,,,,,,,,,,,,,,,,,,,,,,,,,,,,,,,,,,,,,,,,,,,,,,,,?,0.00083,1,FALSE,?,0.00074,2,FALSE,?,0.001165,3,FALSE,?,0.000865,0,FALSE,,,,,,FOOD,telephone,stimuli/images/PICTURE_509.png,new-new,GODS,sun,stimuli/images/PICTURE_488.png,new-new,DEATH,pencil,stimuli/images/PICTURE_654.png,new-new,FRIEND,cart,stimuli/images/PICTURE_248.png,new-new,,,,,,,,,,,0,13,13,91,1
,,,,,,,,,,,,5f08dafa392f74145122c0ee,13/10/1999,2020-08-27_18h40.23.296,proactive3.1,2020.1.2,Win32,60,5f47c29a48bd2a1e651a6eb7,5f47ede75080c61345c5990b,4,,,,,,,,,,,,,,,,,,,,,,,,,,,,,,,,,,,,,,,,,,stimuli/search/t.png,stimuli/search/b.png,stimuli/search/t.png,stimuli/search/b.png,stimuli/search/b.png,stimuli/search/l.png,stimuli/search/b.png,stimuli/search/t.png,"[-0.23833333333333334,0.36116368635436724]","[-0.17833333333333334,0.3748087913766444]","[0.17833333333333334,0.39980557572317305]","[0.23833333333333334,0.3676195525419117]","[0.17833333333333334,-0.3522322070984744]","[0.23833333333333334,-0.3947941238637607]","[-0.23833333333333334,-0.40471949524233514]","[-0.17833333333333334,-0.39533375514254687]",0,,,,,,,,,,,,,,,,,,,,,,,,,,,,,,,,,,,,,,,,,,,,,,,,,,,,,,,0,0,0,0,1,,,,,,,,,,
,,,,,,,,,,,,5f08dafa392f74145122c0ee,13/10/1999,2020-08-27_18h40.23.296,proactive3.1,2020.1.2,Win32,60,5f47c29a48bd2a1e651a6eb7,5f47ede75080c61345c5990b,4,,,,,,,,,,,,,,,,,,,,,,,,,,,,,,,,,,,,,,,,,,stimuli/search/b.png,stimuli/search/t.png,stimuli/search/t.png,stimuli/search/l.png,stimuli/search/t.png,stimuli/search/b.png,stimuli/search/t.png,stimuli/search/b.png,"[-0.23833333333333334,0.3830509025527272]","[-0.17833333333333334,0.37816605015255833]","[0.17833333333333334,0.3379332555240835]","[0.23833333333333334,0.33673880551180385]","[0.17833333333333334,-0.34371570054870015]","[0.23833333333333334,-0.3586497184003083]","[-0.23833333333333334,-0.3385639238525618]","[-0.17833333333333334,-0.37940074732699325]",0,,,,,,,,,,,,,,,,,,,,,,,,,,,,,,,,,,,,,,,,,,,,,,,,,,,,,,,1,0,1,0,1,,,,,,,,,,
,,,,,,,,,,,,5f08dafa392f74145122c0ee,13/10/1999,2020-08-27_18h40.23.296,proactive3.1,2020.1.2,Win32,60,5f47c29a48bd2a1e651a6eb7,5f47ede75080c61345c5990b,4,,,,,,,,,,,,,,,,,,,,,,,,,,,,,,,,,,,,,,,,,,stimuli/search/b.png,stimuli/search/t.png,stimuli/search/b.png,stimuli/search/t.png,stimuli/search/b.png,stimuli/search/l.png,stimuli/search/t.png,stimuli/search/b.png,"[-0.23833333333333334,0.38333370428895114]","[-0.17833333333333334,0.3793294434445831]","[0.17833333333333334,0.33203024772949846]","[0.23833333333333334,0.3973258349474269]","[0.17833333333333334,-0.3728817978897746]","[0.23833333333333334,-0.3751463188556897]","[-0.23833333333333334,-0.40028620513250507]","[-0.17833333333333334,-0.39976691141004334]",0,,,,,,,,,,,,,,,,,,,,,,,,,,,,,,,,,,,,,,,,,,,,,,,,,,,,,,,2,0,2,0,1,,,,,,,,,,
,,,,,,,,,,,,5f08dafa392f74145122c0ee,13/10/1999,2020-08-27_18h40.23.296,proactive3.1,2020.1.2,Win32,60,5f47c29a48bd2a1e651a6eb7,5f47ede75080c61345c5990b,4,,,,,,,,,,,,,,,,,,,,,,,,,,,,,,,,,,,,,,,,,,stimuli/search/t.png,stimuli/search/b.png,stimuli/search/l.png,stimuli/search/t.png,stimuli/search/t.png,stimuli/search/b.png,stimuli/search/t.png,stimuli/search/b.png,"[-0.23833333333333334,0.34851215582400785]","[-0.17833333333333334,0.3353424355337387]","[0.17833333333333334,0.3818853876500487]","[0.23833333333333334,0.40814454738228484]","[0.17833333333333334,-0.3736743323181938]","[0.23833333333333334,-0.39419334095356223]","[-0.23833333333333334,-0.3922369850903183]","[-0.17833333333333334,-0.38865896906576863]",0,,,,,,,,,,,,,,,,,,,,,,,,,,,,,,,,,,,,,,,,,,,,,,,,,,,,,,,3,0,3,0,1,,,,,,,,,,
,,,,,,,,,,,,5f08dafa392f74145122c0ee,13/10/1999,2020-08-27_18h40.23.296,proactive3.1,2020.1.2,Win32,60,5f47c29a48bd2a1e651a6eb7,5f47ede75080c61345c5990b,4,,,,,,,,,,,,,,,,,,,,,,,,,,,,,,,,,,,,,,,,,,,,,,,,,,,,,,,,,,,,,,,,,,,,,,,,,,,,,,,,,,,,,,,,,,,,,,,,,,,,,,,,,,,,,,,,,,,,,,0,0,0,0,1,,,,,
,,,,,,,,,,,,5f08dafa392f74145122c0ee,13/10/1999,2020-08-27_18h40.23.296,proactive3.1,2020.1.2,Win32,60,5f47c29a48bd2a1e651a6eb7,5f47ede75080c61345c5990b,4,,,,,,,,,,,,,,,,,,,,,,,,,,,,,,,,,,,,,,,,,,,,,,,,,,,,,,,,,,,,,,,,,,,,,,,,,,,,,,,,,,,,,,,,,,,,,,,,,,,,,,,,,,,,,,,,,,,,,,1,0,1,0,1,,,,,
,,,,,,,,,,,,5f08dafa392f74145122c0ee,13/10/1999,2020-08-27_18h40.23.296,proactive3.1,2020.1.2,Win32,60,5f47c29a48bd2a1e651a6eb7,5f47ede75080c61345c5990b,4,,,,,,,,,,,,,,,,,,,,,,,,,,,,,,,,,,,,,,,,,,,,,,,,,,,,,,,,,,,,,,,,,,,,,,,,,,,,,,,,,,,,,,,,,,,,,,,,,,,,,,,,,,,,,,,,,,,,,,2,0,2,0,1,,,,,
,,,,,,,,,,,,5f08dafa392f74145122c0ee,13/10/1999,2020-08-27_18h40.23.296,proactive3.1,2020.1.2,Win32,60,5f47c29a48bd2a1e651a6eb7,5f47ede75080c61345c5990b,4,,,,,,,,,,,,,,,,,5,,,,,,,,,,,,,,,,,,,,,,,,,,,,,,,,,,,,,,,,,,,,,,,,,,,,,,,,,,,?,0.000845,1,FALSE,?,0.000865,3,FALSE,?,0.000685,0,FALSE,?,0.00081,2,FALSE,,,,,,GLASS,dart,stimuli/images/PICTURE_123.png,old-new,SERIES,coin,stimuli/images/PICTURE_383.png,match,IDEAS,sun,stimuli/images/PICTURE_488.png,new-new,ESTATE,runner,stimuli/images/PICTURE_688.png,mis-match,,,,,,,,,,,0,14,14,64,1
,,,,,,,,,,,,5f08dafa392f74145122c0ee,13/10/1999,2020-08-27_18h40.23.296,proactive3.1,2020.1.2,Win32,60,5f47c29a48bd2a1e651a6eb7,5f47ede75080c61345c5990b,4,,,,,,,,,,,,,,,,,,,,,,,,,,,,,,,,,,,,,,,,,,stimuli/search/t.png,stimuli/search/b.png,stimuli/search/b.png,stimuli/search/t.png,stimuli/search/b.png,stimuli/search/t.png,stimuli/search/t.png,stimuli/search/l.png,"[-0.23833333333333334,0.40550822457735625]","[-0.17833333333333334,0.3384826253401673]","[0.17833333333333334,0.3606690679345641]","[0.23833333333333334,0.33147738258676773]","[0.17833333333333334,-0.35575857435938857]","[0.23833333333333334,-0.414084182449836]","[-0.23833333333333334,-0.4084221087698334]","[-0.17833333333333334,-0.35337408752428384]",0,,,,,,,,,,,,,,,,,,,,,,,,,,,,,,,,,,,,,,,,,,,,,,,,,,,,,,,0,0,0,0,1,,,,,,,,,,
,,,,,,,,,,,,5f08dafa392f74145122c0ee,13/10/1999,2020-08-27_18h40.23.296,proactive3.1,2020.1.2,Win32,60,5f47c29a48bd2a1e651a6eb7,5f47ede75080c61345c5990b,4,,,,,,,,,,,,,,,,,,,,,,,,,,,,,,,,,,,,,,,,,,stimuli/search/t.png,stimuli/search/b.png,stimuli/search/t.png,stimuli/search/b.png,stimuli/search/t.png,stimuli/search/b.png,stimuli/search/r.png,stimuli/search/t.png,"[-0.23833333333333334,0.369003125303248]","[-0.17833333333333334,0.34445687555882076]","[0.17833333333333334,0.36682373938826385]","[0.23833333333333334,0.339730856290015]","[0.17833333333333334,-0.3489332629051428]","[0.23833333333333334,-0.41240910525105395]","[-0.23833333333333334,-0.3290562579497769]","[-0.17833333333333334,-0.3843090636855921]",1,,,,,,,,,,,,,,,,,,,,,,,,,,,,,,,,,,,,,,,,,,,,,,,,,,,,,,,1,0,1,0,1,,,,,,,,,,
,,,,,,,,,,,,5f08dafa392f74145122c0ee,13/10/1999,2020-08-27_18h40.23.296,proactive3.1,2020.1.2,Win32,60,5f47c29a48bd2a1e651a6eb7,5f47ede75080c61345c5990b,4,,,,,,,,,,,,,,,,,,,,,,,,,,,,,,,,,,,,,,,,,,stimuli/search/b.png,stimuli/search/t.png,stimuli/search/t.png,stimuli/search/b.png,stimuli/search/b.png,stimuli/search/l.png,stimuli/search/t.png,stimuli/search/b.png,"[-0.23833333333333334,0.3600764909423284]","[-0.17833333333333334,0.333719493868877]","[0.17833333333333334,0.3393340678393018]","[0.23833333333333334,0.36399145889585094]","[0.17833333333333334,-0.37170075344253845]","[0.23833333333333334,-0.38065355909781545]","[-0.23833333333333334,-0.3252801202090251]","[-0.17833333333333334,-0.34724186823984726]",0,,,,,,,,,,,,,,,,,,,,,,,,,,,,,,,,,,,,,,,,,,,,,,,,,,,,,,,2,0,2,0,1,,,,,,,,,,
,,,,,,,,,,,,5f08dafa392f74145122c0ee,13/10/1999,2020-08-27_18h40.23.296,proactive3.1,2020.1.2,Win32,60,5f47c29a48bd2a1e651a6eb7,5f47ede75080c61345c5990b,4,,,,,,,,,,,,,,,,,,,,,,,,,,,,,,,,,,,,,,,,,,stimuli/search/l.png,stimuli/search/b.png,stimuli/search/t.png,stimuli/search/b.png,stimuli/search/t.png,stimuli/search/b.png,stimuli/search/b.png,stimuli/search/t.png,"[-0.23833333333333334,0.36756400707405945]","[-0.17833333333333334,0.3698269143598034]","[0.17833333333333334,0.381926099155331]","[0.23833333333333334,0.3631188392014545]","[0.17833333333333334,-0.4102291360977593]","[0.23833333333333334,-0.3735486741560422]","[-0.23833333333333334,-0.36660681850881266]","[-0.17833333333333334,-0.3406755707494765]",0,,,,,,,,,,,,,,,,,,,,,,,,,,,,,,,,,,,,,,,,,,,,,,,,,,,,,,,3,0,3,0,1,,,,,,,,,,
,,,,,,,,,,,,5f08dafa392f74145122c0ee,13/10/1999,2020-08-27_18h40.23.296,proactive3.1,2020.1.2,Win32,60,5f47c29a48bd2a1e651a6eb7,5f47ede75080c61345c5990b,4,,,,,,,,,,,,,,,,,,,,,,,,,,,,,,,,,,,,,,,,,,,,,,,,,,,,,,,,,,,,,,,,,,,,,,,,,,,,,,,,,,,,,,,,,,,,,,,,,,,,,,,,,,,,,,,,,,,,,,0,0,0,0,1,,,,,
,,,,,,,,,,,,5f08dafa392f74145122c0ee,13/10/1999,2020-08-27_18h40.23.296,proactive3.1,2020.1.2,Win32,60,5f47c29a48bd2a1e651a6eb7,5f47ede75080c61345c5990b,4,,,,,,,,,,,,,,,,,,,,,,,,,,,,,,,,,,,,,,,,,,,,,,,,,,,,,,,,,,,,,,,,,,,,,,,,,,,,,,,,,,,,,,,,,,,,,,,,,,,,,,,,,,,,,,,,,,,,,,1,0,1,0,1,,,,,
,,,,,,,,,,,,5f08dafa392f74145122c0ee,13/10/1999,2020-08-27_18h40.23.296,proactive3.1,2020.1.2,Win32,60,5f47c29a48bd2a1e651a6eb7,5f47ede75080c61345c5990b,4,,,,,,,,,,,,,,,,,,,,,,,,,,,,,,,,,,,,,,,,,,,,,,,,,,,,,,,,,,,,,,,,,,,,,,,,,,,,,,,,,,,,,,,,,,,,,,,,,,,,,,,,,,,,,,,,,,,,,,2,0,2,0,1,,,,,
,,,,,,,,,,,,5f08dafa392f74145122c0ee,13/10/1999,2020-08-27_18h40.23.296,proactive3.1,2020.1.2,Win32,60,5f47c29a48bd2a1e651a6eb7,5f47ede75080c61345c5990b,4,,,,,,,,,,,,,,,,,5,,,,,,,,,,,,,,,,,,,,,,,,,,,,,,,,,,,,,,,,,,,,,,,,,,,,,,,,,,,?,0.000925,3,FALSE,?,0.000745,1,FALSE,?,0.000625,0,FALSE,?,0.00071,2,FALSE,,,,,,WEAPON,perfume,stimuli/images/PICTURE_314.png,new-new,LETTER,stool,stimuli/images/PICTURE_469.png,match,LEADER,crown,stimuli/images/PICTURE_32.png,mis-match,SHOTS,windmill,stimuli/images/PICTURE_675.png,old-new,,,,,,,,,,,0,15,15,69,1
,,,,,,,,,,,,5f08dafa392f74145122c0ee,13/10/1999,2020-08-27_18h40.23.296,proactive3.1,2020.1.2,Win32,60,5f47c29a48bd2a1e651a6eb7,5f47ede75080c61345c5990b,4,,,,,,,,,,,,,,,,,,,,,,,,,,,,,,,,,,,,,,,,,,stimuli/search/t.png,stimuli/search/b.png,stimuli/search/t.png,stimuli/search/l.png,stimuli/search/b.png,stimuli/search/t.png,stimuli/search/t.png,stimuli/search/b.png,"[-0.23833333333333334,0.38989619852225355]","[-0.17833333333333334,0.3714645469159161]","[0.17833333333333334,0.4077295637449276]","[0.23833333333333334,0.3528733901163137]","[0.17833333333333334,-0.3850670405001245]","[0.23833333333333334,-0.34013144897577674]","[-0.23833333333333334,-0.3479313013066645]","[-0.17833333333333334,-0.36500268165077543]",0,,,,,,,,,,,,,,,,,,,,,,,,,,,,,,,,,,,,,,,,,,,,,,,,,,,,,,,0,0,0,0,1,,,,,,,,,,
,,,,,,,,,,,,5f08dafa392f74145122c0ee,13/10/1999,2020-08-27_18h40.23.296,proactive3.1,2020.1.2,Win32,60,5f47c29a48bd2a1e651a6eb7,5f47ede75080c61345c5990b,4,,,,,,,,,,,,,,,,,,,,,,,,,,,,,,,,,,,,,,,,,,stimuli/search/t.png,stimuli/search/b.png,stimuli/search/b.png,stimuli/search/t.png,stimuli/search/t.png,stimuli/search/r.png,stimuli/search/b.png,stimuli/search/t.png,"[-0.23833333333333334,0.39269450135415507]","[-0.17833333333333334,0.41649808987176656]","[0.17833333333333334,0.3624113195626276]","[0.23833333333333334,0.34947157179093113]","[0.17833333333333334,-0.3944234922188322]","[0.23833333333333334,-0.36324498081242473]","[-0.23833333333333334,-0.40547270573433447]","[-0.17833333333333334,-0.4116919787757647]",1,,,,,,,,,,,,,,,,,,,,,,,,,,,,,,,,,,,,,,,,,,,,,,,,,,,,,,,1,0,1,0,1,,,,,,,,,,
,,,,,,,,,,,,5f08dafa392f74145122c0ee,13/10/1999,2020-08-27_18h40.23.296,proactive3.1,2020.1.2,Win32,60,5f47c29a48bd2a1e651a6eb7,5f47ede75080c61345c5990b,4,,,,,,,,,,,,,,,,,,,,,,,,,,,,,,,,,,,,,,,,,,stimuli/search/r.png,stimuli/search/t.png,stimuli/search/b.png,stimuli/search/t.png,stimuli/search/b.png,stimuli/search/t.png,stimuli/search/b.png,stimuli/search/t.png,"[-0.23833333333333334,0.35869273712028227]","[-0.17833333333333334,0.36556581759830364]","[0.17833333333333334,0.41375601454926186]","[0.23833333333333334,0.3257557904737098]","[0.17833333333333334,-0.337812509995426]","[0.23833333333333334,-0.3718231611725924]","[-0.23833333333333334,-0.41624272956456293]","[-0.17833333333333334,-0.34394193584313537]",1,,,,,,,,,,,,,,,,,,,,,,,,,,,,,,,,,,,,,,,,,,,,,,,,,,,,,,,2,0,2,0,1,,,,,,,,,,
,,,,,,,,,,,,5f08dafa392f74145122c0ee,13/10/1999,2020-08-27_18h40.23.296,proactive3.1,2020.1.2,Win32,60,5f47c29a48bd2a1e651a6eb7,5f47ede75080c61345c5990b,4,,,,,,,,,,,,,,,,,,,,,,,,,,,,,,,,,,,,,,,,,,stimuli/search/l.png,stimuli/search/b.png,stimuli/search/t.png,stimuli/search/b.png,stimuli/search/t.png,stimuli/search/b.png,stimuli/search/t.png,stimuli/search/b.png,"[-0.23833333333333334,0.3761851320834591]","[-0.17833333333333334,0.33363111193606904]","[0.17833333333333334,0.39047762102781164]","[0.23833333333333334,0.3738130476057875]","[0.17833333333333334,-0.34146459251297817]","[0.23833333333333334,-0.41514491901076345]","[-0.23833333333333334,-0.34103161940289534]","[-0.17833333333333334,-0.4151251687731493]",0,,,,,,,,,,,,,,,,,,,,,,,,,,,,,,,,,,,,,,,,,,,,,,,,,,,,,,,3,0,3,0,1,,,,,,,,,,
,,,,,,,,,,,,5f08dafa392f74145122c0ee,13/10/1999,2020-08-27_18h40.23.296,proactive3.1,2020.1.2,Win32,60,5f47c29a48bd2a1e651a6eb7,5f47ede75080c61345c5990b,4,,,,,,,,,,,,,,,,,,,,,,,,,,,,,,,,,,,,,,,,,,,,,,,,,,,,,,,,,,,,,,,,,,,,,,,,,,,,,,,,,,,,,,,,,,,,,,,,,,,,,,,,,,,,,,,,,,,,,,0,0,0,0,1,,,,,
,,,,,,,,,,,,5f08dafa392f74145122c0ee,13/10/1999,2020-08-27_18h40.23.296,proactive3.1,2020.1.2,Win32,60,5f47c29a48bd2a1e651a6eb7,5f47ede75080c61345c5990b,4,,,,,,,,,,,,,,,,,,,,,,,,,,,,,,,,,,,,,,,,,,,,,,,,,,,,,,,,,,,,,,,,,,,,,,,,,,,,,,,,,,,,,,,,,,,,,,,,,,,,,,,,,,,,,,,,,,,,,,1,0,1,0,1,,,,,
,,,,,,,,,,,,5f08dafa392f74145122c0ee,13/10/1999,2020-08-27_18h40.23.296,proactive3.1,2020.1.2,Win32,60,5f47c29a48bd2a1e651a6eb7,5f47ede75080c61345c5990b,4,,,,,,,,,,,,,,,,,,,,,,,,,,,,,,,,,,,,,,,,,,,,,,,,,,,,,,,,,,,,,,,,,,,,,,,,,,,,,,,,,,,,,,,,,,,,,,,,,,,,,,,,,,,,,,,,,,,,,,2,0,2,0,1,,,,,
,,,,,,,,,,,,5f08dafa392f74145122c0ee,13/10/1999,2020-08-27_18h40.23.296,proactive3.1,2020.1.2,Win32,60,5f47c29a48bd2a1e651a6eb7,5f47ede75080c61345c5990b,4,,,,,,,,,,,,,,,,,2,,,,,,,,,,,,,,,,,,,,,,,,,,,,,,,,,,,,,,,,,,,,,,,,,,,,,,,,,,,?,0.000845,3,FALSE,?,0.000775,1,FALSE,?,0.00069,0,FALSE,?,0.00056,2,FALSE,,,,,,FOOD,cathedral,stimuli/images/PICTURE_403.png,new-new,LETTER,hanger,stimuli/images/PICTURE_147.png,new-new,MOMENT,aeroplane,stimuli/images/PICTURE_297.png,new-new,MILLER,sunflower,stimuli/images/PICTURE_141.png,new-new,,,,,,,,,,,0,16,16,28,1
,,,,,,,,,,,,5f08dafa392f74145122c0ee,13/10/1999,2020-08-27_18h40.23.296,proactive3.1,2020.1.2,Win32,60,5f47c29a48bd2a1e651a6eb7,5f47ede75080c61345c5990b,4,,,,,,,,,,,,,,,,,,,,,,,,,,,,,,,,,,,,,,,,,,stimuli/search/b.png,stimuli/search/t.png,stimuli/search/r.png,stimuli/search/b.png,stimuli/search/b.png,stimuli/search/t.png,stimuli/search/b.png,stimuli/search/t.png,"[-0.23833333333333334,0.4095642860376797]","[-0.17833333333333334,0.35896729914077613]","[0.17833333333333334,0.3270203909475605]","[0.23833333333333334,0.401086624887197]","[0.17833333333333334,-0.3294417440114984]","[0.23833333333333334,-0.3790492634434075]","[-0.23833333333333334,-0.4159754506688378]","[-0.17833333333333334,-0.38158582884134673]",1,,,,,,,,,,,,,,,,,,,,,,,,,,,,,,,,,,,,,,,,,,,,,,,,,,,,,,,0,0,0,0,1,,,,,,,,,,
,,,,,,,,,,,,5f08dafa392f74145122c0ee,13/10/1999,2020-08-27_18h40.23.296,proactive3.1,2020.1.2,Win32,60,5f47c29a48bd2a1e651a6eb7,5f47ede75080c61345c5990b,4,,,,,,,,,,,,,,,,,,,,,,,,,,,,,,,,,,,,,,,,,,stimuli/search/t.png,stimuli/search/b.png,stimuli/search/t.png,stimuli/search/b.png,stimuli/search/b.png,stimuli/search/r.png,stimuli/search/b.png,stimuli/search/t.png,"[-0.23833333333333334,0.41190775560899623]","[-0.17833333333333334,0.37406236240736657]","[0.17833333333333334,0.347783105777314]","[0.23833333333333334,0.38688901220043315]","[0.17833333333333334,-0.38040717701527005]","[0.23833333333333334,-0.41213863712042176]","[-0.23833333333333334,-0.3773230139066539]","[-0.17833333333333334,-0.36072782529588604]",1,,,,,,,,,,,,,,,,,,,,,,,,,,,,,,,,,,,,,,,,,,,,,,,,,,,,,,,1,0,1,0,1,,,,,,,,,,
,,,,,,,,,,,,5f08dafa392f74145122c0ee,13/10/1999,2020-08-27_18h40.23.296,proactive3.1,2020.1.2,Win32,60,5f47c29a48bd2a1e651a6eb7,5f47ede75080c61345c5990b,4,,,,,,,,,,,,,,,,,,,,,,,,,,,,,,,,,,,,,,,,,,stimuli/search/b.png,stimuli/search/t.png,stimuli/search/b.png,stimuli/search/t.png,stimuli/search/b.png,stimuli/search/t.png,stimuli/search/t.png,stimuli/search/l.png,"[-0.23833333333333334,0.34442661402709657]","[-0.17833333333333334,0.3924863789032228]","[0.17833333333333334,0.4060362257385591]","[0.23833333333333334,0.40609469266360193]","[0.17833333333333334,-0.3432432562109752]","[0.23833333333333334,-0.3767341224195981]","[-0.23833333333333334,-0.35420356881599724]","[-0.17833333333333334,-0.34241844471271593]",0,,,,,,,,,,,,,,,,,,,,,,,,,,,,,,,,,,,,,,,,,,,,,,,,,,,,,,,2,0,2,0,1,,,,,,,,,,
,,,,,,,,,,,,5f08dafa392f74145122c0ee,13/10/1999,2020-08-27_18h40.23.296,proactive3.1,2020.1.2,Win32,60,5f47c29a48bd2a1e651a6eb7,5f47ede75080c61345c5990b,4,,,,,,,,,,,,,,,,,,,,,,,,,,,,,,,,,,,,,,,,,,stimuli/search/b.png,stimuli/search/r.png,stimuli/search/t.png,stimuli/search/b.png,stimuli/search/t.png,stimuli/search/b.png,stimuli/search/t.png,stimuli/search/b.png,"[-0.23833333333333334,0.4010620275518583]","[-0.17833333333333334,0.35811717472281307]","[0.17833333333333334,0.3847484694365157]","[0.23833333333333334,0.3778733998304529]","[0.17833333333333334,-0.38108553104277987]","[0.23833333333333334,-0.3737626713384912]","[-0.23833333333333334,-0.3378177216510562]","[-0.17833333333333334,-0.40173273440873347]",1,,,,,,,,,,,,,,,,,,,,,,,,,,,,,,,,,,,,,,,,,,,,,,,,,,,,,,,3,0,3,0,1,,,,,,,,,,
,,,,,,,,,,,,5f08dafa392f74145122c0ee,13/10/1999,2020-08-27_18h40.23.296,proactive3.1,2020.1.2,Win32,60,5f47c29a48bd2a1e651a6eb7,5f47ede75080c61345c5990b,4,,,,,,,,,,,,,,,,,,,,,,,,,,,,,,,,,,,,,,,,,,,,,,,,,,,,,,,,,,,,,,,,,,,,,,,,,,,,,,,,,,,,,,,,,,,,,,,,,,,,,,,,,,,,,,,,,,,,,,0,0,0,0,1,,,,,
,,,,,,,,,,,,5f08dafa392f74145122c0ee,13/10/1999,2020-08-27_18h40.23.296,proactive3.1,2020.1.2,Win32,60,5f47c29a48bd2a1e651a6eb7,5f47ede75080c61345c5990b,4,,,,,,,,,,,,,,,,,,,,,,,,,,,,,,,,,,,,,,,,,,,,,,,,,,,,,,,,,,,,,,,,,,,,,,,,,,,,,,,,,,,,,,,,,,,,,,,,,,,,,,,,,,,,,,,,,,,,,,1,0,1,0,1,,,,,
,,,,,,,,,,,,5f08dafa392f74145122c0ee,13/10/1999,2020-08-27_18h40.23.296,proactive3.1,2020.1.2,Win32,60,5f47c29a48bd2a1e651a6eb7,5f47ede75080c61345c5990b,4,,,,,,,,,,,,,,,,,,,,,,,,,,,,,,,,,,,,,,,,,,,,,,,,,,,,,,,,,,,,,,,,,,,,,,,,,,,,,,,,,,,,,,,,,,,,,,,,,,,,,,,,,,,,,,,,,,,,,,2,0,2,0,1,,,,,
,,,,,,,,,,,,5f08dafa392f74145122c0ee,13/10/1999,2020-08-27_18h40.23.296,proactive3.1,2020.1.2,Win32,60,5f47c29a48bd2a1e651a6eb7,5f47ede75080c61345c5990b,4,,,,,,,,,,,,,,,,,1,,,,,,,,,,,,,,,,,,,,,,,,,,,,,,,,,,,,,,,,,,,,,,,,,,,,,,,,,,,?,0.00079,3,FALSE,?,0.000665,1,FALSE,?,0.000755,0,FALSE,?,0.000605,2,FALSE,,,,,,BOYS,tyre,stimuli/images/PICTURE_2.png,mis-match,SHOTS,telephone,stimuli/images/PICTURE_509.png,match,AREA,cart,stimuli/images/PICTURE_248.png,new-new,SPIRIT,basket,stimuli/images/PICTURE_487.png,old-new,,,,,,,,,,,0,17,17,4,1
,,,,,,,,,,,,5f08dafa392f74145122c0ee,13/10/1999,2020-08-27_18h40.23.296,proactive3.1,2020.1.2,Win32,60,5f47c29a48bd2a1e651a6eb7,5f47ede75080c61345c5990b,4,,,,,,,,,,,,,,,,,,,,,,,,,,,,,,,,,,,,,,,,,,stimuli/search/b.png,stimuli/search/t.png,stimuli/search/t.png,stimuli/search/b.png,stimuli/search/t.png,stimuli/search/b.png,stimuli/search/r.png,stimuli/search/b.png,"[-0.23833333333333334,0.3240859950188534]","[-0.17833333333333334,0.3391600571422851]","[0.17833333333333334,0.3486049277822588]","[0.23833333333333334,0.3926159995319077]","[0.17833333333333334,-0.40608824043493164]","[0.23833333333333334,-0.3399888381182249]","[-0.23833333333333334,-0.35762873034600046]","[-0.17833333333333334,-0.3841480938377499]",1,,,,,,,,,,,,,,,,,,,,,,,,,,,,,,,,,,,,,,,,,,,,,,,,,,,,,,,0,0,0,0,1,,,,,,,,,,
,,,,,,,,,,,,5f08dafa392f74145122c0ee,13/10/1999,2020-08-27_18h40.23.296,proactive3.1,2020.1.2,Win32,60,5f47c29a48bd2a1e651a6eb7,5f47ede75080c61345c5990b,4,,,,,,,,,,,,,,,,,,,,,,,,,,,,,,,,,,,,,,,,,,stimuli/search/t.png,stimuli/search/b.png,stimuli/search/t.png,stimuli/search/b.png,stimuli/search/b.png,stimuli/search/l.png,stimuli/search/t.png,stimuli/search/b.png,"[-0.23833333333333334,0.33698078504129114]","[-0.17833333333333334,0.3427917036854438]","[0.17833333333333334,0.3553212787291923]","[0.23833333333333334,0.3331216940443511]","[0.17833333333333334,-0.3905959993364042]","[0.23833333333333334,-0.3915183294769327]","[-0.23833333333333334,-0.3843174989035008]","[-0.17833333333333334,-0.38775152349925]",0,,,,,,,,,,,,,,,,,,,,,,,,,,,,,,,,,,,,,,,,,,,,,,,,,,,,,,,1,0,1,0,1,,,,,,,,,,
,,,,,,,,,,,,5f08dafa392f74145122c0ee,13/10/1999,2020-08-27_18h40.23.296,proactive3.1,2020.1.2,Win32,60,5f47c29a48bd2a1e651a6eb7,5f47ede75080c61345c5990b,4,,,,,,,,,,,,,,,,,,,,,,,,,,,,,,,,,,,,,,,,,,stimuli/search/b.png,stimuli/search/l.png,stimuli/search/t.png,stimuli/search/b.png,stimuli/search/b.png,stimuli/search/t.png,stimuli/search/b.png,stimuli/search/t.png,"[-0.23833333333333334,0.3574481774438176]","[-0.17833333333333334,0.35469486880688084]","[0.17833333333333334,0.34536484527828515]","[0.23833333333333334,0.39466678346634576]","[0.17833333333333334,-0.33121159548123125]","[0.23833333333333334,-0.3257159393706888]","[-0.23833333333333334,-0.38586445450024465]","[-0.17833333333333334,-0.34042530695370377]",0,,,,,,,,,,,,,,,,,,,,,,,,,,,,,,,,,,,,,,,,,,,,,,,,,,,,,,,2,0,2,0,1,,,,,,,,,,
,,,,,,,,,,,,5f08dafa392f74145122c0ee,13/10/1999,2020-08-27_18h40.23.296,proactive3.1,2020.1.2,Win32,60,5f47c29a48bd2a1e651a6eb7,5f47ede75080c61345c5990b,4,,,,,,,,,,,,,,,,,,,,,,,,,,,,,,,,,,,,,,,,,,stimuli/search/b.png,stimuli/search/t.png,stimuli/search/b.png,stimuli/search/r.png,stimuli/search/t.png,stimuli/search/b.png,stimuli/search/t.png,stimuli/search/b.png,"[-0.23833333333333334,0.36067876266189536]","[-0.17833333333333334,0.3345100680935805]","[0.17833333333333334,0.32881109423049226]","[0.23833333333333334,0.34300458358278074]","[0.17833333333333334,-0.4036141253667425]","[0.23833333333333334,-0.32691633127467606]","[-0.23833333333333334,-0.4086708022909841]","[-0.17833333333333334,-0.3354208626547659]",1,,,,,,,,,,,,,,,,,,,,,,,,,,,,,,,,,,,,,,,,,,,,,,,,,,,,,,,3,0,3,0,1,,,,,,,,,,
,,,,,,,,,,,,5f08dafa392f74145122c0ee,13/10/1999,2020-08-27_18h40.23.296,proactive3.1,2020.1.2,Win32,60,5f47c29a48bd2a1e651a6eb7,5f47ede75080c61345c5990b,4,,,,,,,,,,,,,,,,,,,,,,,,,,,,,,,,,,,,,,,,,,,,,,,,,,,,,,,,,,,,,,,,,,,,,,,,,,,,,,,,,,,,,,,,,,,,,,,,,,,,,,,,,,,,,,,,,,,,,,0,0,0,0,1,,,,,
,,,,,,,,,,,,5f08dafa392f74145122c0ee,13/10/1999,2020-08-27_18h40.23.296,proactive3.1,2020.1.2,Win32,60,5f47c29a48bd2a1e651a6eb7,5f47ede75080c61345c5990b,4,,,,,,,,,,,,,,,,,,,,,,,,,,,,,,,,,,,,,,,,,,,,,,,,,,,,,,,,,,,,,,,,,,,,,,,,,,,,,,,,,,,,,,,,,,,,,,,,,,,,,,,,,,,,,,,,,,,,,,1,0,1,0,1,,,,,
,,,,,,,,,,,,5f08dafa392f74145122c0ee,13/10/1999,2020-08-27_18h40.23.296,proactive3.1,2020.1.2,Win32,60,5f47c29a48bd2a1e651a6eb7,5f47ede75080c61345c5990b,4,,,,,,,,,,,,,,,,,,,,,,,,,,,,,,,,,,,,,,,,,,,,,,,,,,,,,,,,,,,,,,,,,,,,,,,,,,,,,,,,,,,,,,,,,,,,,,,,,,,,,,,,,,,,,,,,,,,,,,2,0,2,0,1,,,,,
,,,,,,,,,,,,5f08dafa392f74145122c0ee,13/10/1999,2020-08-27_18h40.23.296,proactive3.1,2020.1.2,Win32,60,5f47c29a48bd2a1e651a6eb7,5f47ede75080c61345c5990b,4,,,,,,,,,,,,,,,,,2,,,,,,,,,,,,,,,,,,,,,,,,,,,,,,,,,,,,,,,,,,,,,,,,,,,,,,,,,,,?,0.00066,1,FALSE,?,0.000735,0,FALSE,?,0.000715,3,FALSE,?,0.00069,2,FALSE,,,,,,GLASS,rug,stimuli/images/PICTURE_491.png,match,DEMON,salt,stimuli/images/PICTURE_233.png,new-new,FEET,crown,stimuli/images/PICTURE_32.png,old-new,BATH,daisy,stimuli/images/PICTURE_667.png,mis-match,,,,,,,,,,,0,18,18,22,1
,,,,,,,,,,,,5f08dafa392f74145122c0ee,13/10/1999,2020-08-27_18h40.23.296,proactive3.1,2020.1.2,Win32,60,5f47c29a48bd2a1e651a6eb7,5f47ede75080c61345c5990b,4,,,,,,,,,,,,,,,,,,,,,,,,,,,,,,,,,,,,,,,,,,stimuli/search/b.png,stimuli/search/t.png,stimuli/search/b.png,stimuli/search/t.png,stimuli/search/b.png,stimuli/search/t.png,stimuli/search/r.png,stimuli/search/b.png,"[-0.23833333333333334,0.4004659115883934]","[-0.17833333333333334,0.36949119497725247]","[0.17833333333333334,0.35907390501274605]","[0.23833333333333334,0.3462317538468939]","[0.17833333333333334,-0.40261640797283194]","[0.23833333333333334,-0.38263867384451616]","[-0.23833333333333334,-0.38225224925551926]","[-0.17833333333333334,-0.4068814365911461]",1,,,,,,,,,,,,,,,,,,,,,,,,,,,,,,,,,,,,,,,,,,,,,,,,,,,,,,,0,0,0,0,1,,,,,,,,,,
,,,,,,,,,,,,5f08dafa392f74145122c0ee,13/10/1999,2020-08-27_18h40.23.296,proactive3.1,2020.1.2,Win32,60,5f47c29a48bd2a1e651a6eb7,5f47ede75080c61345c5990b,4,,,,,,,,,,,,,,,,,,,,,,,,,,,,,,,,,,,,,,,,,,stimuli/search/t.png,stimuli/search/b.png,stimuli/search/b.png,stimuli/search/t.png,stimuli/search/b.png,stimuli/search/r.png,stimuli/search/t.png,stimuli/search/b.png,"[-0.23833333333333334,0.39221889755461187]","[-0.17833333333333334,0.3870793842714846]","[0.17833333333333334,0.37325350923331047]","[0.23833333333333334,0.39003783473150666]","[0.17833333333333334,-0.36274187817507714]","[0.23833333333333334,-0.34249034531760575]","[-0.23833333333333334,-0.3846681843622137]","[-0.17833333333333334,-0.34023106111039164]",1,,,,,,,,,,,,,,,,,,,,,,,,,,,,,,,,,,,,,,,,,,,,,,,,,,,,,,,1,0,1,0,1,,,,,,,,,,
,,,,,,,,,,,,5f08dafa392f74145122c0ee,13/10/1999,2020-08-27_18h40.23.296,proactive3.1,2020.1.2,Win32,60,5f47c29a48bd2a1e651a6eb7,5f47ede75080c61345c5990b,4,,,,,,,,,,,,,,,,,,,,,,,,,,,,,,,,,,,,,,,,,,stimuli/search/t.png,stimuli/search/b.png,stimuli/search/b.png,stimuli/search/t.png,stimuli/search/r.png,stimuli/search/t.png,stimuli/search/b.png,stimuli/search/t.png,"[-0.23833333333333334,0.4075086512149822]","[-0.17833333333333334,0.39818420889084033]","[0.17833333333333334,0.3740476096270704]","[0.23833333333333334,0.35421145729367653]","[0.17833333333333334,-0.40963481958769454]","[0.23833333333333334,-0.33600773067442996]","[-0.23833333333333334,-0.4076401447750576]","[-0.17833333333333334,-0.41544785488908675]",1,,,,,,,,,,,,,,,,,,,,,,,,,,,,,,,,,,,,,,,,,,,,,,,,,,,,,,,2,0,2,0,1,,,,,,,,,,
,,,,,,,,,,,,5f08dafa392f74145122c0ee,13/10/1999,2020-08-27_18h40.23.296,proactive3.1,2020.1.2,Win32,60,5f47c29a48bd2a1e651a6eb7,5f47ede75080c61345c5990b,4,,,,,,,,,,,,,,,,,,,,,,,,,,,,,,,,,,,,,,,,,,stimuli/search/t.png,stimuli/search/b.png,stimuli/search/t.png,stimuli/search/b.png,stimuli/search/b.png,stimuli/search/l.png,stimuli/search/b.png,stimuli/search/t.png,"[-0.23833333333333334,0.4095517633373995]","[-0.17833333333333334,0.3448005845300804]","[0.17833333333333334,0.3373579540714508]","[0.23833333333333334,0.3337233267973228]","[0.17833333333333334,-0.37374404295852726]","[0.23833333333333334,-0.41168364105377175]","[-0.23833333333333334,-0.3769675750405303]","[-0.17833333333333334,-0.3315250738030579]",0,,,,,,,,,,,,,,,,,,,,,,,,,,,,,,,,,,,,,,,,,,,,,,,,,,,,,,,3,0,3,0,1,,,,,,,,,,
,,,,,,,,,,,,5f08dafa392f74145122c0ee,13/10/1999,2020-08-27_18h40.23.296,proactive3.1,2020.1.2,Win32,60,5f47c29a48bd2a1e651a6eb7,5f47ede75080c61345c5990b,4,,,,,,,,,,,,,,,,,,,,,,,,,,,,,,,,,,,,,,,,,,,,,,,,,,,,,,,,,,,,,,,,,,,,,,,,,,,,,,,,,,,,,,,,,,,,,,,,,,,,,,,,,,,,,,,,,,,,,,0,0,0,0,1,,,,,
,,,,,,,,,,,,5f08dafa392f74145122c0ee,13/10/1999,2020-08-27_18h40.23.296,proactive3.1,2020.1.2,Win32,60,5f47c29a48bd2a1e651a6eb7,5f47ede75080c61345c5990b,4,,,,,,,,,,,,,,,,,,,,,,,,,,,,,,,,,,,,,,,,,,,,,,,,,,,,,,,,,,,,,,,,,,,,,,,,,,,,,,,,,,,,,,,,,,,,,,,,,,,,,,,,,,,,,,,,,,,,,,1,0,1,0,1,,,,,
,,,,,,,,,,,,5f08dafa392f74145122c0ee,13/10/1999,2020-08-27_18h40.23.296,proactive3.1,2020.1.2,Win32,60,5f47c29a48bd2a1e651a6eb7,5f47ede75080c61345c5990b,4,,,,,,,,,,,,,,,,,,,,,,,,,,,,,,,,,,,,,,,,,,,,,,,,,,,,,,,,,,,,,,,,,,,,,,,,,,,,,,,,,,,,,,,,,,,,,,,,,,,,,,,,,,,,,,,,,,,,,,2,0,2,0,1,,,,,
,,,,,,,,,,,,5f08dafa392f74145122c0ee,13/10/1999,2020-08-27_18h40.23.296,proactive3.1,2020.1.2,Win32,60,5f47c29a48bd2a1e651a6eb7,5f47ede75080c61345c5990b,4,,,,,,,,,,,,,,,,,1,,,,,,,,,,,,,,,,,,,,,,,,,,,,,,,,,,,,,,,,,,,,,,,,,,,,,,,,,,,?,0.000795,3,FALSE,?,0.000765,2,FALSE,?,0.0011,0,FALSE,?,0.00089,1,FALSE,,,,,,COPS,suitcase,stimuli/images/PICTURE_95.png,mis-match,YARD,stool,stimuli/images/PICTURE_469.png,old-new,LOTS,bolt,stimuli/images/PICTURE_296.png,match,ROOF,planet,stimuli/images/PICTURE_18.png,new-new,,,,,,,,,,,0,19,19,7,1
,,,,,,,,,,,,5f08dafa392f74145122c0ee,13/10/1999,2020-08-27_18h40.23.296,proactive3.1,2020.1.2,Win32,60,5f47c29a48bd2a1e651a6eb7,5f47ede75080c61345c5990b,4,,,,,,,,,,,,,,,,,,,,,,,,,,,,,,,,,,,,,,,,,,stimuli/search/t.png,stimuli/search/b.png,stimuli/search/r.png,stimuli/search/t.png,stimuli/search/b.png,stimuli/search/t.png,stimuli/search/b.png,stimuli/search/t.png,"[-0.23833333333333334,0.3743217711918376]","[-0.17833333333333334,0.41539904655526244]","[0.17833333333333334,0.36093335382465086]","[0.23833333333333334,0.3639182199643804]","[0.17833333333333334,-0.3760831248907012]","[0.23833333333333334,-0.39578918739974633]","[-0.23833333333333334,-0.3407769155140899]","[-0.17833333333333334,-0.3572505842117372]",1,,,,,,,,,,,,,,,,,,,,,,,,,,,,,,,,,,,,,,,,,,,,,,,,,,,,,,,0,0,0,0,1,,,,,,,,,,
,,,,,,,,,,,,5f08dafa392f74145122c0ee,13/10/1999,2020-08-27_18h40.23.296,proactive3.1,2020.1.2,Win32,60,5f47c29a48bd2a1e651a6eb7,5f47ede75080c61345c5990b,4,,,,,,,,,,,,,,,,,,,,,,,,,,,,,,,,,,,,,,,,,,stimuli/search/b.png,stimuli/search/t.png,stimuli/search/b.png,stimuli/search/t.png,stimuli/search/b.png,stimuli/search/l.png,stimuli/search/t.png,stimuli/search/b.png,"[-0.23833333333333334,0.34591722314763174]","[-0.17833333333333334,0.4117613105629211]","[0.17833333333333334,0.3625715002476091]","[0.23833333333333334,0.3700865345121024]","[0.17833333333333334,-0.4122801050158414]","[0.23833333333333334,-0.36936573098425557]","[-0.23833333333333334,-0.3895496733023811]","[-0.17833333333333334,-0.41578059356746067]",0,,,,,,,,,,,,,,,,,,,,,,,,,,,,,,,,,,,,,,,,,,,,,,,,,,,,,,,1,0,1,0,1,,,,,,,,,,
,,,,,,,,,,,,5f08dafa392f74145122c0ee,13/10/1999,2020-08-27_18h40.23.296,proactive3.1,2020.1.2,Win32,60,5f47c29a48bd2a1e651a6eb7,5f47ede75080c61345c5990b,4,,,,,,,,,,,,,,,,,,,,,,,,,,,,,,,,,,,,,,,,,,stimuli/search/b.png,stimuli/search/t.png,stimuli/search/t.png,stimuli/search/r.png,stimuli/search/t.png,stimuli/search/b.png,stimuli/search/b.png,stimuli/search/t.png,"[-0.23833333333333334,0.33339792449803146]","[-0.17833333333333334,0.40663987344803093]","[0.17833333333333334,0.38148411133871957]","[0.23833333333333334,0.39855442427810295]","[0.17833333333333334,-0.4148421634766921]","[0.23833333333333334,-0.3695606303530285]","[-0.23833333333333334,-0.35469530160144574]","[-0.17833333333333334,-0.394493438223752]",1,,,,,,,,,,,,,,,,,,,,,,,,,,,,,,,,,,,,,,,,,,,,,,,,,,,,,,,2,0,2,0,1,,,,,,,,,,
,,,,,,,,,,,,5f08dafa392f74145122c0ee,13/10/1999,2020-08-27_18h40.23.296,proactive3.1,2020.1.2,Win32,60,5f47c29a48bd2a1e651a6eb7,5f47ede75080c61345c5990b,4,,,,,,,,,,,,,,,,,,,,,,,,,,,,,,,,,,,,,,,,,,stimuli/search/t.png,stimuli/search/r.png,stimuli/search/b.png,stimuli/search/t.png,stimuli/search/t.png,stimuli/search/b.png,stimuli/search/t.png,stimuli/search/b.png,"[-0.23833333333333334,0.3689315711884133]","[-0.17833333333333334,0.344627722490779]","[0.17833333333333334,0.4104131988718798]","[0.23833333333333334,0.3521939830874339]","[0.17833333333333334,-0.33949148589833816]","[0.23833333333333334,-0.3823402402551174]","[-0.23833333333333334,-0.3574778070201252]","[-0.17833333333333334,-0.4142302773361525]",1,,,,,,,,,,,,,,,,,,,,,,,,,,,,,,,,,,,,,,,,,,,,,,,,,,,,,,,3,0,3,0,1,,,,,,,,,,
,,,,,,,,,,,,5f08dafa392f74145122c0ee,13/10/1999,2020-08-27_18h40.23.296,proactive3.1,2020.1.2,Win32,60,5f47c29a48bd2a1e651a6eb7,5f47ede75080c61345c5990b,4,,,,,,,,,,,,,,,,,,,,,,,,,,,,,,,,,,,,,,,,,,,,,,,,,,,,,,,,,,,,,,,,,,,,,,,,,,,,,,,,,,,,,,,,,,,,,,,,,,,,,,,,,,,,,,,,,,,,,,0,0,0,0,1,,,,,
,,,,,,,,,,,,5f08dafa392f74145122c0ee,13/10/1999,2020-08-27_18h40.23.296,proactive3.1,2020.1.2,Win32,60,5f47c29a48bd2a1e651a6eb7,5f47ede75080c61345c5990b,4,,,,,,,,,,,,,,,,,,,,,,,,,,,,,,,,,,,,,,,,,,,,,,,,,,,,,,,,,,,,,,,,,,,,,,,,,,,,,,,,,,,,,,,,,,,,,,,,,,,,,,,,,,,,,,,,,,,,,,1,0,1,0,1,,,,,
,,,,,,,,,,,,5f08dafa392f74145122c0ee,13/10/1999,2020-08-27_18h40.23.296,proactive3.1,2020.1.2,Win32,60,5f47c29a48bd2a1e651a6eb7,5f47ede75080c61345c5990b,4,,,,,,,,,,,,,,,,,,,,,,,,,,,,,,,,,,,,,,,,,,,,,,,,,,,,,,,,,,,,,,,,,,,,,,,,,,,,,,,,,,,,,,,,,,,,,,,,,,,,,,,,,,,,,,,,,,,,,,2,0,2,0,1,,,,,
,,,,,,,,,,,,5f08dafa392f74145122c0ee,13/10/1999,2020-08-27_18h40.23.296,proactive3.1,2020.1.2,Win32,60,5f47c29a48bd2a1e651a6eb7,5f47ede75080c61345c5990b,4,,,,,,,,,,,,,,,,,1,,,,,,,,,,,,,,,,,,,,,,,,,,,,,,,,,,,,,,,,,,,,,,,,,,,,,,,,,,,?,0.000745,2,FALSE,?,0.00073,0,FALSE,?,0.00062,3,FALSE,?,0.00067,1,FALSE,,,,,,PRINCE,peg,stimuli/images/PICTURE_467.png,new-new,GIRL,map,stimuli/images/PICTURE_677.png,new-new,YEAR,coin,stimuli/images/PICTURE_383.png,new-new,FEET,crown,stimuli/images/PICTURE_32.png,new-new,,,,,,,,,,,0,20,20,13,1
,,,,,,,,,,,,5f08dafa392f74145122c0ee,13/10/1999,2020-08-27_18h40.23.296,proactive3.1,2020.1.2,Win32,60,5f47c29a48bd2a1e651a6eb7,5f47ede75080c61345c5990b,4,,,,,,,,,,,,,,,,,,,,,,,,,,,,,,,,,,,,,,,,,,stimuli/search/b.png,stimuli/search/t.png,stimuli/search/r.png,stimuli/search/b.png,stimuli/search/t.png,stimuli/search/b.png,stimuli/search/t.png,stimuli/search/b.png,"[-0.23833333333333334,0.3456685026811969]","[-0.17833333333333334,0.37168164733862463]","[0.17833333333333334,0.39103230774864883]","[0.23833333333333334,0.36518624881770906]","[0.17833333333333334,-0.38187155920589894]","[0.23833333333333334,-0.39585430184374]","[-0.23833333333333334,-0.3795518995619976]","[-0.17833333333333334,-0.3887290005746476]",1,,,,,,,,,,,,,,,,,,,,,,,,,,,,,,,,,,,,,,,,,,,,,,,,,,,,,,,0,0,0,0,1,,,,,,,,,,
,,,,,,,,,,,,5f08dafa392f74145122c0ee,13/10/1999,2020-08-27_18h40.23.296,proactive3.1,2020.1.2,Win32,60,5f47c29a48bd2a1e651a6eb7,5f47ede75080c61345c5990b,4,,,,,,,,,,,,,,,,,,,,,,,,,,,,,,,,,,,,,,,,,,stimuli/search/t.png,stimuli/search/b.png,stimuli/search/l.png,stimuli/search/t.png,stimuli/search/b.png,stimuli/search/t.png,stimuli/search/t.png,stimuli/search/b.png,"[-0.23833333333333334,0.3449851066881315]","[-0.17833333333333334,0.357743049728267]","[0.17833333333333334,0.3634607251747216]","[0.23833333333333334,0.3804477970246934]","[0.17833333333333334,-0.40778519691484943]","[0.23833333333333334,-0.3374847554917687]","[-0.23833333333333334,-0.3786925192137742]","[-0.17833333333333334,-0.3896145639274338]",0,,,,,,,,,,,,,,,,,,,,,,,,,,,,,,,,,,,,,,,,,,,,,,,,,,,,,,,1,0,1,0,1,,,,,,,,,,
,,,,,,,,,,,,5f08dafa392f74145122c0ee,13/10/1999,2020-08-27_18h40.23.296,proactive3.1,2020.1.2,Win32,60,5f47c29a48bd2a1e651a6eb7,5f47ede75080c61345c5990b,4,,,,,,,,,,,,,,,,,,,,,,,,,,,,,,,,,,,,,,,,,,stimuli/search/l.png,stimuli/search/t.png,stimuli/search/b.png,stimuli/search/t.png,stimuli/search/t.png,stimuli/search/b.png,stimuli/search/t.png,stimuli/search/b.png,"[-0.23833333333333334,0.3540040970536924]","[-0.17833333333333334,0.3363276761361802]","[0.17833333333333334,0.3996459673679162]","[0.23833333333333334,0.39588005526825676]","[0.17833333333333334,-0.4064254420710077]","[0.23833333333333334,-0.364566114734586]","[-0.23833333333333334,-0.38234406535871446]","[-0.17833333333333334,-0.3271287984517334]",0,,,,,,,,,,,,,,,,,,,,,,,,,,,,,,,,,,,,,,,,,,,,,,,,,,,,,,,2,0,2,0,1,,,,,,,,,,
,,,,,,,,,,,,5f08dafa392f74145122c0ee,13/10/1999,2020-08-27_18h40.23.296,proactive3.1,2020.1.2,Win32,60,5f47c29a48bd2a1e651a6eb7,5f47ede75080c61345c5990b,4,,,,,,,,,,,,,,,,,,,,,,,,,,,,,,,,,,,,,,,,,,stimuli/search/t.png,stimuli/search/r.png,stimuli/search/t.png,stimuli/search/b.png,stimuli/search/b.png,stimuli/search/t.png,stimuli/search/t.png,stimuli/search/b.png,"[-0.23833333333333334,0.3558507882181898]","[-0.17833333333333334,0.3764333352319037]","[0.17833333333333334,0.3525156828480542]","[0.23833333333333334,0.41513165531692015]","[0.17833333333333334,-0.32944711429004475]","[0.23833333333333334,-0.341011723609053]","[-0.23833333333333334,-0.3338906068573637]","[-0.17833333333333334,-0.4021456338054765]",1,,,,,,,,,,,,,,,,,,,,,,,,,,,,,,,,,,,,,,,,,,,,,,,,,,,,,,,3,0,3,0,1,,,,,,,,,,
,,,,,,,,,,,,5f08dafa392f74145122c0ee,13/10/1999,2020-08-27_18h40.23.296,proactive3.1,2020.1.2,Win32,60,5f47c29a48bd2a1e651a6eb7,5f47ede75080c61345c5990b,4,,,,,,,,,,,,,,,,,,,,,,,,,,,,,,,,,,,,,,,,,,,,,,,,,,,,,,,,,,,,,,,,,,,,,,,,,,,,,,,,,,,,,,,,,,,,,,,,,,,,,,,,,,,,,,,,,,,,,,0,0,0,0,1,,,,,
,,,,,,,,,,,,5f08dafa392f74145122c0ee,13/10/1999,2020-08-27_18h40.23.296,proactive3.1,2020.1.2,Win32,60,5f47c29a48bd2a1e651a6eb7,5f47ede75080c61345c5990b,4,,,,,,,,,,,,,,,,,,,,,,,,,,,,,,,,,,,,,,,,,,,,,,,,,,,,,,,,,,,,,,,,,,,,,,,,,,,,,,,,,,,,,,,,,,,,,,,,,,,,,,,,,,,,,,,,,,,,,,1,0,1,0,1,,,,,
,,,,,,,,,,,,5f08dafa392f74145122c0ee,13/10/1999,2020-08-27_18h40.23.296,proactive3.1,2020.1.2,Win32,60,5f47c29a48bd2a1e651a6eb7,5f47ede75080c61345c5990b,4,,,,,,,,,,,,,,,,,,,,,,,,,,,,,,,,,,,,,,,,,,,,,,,,,,,,,,,,,,,,,,,,,,,,,,,,,,,,,,,,,,,,,,,,,,,,,,,,,,,,,,,,,,,,,,,,,,,,,,2,0,2,0,1,,,,,
,,,,,,,,,,,,5f08dafa392f74145122c0ee,13/10/1999,2020-08-27_18h40.23.296,proactive3.1,2020.1.2,Win32,60,5f47c29a48bd2a1e651a6eb7,5f47ede75080c61345c5990b,4,,,,,,,,,,,,,,,,,3,,,,,,,,,,,,,,,,,,,,,,,,,,,,,,,,,,,,,,,,,,,,,,,,,,,,,,,,,,,?,0.002335,1,FALSE,?,0.00121,2,FALSE,?,0.001235,3,FALSE,?,0.00136,0,FALSE,,,,,,LEADER,sunflower,stimuli/images/PICTURE_141.png,new-new,DEATH,aeroplane,stimuli/images/PICTURE_297.png,new-new,LIFE,pawn,stimuli/images/PICTURE_356.png,new-new,SHOTS,cart,stimuli/images/PICTURE_248.png,new-new,,,,,,,,,,,0,21,21,46,1
,,,,,,,,,,,,5f08dafa392f74145122c0ee,13/10/1999,2020-08-27_18h40.23.296,proactive3.1,2020.1.2,Win32,60,5f47c29a48bd2a1e651a6eb7,5f47ede75080c61345c5990b,4,,,,,,,,,,,,,,,,,,,,,,,,,,,,,,,,,,,,,,,,,,stimuli/search/b.png,stimuli/search/r.png,stimuli/search/t.png,stimuli/search/b.png,stimuli/search/t.png,stimuli/search/b.png,stimuli/search/t.png,stimuli/search/b.png,"[-0.23833333333333334,0.3869950464682562]","[-0.17833333333333334,0.4061935046969457]","[0.17833333333333334,0.4012575572010207]","[0.23833333333333334,0.3578400362638527]","[0.17833333333333334,-0.3344669998539114]","[0.23833333333333334,-0.3371554997367296]","[-0.23833333333333334,-0.3770716479681596]","[-0.17833333333333334,-0.3737059094852987]",1,,,,,,,,,,,,,,,,,,,,,,,,,,,,,,,,,,,,,,,,,,,,,,,,,,,,,,,0,0,0,0,1,,,,,,,,,,
,,,,,,,,,,,,5f08dafa392f74145122c0ee,13/10/1999,2020-08-27_18h40.23.296,proactive3.1,2020.1.2,Win32,60,5f47c29a48bd2a1e651a6eb7,5f47ede75080c61345c5990b,4,,,,,,,,,,,,,,,,,,,,,,,,,,,,,,,,,,,,,,,,,,stimuli/search/t.png,stimuli/search/b.png,stimuli/search/t.png,stimuli/search/b.png,stimuli/search/t.png,stimuli/search/b.png,stimuli/search/b.png,stimuli/search/l.png,"[-0.23833333333333334,0.3416950532565092]","[-0.17833333333333334,0.37402991169675187]","[0.17833333333333334,0.35926254869342045]","[0.23833333333333334,0.37773129814828404]","[0.17833333333333334,-0.3445686008144651]","[0.23833333333333334,-0.33547641985465043]","[-0.23833333333333334,-0.37301684851887396]","[-0.17833333333333334,-0.34552086391298314]",0,,,,,,,,,,,,,,,,,,,,,,,,,,,,,,,,,,,,,,,,,,,,,,,,,,,,,,,1,0,1,0,1,,,,,,,,,,
,,,,,,,,,,,,5f08dafa392f74145122c0ee,13/10/1999,2020-08-27_18h40.23.296,proactive3.1,2020.1.2,Win32,60,5f47c29a48bd2a1e651a6eb7,5f47ede75080c61345c5990b,4,,,,,,,,,,,,,,,,,,,,,,,,,,,,,,,,,,,,,,,,,,stimuli/search/t.png,stimuli/search/b.png,stimuli/search/l.png,stimuli/search/b.png,stimuli/search/t.png,stimuli/search/b.png,stimuli/search/t.png,stimuli/search/b.png,"[-0.23833333333333334,0.3950575136298313]","[-0.17833333333333334,0.3757833205348505]","[0.17833333333333334,0.37254540361279787]","[0.23833333333333334,0.3771912367281808]","[0.17833333333333334,-0.34890384468270214]","[0.23833333333333334,-0.37642690141568386]","[-0.23833333333333334,-0.39193659478830956]","[-0.17833333333333334,-0.4149740589577021]",0,,,,,,,,,,,,,,,,,,,,,,,,,,,,,,,,,,,,,,,,,,,,,,,,,,,,,,,2,0,2,0,1,,,,,,,,,,
,,,,,,,,,,,,5f08dafa392f74145122c0ee,13/10/1999,2020-08-27_18h40.23.296,proactive3.1,2020.1.2,Win32,60,5f47c29a48bd2a1e651a6eb7,5f47ede75080c61345c5990b,4,,,,,,,,,,,,,,,,,,,,,,,,,,,,,,,,,,,,,,,,,,stimuli/search/t.png,stimuli/search/b.png,stimuli/search/r.png,stimuli/search/t.png,stimuli/search/b.png,stimuli/search/t.png,stimuli/search/b.png,stimuli/search/t.png,"[-0.23833333333333334,0.3906008928444339]","[-0.17833333333333334,0.41303300370992097]","[0.17833333333333334,0.41212753295181226]","[0.23833333333333334,0.40899343028993995]","[0.17833333333333334,-0.346409992602313]","[0.23833333333333334,-0.3759924324377925]","[-0.23833333333333334,-0.36746540479976925]","[-0.17833333333333334,-0.4050090820843586]",1,,,,,,,,,,,,,,,,,,,,,,,,,,,,,,,,,,,,,,,,,,,,,,,,,,,,,,,3,0,3,0,1,,,,,,,,,,
,,,,,,,,,,,,5f08dafa392f74145122c0ee,13/10/1999,2020-08-27_18h40.23.296,proactive3.1,2020.1.2,Win32,60,5f47c29a48bd2a1e651a6eb7,5f47ede75080c61345c5990b,4,,,,,,,,,,,,,,,,,,,,,,,,,,,,,,,,,,,,,,,,,,,,,,,,,,,,,,,,,,,,,,,,,,,,,,,,,,,,,,,,,,,,,,,,,,,,,,,,,,,,,,,,,,,,,,,,,,,,,,0,0,0,0,1,,,,,
,,,,,,,,,,,,5f08dafa392f74145122c0ee,13/10/1999,2020-08-27_18h40.23.296,proactive3.1,2020.1.2,Win32,60,5f47c29a48bd2a1e651a6eb7,5f47ede75080c61345c5990b,4,,,,,,,,,,,,,,,,,,,,,,,,,,,,,,,,,,,,,,,,,,,,,,,,,,,,,,,,,,,,,,,,,,,,,,,,,,,,,,,,,,,,,,,,,,,,,,,,,,,,,,,,,,,,,,,,,,,,,,1,0,1,0,1,,,,,
,,,,,,,,,,,,5f08dafa392f74145122c0ee,13/10/1999,2020-08-27_18h40.23.296,proactive3.1,2020.1.2,Win32,60,5f47c29a48bd2a1e651a6eb7,5f47ede75080c61345c5990b,4,,,,,,,,,,,,,,,,,,,,,,,,,,,,,,,,,,,,,,,,,,,,,,,,,,,,,,,,,,,,,,,,,,,,,,,,,,,,,,,,,,,,,,,,,,,,,,,,,,,,,,,,,,,,,,,,,,,,,,2,0,2,0,1,,,,,
,,,,,,,,,,,,5f08dafa392f74145122c0ee,13/10/1999,2020-08-27_18h40.23.296,proactive3.1,2020.1.2,Win32,60,5f47c29a48bd2a1e651a6eb7,5f47ede75080c61345c5990b,4,,,,,,,,,,,,,,,,,5,,,,,,,,,,,,,,,,,,,,,,,,,,,,,,,,,,,,,,,,,,,,,,,,,,,,,,,,,,,?,0.005365,3,FALSE,?,0.00125,1,FALSE,?,0.00094,2,FALSE,?,0.001415,0,FALSE,,,,,,PLENTY,daisy,stimuli/images/PICTURE_667.png,match,POLICY,boot,stimuli/images/PICTURE_215.png,mis-match,BELT,peg,stimuli/images/PICTURE_467.png,new-new,PILLS,map,stimuli/images/PICTURE_677.png,old-new,,,,,,,,,,,0,22,22,68,1
,,,,,,,,,,,,5f08dafa392f74145122c0ee,13/10/1999,2020-08-27_18h40.23.296,proactive3.1,2020.1.2,Win32,60,5f47c29a48bd2a1e651a6eb7,5f47ede75080c61345c5990b,4,,,,,,,,,,,,,,,,,,,,,,,,,,,,,,,,,,,,,,,,,,stimuli/search/b.png,stimuli/search/t.png,stimuli/search/t.png,stimuli/search/r.png,stimuli/search/b.png,stimuli/search/t.png,stimuli/search/t.png,stimuli/search/b.png,"[-0.23833333333333334,0.35749825404584895]","[-0.17833333333333334,0.3336643974910832]","[0.17833333333333334,0.4013169794271179]","[0.23833333333333334,0.39709403867384135]","[0.17833333333333334,-0.36843808291109276]","[0.23833333333333334,-0.38846647624169345]","[-0.23833333333333334,-0.35341221125221045]","[-0.17833333333333334,-0.3714681752826827]",1,0,,,,,,1.71108,,,,,,,,,,,,,,,,,,,,,,,,,,,,,,,,,,,,,,,,,,,,,,,,0,0,0,0,1,,,,,,,,,,
,,,,,,,,,,,,5f08dafa392f74145122c0ee,13/10/1999,2020-08-27_18h40.23.296,proactive3.1,2020.1.2,Win32,60,5f47c29a48bd2a1e651a6eb7,5f47ede75080c61345c5990b,4,,,,,,,,,,,,,,,,,,,,,,,,,,,,,,,,,,,,,,,,,,stimuli/search/t.png,stimuli/search/b.png,stimuli/search/b.png,stimuli/search/t.png,stimuli/search/l.png,stimuli/search/t.png,stimuli/search/b.png,stimuli/search/t.png,"[-0.23833333333333334,0.38593717016159296]","[-0.17833333333333334,0.3355974270117872]","[0.17833333333333334,0.4147718616535841]","[0.23833333333333334,0.38695187736834474]","[0.17833333333333334,-0.35561702579187765]","[0.23833333333333334,-0.3813524121849948]","[-0.23833333333333334,-0.39001911029097464]","[-0.17833333333333334,-0.36860133386742217]",0,1,,,,,,0.982475,,,,,,,,,,,,,,,,,,,,,,,,,,,,,,,,,,,,,,,,,,,,,,,,1,0,1,0,1,,,,,,,,,,
,,,,,,,,,,,,5f08dafa392f74145122c0ee,13/10/1999,2020-08-27_18h40.23.296,proactive3.1,2020.1.2,Win32,60,5f47c29a48bd2a1e651a6eb7,5f47ede75080c61345c5990b,4,,,,,,,,,,,,,,,,,,,,,,,,,,,,,,,,,,,,,,,,,,stimuli/search/t.png,stimuli/search/r.png,stimuli/search/b.png,stimuli/search/t.png,stimuli/search/t.png,stimuli/search/b.png,stimuli/search/t.png,stimuli/search/b.png,"[-0.23833333333333334,0.37458226217387336]","[-0.17833333333333334,0.4121601500071007]","[0.17833333333333334,0.3634747636191975]","[0.23833333333333334,0.41358146157240433]","[0.17833333333333334,-0.3636375848189366]","[0.23833333333333334,-0.3826688685355205]","[-0.23833333333333334,-0.3770098453650885]","[-0.17833333333333334,-0.3887465393001296]",1,0,,,,,,1.037425,,,,,,,,,,,,,,,,,,,,,,,,,,,,,,,,,,,,,,,,,,,,,,,,2,0,2,0,1,,,,,,,,,,
,,,,,,,,,,,,5f08dafa392f74145122c0ee,13/10/1999,2020-08-27_18h40.23.296,proactive3.1,2020.1.2,Win32,60,5f47c29a48bd2a1e651a6eb7,5f47ede75080c61345c5990b,4,,,,,,,,,,,,,,,,,,,,,,,,,,,,,,,,,,,,,,,,,,stimuli/search/t.png,stimuli/search/b.png,stimuli/search/b.png,stimuli/search/t.png,stimuli/search/t.png,stimuli/search/b.png,stimuli/search/r.png,stimuli/search/t.png,"[-0.23833333333333334,0.35808854177643284]","[-0.17833333333333334,0.4044442345997163]","[0.17833333333333334,0.3624880718606989]","[0.23833333333333334,0.3616019608230747]","[0.17833333333333334,-0.3556690563559108]","[0.23833333333333334,-0.35153204188109416]","[-0.23833333333333334,-0.41653870286874906]","[-0.17833333333333334,-0.4150351527860644]",1,1,,,,,,1.25059,,,,,,,,,,,,,,,,,,,,,,,,,,,,,,,,,,,,,,,,,,,,,,,,3,0,3,0,1,,,,,,,,,,
,,,,,,,,,,,,5f08dafa392f74145122c0ee,13/10/1999,2020-08-27_18h40.23.296,proactive3.1,2020.1.2,Win32,60,5f47c29a48bd2a1e651a6eb7,5f47ede75080c61345c5990b,4,,,,,,,,,,,,,,,,,,,,,,,,,,,,,,,,,,,,,,,,,,,,,,,,,,,,,,,,,,,,,,,,,,,,,,,,,,,,,,,,,,,,,,,,,,,,,,,,,,,,,,,,,,,,,,,,,,,,,,0,0,0,0,1,,,,,
,,,,,,,,,,,,5f08dafa392f74145122c0ee,13/10/1999,2020-08-27_18h40.23.296,proactive3.1,2020.1.2,Win32,60,5f47c29a48bd2a1e651a6eb7,5f47ede75080c61345c5990b,4,,,,,,,,,,,,,,,,,,,,,,,,,,,,,,,,,,,,,,,,,,,,,,,,,,,,,,,,,,,,,,,,,,,,,,,,,,,,,,,,,,,,,,,,,,,,,,,,,,,,,,,,,,,,,,,,,,,,,,1,0,1,0,1,,,,,
,,,,,,,,,,,,5f08dafa392f74145122c0ee,13/10/1999,2020-08-27_18h40.23.296,proactive3.1,2020.1.2,Win32,60,5f47c29a48bd2a1e651a6eb7,5f47ede75080c61345c5990b,4,,,,,,,,,,,,,,,,,,,,,,,,,,,,,,,,,,,,,,,,,,,,,,,,,,,,,,,,,,,,,,,,,,,,,,,,,,,,,,,,,,,,,,,,,,,,,,,,,,,,,,,,,,,,,,,,,,,,,,2,0,2,0,1,,,,,
,,,,,,,,,,,,5f08dafa392f74145122c0ee,13/10/1999,2020-08-27_18h40.23.296,proactive3.1,2020.1.2,Win32,60,5f47c29a48bd2a1e651a6eb7,5f47ede75080c61345c5990b,4,,,,,,,,,,,,,,,,,4,,,,,,,,,,,,,,,,,,,,,,,,,,,,,,,,,,,,,,,,,,,,,,,,,,,,,,,,,,,AGENT,5.51869,2,FALSE,BEAUTY,2.93379,3,TRUE,HOTEL,3.917765,0,FALSE,HOTEL,5.001995,1,TRUE,,,,,,AGENT,balcony,stimuli/images/PICTURE_63.png,new-new,HOTEL,pepper,stimuli/images/PICTURE_348.png,new-new,BEAUTY,peg,stimuli/images/PICTURE_467.png,new-new,CLOCK,helmet,stimuli/images/PICTURE_327.png,new-new,,,,,,,,,,,0,23,23,63,1
,,,,,,,,,,,,5f08dafa392f74145122c0ee,13/10/1999,2020-08-27_18h40.23.296,proactive3.1,2020.1.2,Win32,60,5f47c29a48bd2a1e651a6eb7,5f47ede75080c61345c5990b,4,,,,,,,,,,,,,,,,,,,,,,,,,,,,,,,,,,,,,,,,,,stimuli/search/t.png,stimuli/search/b.png,stimuli/search/b.png,stimuli/search/r.png,stimuli/search/b.png,stimuli/search/t.png,stimuli/search/t.png,stimuli/search/b.png,"[-0.23833333333333334,0.38890598198437915]","[-0.17833333333333334,0.3969592312942869]","[0.17833333333333334,0.40383473287475224]","[0.23833333333333334,0.3729962960402298]","[0.17833333333333334,-0.3407696350829099]","[0.23833333333333334,-0.36754858896780124]","[-0.23833333333333334,-0.39823103209151695]","[-0.17833333333333334,-0.3777433355684495]",1,,,,,,,,,,,,,,,,,,,,,,,,,,,,,,,,,,,,,,,,,,,,,,,,,,,,,,,0,0,0,0,1,,,,,,,,,,
,,,,,,,,,,,,5f08dafa392f74145122c0ee,13/10/1999,2020-08-27_18h40.23.296,proactive3.1,2020.1.2,Win32,60,5f47c29a48bd2a1e651a6eb7,5f47ede75080c61345c5990b,4,,,,,,,,,,,,,,,,,,,,,,,,,,,,,,,,,,,,,,,,,,stimuli/search/t.png,stimuli/search/b.png,stimuli/search/l.png,stimuli/search/t.png,stimuli/search/b.png,stimuli/search/t.png,stimuli/search/t.png,stimuli/search/b.png,"[-0.23833333333333334,0.3515117679525454]","[-0.17833333333333334,0.3525801219437782]","[0.17833333333333334,0.35177877447055533]","[0.23833333333333334,0.32751986213614626]","[0.17833333333333334,-0.4155520170786417]","[0.23833333333333334,-0.3439433192285078]","[-0.23833333333333334,-0.3780994435618652]","[-0.17833333333333334,-0.35057811116342485]",0,,,,,,,,,,,,,,,,,,,,,,,,,,,,,,,,,,,,,,,,,,,,,,,,,,,,,,,1,0,1,0,1,,,,,,,,,,
,,,,,,,,,,,,5f08dafa392f74145122c0ee,13/10/1999,2020-08-27_18h40.23.296,proactive3.1,2020.1.2,Win32,60,5f47c29a48bd2a1e651a6eb7,5f47ede75080c61345c5990b,4,,,,,,,,,,,,,,,,,,,,,,,,,,,,,,,,,,,,,,,,,,stimuli/search/r.png,stimuli/search/b.png,stimuli/search/t.png,stimuli/search/b.png,stimuli/search/t.png,stimuli/search/b.png,stimuli/search/b.png,stimuli/search/t.png,"[-0.23833333333333334,0.3510629927977694]","[-0.17833333333333334,0.41193899839980097]","[0.17833333333333334,0.38577906899460024]","[0.23833333333333334,0.34620659001226295]","[0.17833333333333334,-0.32805877106193754]","[0.23833333333333334,-0.3800997814143263]","[-0.23833333333333334,-0.3555607507354486]","[-0.17833333333333334,-0.3900848530425111]",1,,,,,,,,,,,,,,,,,,,,,,,,,,,,,,,,,,,,,,,,,,,,,,,,,,,,,,,2,0,2,0,1,,,,,,,,,,
,,,,,,,,,,,,5f08dafa392f74145122c0ee,13/10/1999,2020-08-27_18h40.23.296,proactive3.1,2020.1.2,Win32,60,5f47c29a48bd2a1e651a6eb7,5f47ede75080c61345c5990b,4,,,,,,,,,,,,,,,,,,,,,,,,,,,,,,,,,,,,,,,,,,stimuli/search/t.png,stimuli/search/r.png,stimuli/search/t.png,stimuli/search/b.png,stimuli/search/b.png,stimuli/search/t.png,stimuli/search/t.png,stimuli/search/b.png,"[-0.23833333333333334,0.3790552483416155]","[-0.17833333333333334,0.4130613142022971]","[0.17833333333333334,0.3796126208743893]","[0.23833333333333334,0.3610931418821083]","[0.17833333333333334,-0.397535865800911]","[0.23833333333333334,-0.38081202825297206]","[-0.23833333333333334,-0.3398192674121945]","[-0.17833333333333334,-0.3251613196047304]",1,,,,,,,,,,,,,,,,,,,,,,,,,,,,,,,,,,,,,,,,,,,,,,,,,,,,,,,3,0,3,0,1,,,,,,,,,,
,,,,,,,,,,,,5f08dafa392f74145122c0ee,13/10/1999,2020-08-27_18h40.23.296,proactive3.1,2020.1.2,Win32,60,5f47c29a48bd2a1e651a6eb7,5f47ede75080c61345c5990b,4,,,,,,,,,,,,,,,,,,,,,,,,,,,,,,,,,,,,,,,,,,,,,,,,,,,,,,,,,,,,,,,,,,,,,,,,,,,,,,,,,,,,,,,,,,,,,,,,,,,,,,,,,,,,,,,,,,,,,,0,0,0,0,1,,,,,
,,,,,,,,,,,,5f08dafa392f74145122c0ee,13/10/1999,2020-08-27_18h40.23.296,proactive3.1,2020.1.2,Win32,60,5f47c29a48bd2a1e651a6eb7,5f47ede75080c61345c5990b,4,,,,,,,,,,,,,,,,,,,,,,,,,,,,,,,,,,,,,,,,,,,,,,,,,,,,,,,,,,,,,,,,,,,,,,,,,,,,,,,,,,,,,,,,,,,,,,,,,,,,,,,,,,,,,,,,,,,,,,1,0,1,0,1,,,,,
,,,,,,,,,,,,5f08dafa392f74145122c0ee,13/10/1999,2020-08-27_18h40.23.296,proactive3.1,2020.1.2,Win32,60,5f47c29a48bd2a1e651a6eb7,5f47ede75080c61345c5990b,4,,,,,,,,,,,,,,,,,,,,,,,,,,,,,,,,,,,,,,,,,,,,,,,,,,,,,,,,,,,,,,,,,,,,,,,,,,,,,,,,,,,,,,,,,,,,,,,,,,,,,,,,,,,,,,,,,,,,,,2,0,2,0,1,,,,,
,,,,,,,,,,,,5f08dafa392f74145122c0ee,13/10/1999,2020-08-27_18h40.23.296,proactive3.1,2020.1.2,Win32,60,5f47c29a48bd2a1e651a6eb7,5f47ede75080c61345c5990b,4,,,,,,,,,,,,,,,,,6,,,,,,,,,,,,,,,,,,,,,,,,,,,,,,,,,,,,,,,,,,,,,,,,,,,,,,,,,,,?,0.000715,1,FALSE,?,0.000785,3,FALSE,?,0.000755,0,FALSE,?,0.00289,2,FALSE,,,,,,STYLE,boot,stimuli/images/PICTURE_215.png,new-new,SAKE,aeroplane,stimuli/images/PICTURE_297.png,old-new,SALE,map,stimuli/images/PICTURE_677.png,mis-match,YARD,tyre,stimuli/images/PICTURE_2.png,match,,,,,,,,,,,0,24,24,84,1
,,,,,,,,,,,,5f08dafa392f74145122c0ee,13/10/1999,2020-08-27_18h40.23.296,proactive3.1,2020.1.2,Win32,60,5f47c29a48bd2a1e651a6eb7,5f47ede75080c61345c5990b,4,,,,,,,,,,,,,,,,,,,,,,,,,,,,,,,,,,,,,,,,,,stimuli/search/l.png,stimuli/search/b.png,stimuli/search/t.png,stimuli/search/b.png,stimuli/search/b.png,stimuli/search/t.png,stimuli/search/b.png,stimuli/search/t.png,"[-0.23833333333333334,0.3856155073553609]","[-0.17833333333333334,0.34001968813965805]","[0.17833333333333334,0.37278953892978983]","[0.23833333333333334,0.37365309551218406]","[0.17833333333333334,-0.3521087540756372]","[0.23833333333333334,-0.37266255428826084]","[-0.23833333333333334,-0.38817201422734526]","[-0.17833333333333334,-0.4145925599277128]",0,,,,,,,,,,,,,,,,,,,,,,,,,,,,,,,,,,,,,,,,,,,,,,,,,,,,,,,0,0,0,0,1,,,,,,,,,,
,,,,,,,,,,,,5f08dafa392f74145122c0ee,13/10/1999,2020-08-27_18h40.23.296,proactive3.1,2020.1.2,Win32,60,5f47c29a48bd2a1e651a6eb7,5f47ede75080c61345c5990b,4,,,,,,,,,,,,,,,,,,,,,,,,,,,,,,,,,,,,,,,,,,stimuli/search/b.png,stimuli/search/t.png,stimuli/search/r.png,stimuli/search/b.png,stimuli/search/b.png,stimuli/search/t.png,stimuli/search/t.png,stimuli/search/b.png,"[-0.23833333333333334,0.3289886384843846]","[-0.17833333333333334,0.41120903470305165]","[0.17833333333333334,0.38461661001722736]","[0.23833333333333334,0.3591858555520354]","[0.17833333333333334,-0.3868064954362224]","[0.23833333333333334,-0.3398296935384374]","[-0.23833333333333334,-0.4121919555751049]","[-0.17833333333333334,-0.413280904188462]",1,,,,,,,,,,,,,,,,,,,,,,,,,,,,,,,,,,,,,,,,,,,,,,,,,,,,,,,1,0,1,0,1,,,,,,,,,,
,,,,,,,,,,,,5f08dafa392f74145122c0ee,13/10/1999,2020-08-27_18h40.23.296,proactive3.1,2020.1.2,Win32,60,5f47c29a48bd2a1e651a6eb7,5f47ede75080c61345c5990b,4,,,,,,,,,,,,,,,,,,,,,,,,,,,,,,,,,,,,,,,,,,stimuli/search/r.png,stimuli/search/t.png,stimuli/search/b.png,stimuli/search/t.png,stimuli/search/b.png,stimuli/search/t.png,stimuli/search/b.png,stimuli/search/t.png,"[-0.23833333333333334,0.34378585196893846]","[-0.17833333333333334,0.39260818202644543]","[0.17833333333333334,0.40757893535805045]","[0.23833333333333334,0.3779930574044327]","[0.17833333333333334,-0.3464968211187594]","[0.23833333333333334,-0.333025085168804]","[-0.23833333333333334,-0.34138537095997207]","[-0.17833333333333334,-0.3480805767367998]",1,,,,,,,,,,,,,,,,,,,,,,,,,,,,,,,,,,,,,,,,,,,,,,,,,,,,,,,2,0,2,0,1,,,,,,,,,,
,,,,,,,,,,,,5f08dafa392f74145122c0ee,13/10/1999,2020-08-27_18h40.23.296,proactive3.1,2020.1.2,Win32,60,5f47c29a48bd2a1e651a6eb7,5f47ede75080c61345c5990b,4,,,,,,,,,,,,,,,,,,,,,,,,,,,,,,,,,,,,,,,,,,stimuli/search/l.png,stimuli/search/t.png,stimuli/search/t.png,stimuli/search/b.png,stimuli/search/b.png,stimuli/search/t.png,stimuli/search/b.png,stimuli/search/t.png,"[-0.23833333333333334,0.376930679914103]","[-0.17833333333333334,0.35406549520160335]","[0.17833333333333334,0.36531070067800503]","[0.23833333333333334,0.3248361510782531]","[0.17833333333333334,-0.32477976218402144]","[0.23833333333333334,-0.3799685115547198]","[-0.23833333333333334,-0.3488664708793777]","[-0.17833333333333334,-0.3683862947607349]",0,,,,,,,,,,,,,,,,,,,,,,,,,,,,,,,,,,,,,,,,,,,,,,,,,,,,,,,3,0,3,0,1,,,,,,,,,,
,,,,,,,,,,,,5f08dafa392f74145122c0ee,13/10/1999,2020-08-27_18h40.23.296,proactive3.1,2020.1.2,Win32,60,5f47c29a48bd2a1e651a6eb7,5f47ede75080c61345c5990b,4,,,,,,,,,,,,,,,,,,,,,,,,,,,,,,,,,,,,,,,,,,,,,,,,,,,,,,,,,,,,,,,,,,,,,,,,,,,,,,,,,,,,,,,,,,,,,,,,,,,,,,,,,,,,,,,,,,,,,,0,0,0,0,1,,,,,
,,,,,,,,,,,,5f08dafa392f74145122c0ee,13/10/1999,2020-08-27_18h40.23.296,proactive3.1,2020.1.2,Win32,60,5f47c29a48bd2a1e651a6eb7,5f47ede75080c61345c5990b,4,,,,,,,,,,,,,,,,,,,,,,,,,,,,,,,,,,,,,,,,,,,,,,,,,,,,,,,,,,,,,,,,,,,,,,,,,,,,,,,,,,,,,,,,,,,,,,,,,,,,,,,,,,,,,,,,,,,,,,1,0,1,0,1,,,,,
,,,,,,,,,,,,5f08dafa392f74145122c0ee,13/10/1999,2020-08-27_18h40.23.296,proactive3.1,2020.1.2,Win32,60,5f47c29a48bd2a1e651a6eb7,5f47ede75080c61345c5990b,4,,,,,,,,,,,,,,,,,,,,,,,,,,,,,,,,,,,,,,,,,,,,,,,,,,,,,,,,,,,,,,,,,,,,,,,,,,,,,,,,,,,,,,,,,,,,,,,,,,,,,,,,,,,,,,,,,,,,,,2,0,2,0,1,,,,,
,,,,,,,,,,,,5f08dafa392f74145122c0ee,13/10/1999,2020-08-27_18h40.23.296,proactive3.1,2020.1.2,Win32,60,5f47c29a48bd2a1e651a6eb7,5f47ede75080c61345c5990b,4,,,,,,,,,,,,,,,,,5,,,,,,,,,,,,,,,,,,,,,,,,,,,,,,,,,,,,,,,,,,,,,,,,,,,,,,,,,,,?,0.00107,0,FALSE,?,0.001,3,FALSE,?,0.00171,1,FALSE,?,0.000795,2,FALSE,,,,,,KIND,monkey,stimuli/images/PICTURE_708.png,old-new,FLESH,pear,stimuli/images/PICTURE_42.png,new-new,MOMENT,mushroom,stimuli/images/PICTURE_177.png,mis-match,FAMILY,scissors,stimuli/images/PICTURE_453.png,match,,,,,,,,,,,0,25,25,67,1
,,,,,,,,,,,,5f08dafa392f74145122c0ee,13/10/1999,2020-08-27_18h40.23.296,proactive3.1,2020.1.2,Win32,60,5f47c29a48bd2a1e651a6eb7,5f47ede75080c61345c5990b,4,,,,,,,,,,,,,,,,,,,,,,,,,,,,,,,,,,,,,,,,,,stimuli/search/b.png,stimuli/search/t.png,stimuli/search/b.png,stimuli/search/t.png,stimuli/search/t.png,stimuli/search/b.png,stimuli/search/r.png,stimuli/search/t.png,"[-0.23833333333333334,0.3666535084623268]","[-0.17833333333333334,0.40548054608299566]","[0.17833333333333334,0.3973824230932457]","[0.23833333333333334,0.34377579162955435]","[0.17833333333333334,-0.41094167296684286]","[0.23833333333333334,-0.34098565834292427]","[-0.23833333333333334,-0.36619459236931107]","[-0.17833333333333334,-0.32944442322038714]",1,,,,,,,,,,,,,,,,,,,,,,,,,,,,,,,,,,,,,,,,,,,,,,,,,,,,,,,0,0,0,0,1,,,,,,,,,,
,,,,,,,,,,,,5f08dafa392f74145122c0ee,13/10/1999,2020-08-27_18h40.23.296,proactive3.1,2020.1.2,Win32,60,5f47c29a48bd2a1e651a6eb7,5f47ede75080c61345c5990b,4,,,,,,,,,,,,,,,,,,,,,,,,,,,,,,,,,,,,,,,,,,stimuli/search/t.png,stimuli/search/b.png,stimuli/search/t.png,stimuli/search/b.png,stimuli/search/b.png,stimuli/search/t.png,stimuli/search/r.png,stimuli/search/t.png,"[-0.23833333333333334,0.36864926770146145]","[-0.17833333333333334,0.3946230494316934]","[0.17833333333333334,0.3427975417379486]","[0.23833333333333334,0.37738853446485016]","[0.17833333333333334,-0.34628040902003304]","[0.23833333333333334,-0.34937529437821296]","[-0.23833333333333334,-0.353386097896968]","[-0.17833333333333334,-0.37646183525687116]",1,,,,,,,,,,,,,,,,,,,,,,,,,,,,,,,,,,,,,,,,,,,,,,,,,,,,,,,1,0,1,0,1,,,,,,,,,,
,,,,,,,,,,,,5f08dafa392f74145122c0ee,13/10/1999,2020-08-27_18h40.23.296,proactive3.1,2020.1.2,Win32,60,5f47c29a48bd2a1e651a6eb7,5f47ede75080c61345c5990b,4,,,,,,,,,,,,,,,,,,,,,,,,,,,,,,,,,,,,,,,,,,stimuli/search/b.png,stimuli/search/t.png,stimuli/search/b.png,stimuli/search/t.png,stimuli/search/b.png,stimuli/search/t.png,stimuli/search/l.png,stimuli/search/b.png,"[-0.23833333333333334,0.33464056063141207]","[-0.17833333333333334,0.36239441874340844]","[0.17833333333333334,0.3824490518656249]","[0.23833333333333334,0.4013395218608531]","[0.17833333333333334,-0.36070408606027704]","[0.23833333333333334,-0.3960782090623739]","[-0.23833333333333334,-0.33413950806831527]","[-0.17833333333333334,-0.3472349950714158]",0,,,,,,,,,,,,,,,,,,,,,,,,,,,,,,,,,,,,,,,,,,,,,,,,,,,,,,,2,0,2,0,1,,,,,,,,,,
,,,,,,,,,,,,5f08dafa392f74145122c0ee,13/10/1999,2020-08-27_18h40.23.296,proactive3.1,2020.1.2,Win32,60,5f47c29a48bd2a1e651a6eb7,5f47ede75080c61345c5990b,4,,,,,,,,,,,,,,,,,,,,,,,,,,,,,,,,,,,,,,,,,,stimuli/search/b.png,stimuli/search/t.png,stimuli/search/t.png,stimuli/search/b.png,stimuli/search/b.png,stimuli/search/l.png,stimuli/search/t.png,stimuli/search/b.png,"[-0.23833333333333334,0.3298205287067848]","[-0.17833333333333334,0.39045199799227304]","[0.17833333333333334,0.33711652881986126]","[0.23833333333333334,0.38583136012705277]","[0.17833333333333334,-0.3350949112856508]","[0.23833333333333334,-0.33979085766450356]","[-0.23833333333333334,-0.36127310316857764]","[-0.17833333333333334,-0.402502714995686]",0,,,,,,,,,,,,,,,,,,,,,,,,,,,,,,,,,,,,,,,,,,,,,,,,,,,,,,,3,0,3,0,1,,,,,,,,,,
,,,,,,,,,,,,5f08dafa392f74145122c0ee,13/10/1999,2020-08-27_18h40.23.296,proactive3.1,2020.1.2,Win32,60,5f47c29a48bd2a1e651a6eb7,5f47ede75080c61345c5990b,4,,,,,,,,,,,,,,,,,,,,,,,,,,,,,,,,,,,,,,,,,,,,,,,,,,,,,,,,,,,,,,,,,,,,,,,,,,,,,,,,,,,,,,,,,,,,,,,,,,,,,,,,,,,,,,,,,,,,,,0,0,0,0,1,,,,,
,,,,,,,,,,,,5f08dafa392f74145122c0ee,13/10/1999,2020-08-27_18h40.23.296,proactive3.1,2020.1.2,Win32,60,5f47c29a48bd2a1e651a6eb7,5f47ede75080c61345c5990b,4,,,,,,,,,,,,,,,,,,,,,,,,,,,,,,,,,,,,,,,,,,,,,,,,,,,,,,,,,,,,,,,,,,,,,,,,,,,,,,,,,,,,,,,,,,,,,,,,,,,,,,,,,,,,,,,,,,,,,,1,0,1,0,1,,,,,
,,,,,,,,,,,,5f08dafa392f74145122c0ee,13/10/1999,2020-08-27_18h40.23.296,proactive3.1,2020.1.2,Win32,60,5f47c29a48bd2a1e651a6eb7,5f47ede75080c61345c5990b,4,,,,,,,,,,,,,,,,,,,,,,,,,,,,,,,,,,,,,,,,,,,,,,,,,,,,,,,,,,,,,,,,,,,,,,,,,,,,,,,,,,,,,,,,,,,,,,,,,,,,,,,,,,,,,,,,,,,,,,2,0,2,0,1,,,,,
,,,,,,,,,,,,5f08dafa392f74145122c0ee,13/10/1999,2020-08-27_18h40.23.296,proactive3.1,2020.1.2,Win32,60,5f47c29a48bd2a1e651a6eb7,5f47ede75080c61345c5990b,4,,,,,,,,,,,,,,,,,5,,,,,,,,,,,,,,,,,,,,,,,,,,,,,,,,,,,,,,,,,,,,,,,,,,,,,,,,,,,?,0.000815,3,FALSE,?,0.00153,2,FALSE,?,0.001,1,FALSE,?,0.00087,0,FALSE,,,,,,BATH,taxi,stimuli/images/PICTURE_302.png,new-new,TEAR,calendar,stimuli/images/PICTURE_108.png,new-new,SPEECH,spoon,stimuli/images/PICTURE_564.png,new-new,FRIEND,planet,stimuli/images/PICTURE_18.png,new-new,,,,,,,,,,,0,26,26,78,1
,,,,,,,,,,,,5f08dafa392f74145122c0ee,13/10/1999,2020-08-27_18h40.23.296,proactive3.1,2020.1.2,Win32,60,5f47c29a48bd2a1e651a6eb7,5f47ede75080c61345c5990b,4,,,,,,,,,,,,,,,,,,,,,,,,,,,,,,,,,,,,,,,,,,stimuli/search/t.png,stimuli/search/b.png,stimuli/search/t.png,stimuli/search/b.png,stimuli/search/r.png,stimuli/search/b.png,stimuli/search/b.png,stimuli/search/t.png,"[-0.23833333333333334,0.3335825123905469]","[-0.17833333333333334,0.4127117184865347]","[0.17833333333333334,0.3355850805276167]","[0.23833333333333334,0.3275520713748016]","[0.17833333333333334,-0.4034983214665651]","[0.23833333333333334,-0.35950232828249956]","[-0.23833333333333334,-0.4155231772584176]","[-0.17833333333333334,-0.32821834945020173]",1,,,,,,,,,,,,,,,,,,,,,,,,,,,,,,,,,,,,,,,,,,,,,,,,,,,,,,,0,0,0,0,1,,,,,,,,,,
,,,,,,,,,,,,5f08dafa392f74145122c0ee,13/10/1999,2020-08-27_18h40.23.296,proactive3.1,2020.1.2,Win32,60,5f47c29a48bd2a1e651a6eb7,5f47ede75080c61345c5990b,4,,,,,,,,,,,,,,,,,,,,,,,,,,,,,,,,,,,,,,,,,,stimuli/search/b.png,stimuli/search/r.png,stimuli/search/b.png,stimuli/search/t.png,stimuli/search/b.png,stimuli/search/t.png,stimuli/search/t.png,stimuli/search/b.png,"[-0.23833333333333334,0.3349753765164535]","[-0.17833333333333334,0.35645571494148026]","[0.17833333333333334,0.3856314624985749]","[0.23833333333333334,0.36043409565321305]","[0.17833333333333334,-0.3500813693729558]","[0.23833333333333334,-0.3295158411653816]","[-0.23833333333333334,-0.4157949183540329]","[-0.17833333333333334,-0.3341752445077041]",1,,,,,,,,,,,,,,,,,,,,,,,,,,,,,,,,,,,,,,,,,,,,,,,,,,,,,,,1,0,1,0,1,,,,,,,,,,
,,,,,,,,,,,,5f08dafa392f74145122c0ee,13/10/1999,2020-08-27_18h40.23.296,proactive3.1,2020.1.2,Win32,60,5f47c29a48bd2a1e651a6eb7,5f47ede75080c61345c5990b,4,,,,,,,,,,,,,,,,,,,,,,,,,,,,,,,,,,,,,,,,,,stimuli/search/b.png,stimuli/search/t.png,stimuli/search/t.png,stimuli/search/b.png,stimuli/search/b.png,stimuli/search/l.png,stimuli/search/b.png,stimuli/search/t.png,"[-0.23833333333333334,0.3867544960909438]","[-0.17833333333333334,0.34702280465692414]","[0.17833333333333334,0.3443545416128312]","[0.23833333333333334,0.3617016438488837]","[0.17833333333333334,-0.40794199506696577]","[0.23833333333333334,-0.3448407949868765]","[-0.23833333333333334,-0.3660524258040263]","[-0.17833333333333334,-0.35251414553716187]",0,,,,,,,,,,,,,,,,,,,,,,,,,,,,,,,,,,,,,,,,,,,,,,,,,,,,,,,2,0,2,0,1,,,,,,,,,,
,,,,,,,,,,,,5f08dafa392f74145122c0ee,13/10/1999,2020-08-27_18h40.23.296,proactive3.1,2020.1.2,Win32,60,5f47c29a48bd2a1e651a6eb7,5f47ede75080c61345c5990b,4,,,,,,,,,,,,,,,,,,,,,,,,,,,,,,,,,,,,,,,,,,stimuli/search/b.png,stimuli/search/t.png,stimuli/search/l.png,stimuli/search/b.png,stimuli/search/t.png,stimuli/search/b.png,stimuli/search/t.png,stimuli/search/b.png,"[-0.23833333333333334,0.407622625134984]","[-0.17833333333333334,0.38628151323094423]","[0.17833333333333334,0.3447216288395848]","[0.23833333333333334,0.32456658837939417]","[0.17833333333333334,-0.3916244179835663]","[0.23833333333333334,-0.35416134004178534]","[-0.23833333333333334,-0.37422854870038774]","[-0.17833333333333334,-0.3989808501250936]",0,,,,,,,,,,,,,,,,,,,,,,,,,,,,,,,,,,,,,,,,,,,,,,,,,,,,,,,3,0,3,0,1,,,,,,,,,,
,,,,,,,,,,,,5f08dafa392f74145122c0ee,13/10/1999,2020-08-27_18h40.23.296,proactive3.1,2020.1.2,Win32,60,5f47c29a48bd2a1e651a6eb7,5f47ede75080c61345c5990b,4,,,,,,,,,,,,,,,,,,,,,,,,,,,,,,,,,,,,,,,,,,,,,,,,,,,,,,,,,,,,,,,,,,,,,,,,,,,,,,,,,,,,,,,,,,,,,,,,,,,,,,,,,,,,,,,,,,,,,,0,0,0,0,1,,,,,
,,,,,,,,,,,,5f08dafa392f74145122c0ee,13/10/1999,2020-08-27_18h40.23.296,proactive3.1,2020.1.2,Win32,60,5f47c29a48bd2a1e651a6eb7,5f47ede75080c61345c5990b,4,,,,,,,,,,,,,,,,,,,,,,,,,,,,,,,,,,,,,,,,,,,,,,,,,,,,,,,,,,,,,,,,,,,,,,,,,,,,,,,,,,,,,,,,,,,,,,,,,,,,,,,,,,,,,,,,,,,,,,1,0,1,0,1,,,,,
,,,,,,,,,,,,5f08dafa392f74145122c0ee,13/10/1999,2020-08-27_18h40.23.296,proactive3.1,2020.1.2,Win32,60,5f47c29a48bd2a1e651a6eb7,5f47ede75080c61345c5990b,4,,,,,,,,,,,,,,,,,,,,,,,,,,,,,,,,,,,,,,,,,,,,,,,,,,,,,,,,,,,,,,,,,,,,,,,,,,,,,,,,,,,,,,,,,,,,,,,,,,,,,,,,,,,,,,,,,,,,,,2,0,2,0,1,,,,,
,,,,,,,,,,,,5f08dafa392f74145122c0ee,13/10/1999,2020-08-27_18h40.23.296,proactive3.1,2020.1.2,Win32,60,5f47c29a48bd2a1e651a6eb7,5f47ede75080c61345c5990b,4,,,,,,,,,,,,,,,,,2,,,,,,,,,,,,,,,,,,,,,,,,,,,,,,,,,,,,,,,,,,,,,,,,,,,,,,,,,,,?,0.001365,1,FALSE,?,0.001175,0,FALSE,?,0.00178,3,FALSE,?,0.00104,2,FALSE,,,,,,DIRT,mirror,stimuli/images/PICTURE_340.png,new-new,JUNGLE,anchor,stimuli/images/PICTURE_405.png,match,FRIEND,taxi,stimuli/images/PICTURE_302.png,old-new,THING,runner,stimuli/images/PICTURE_688.png,mis-match,,,,,,,,,,,0,27,27,25,1
,,,,,,,,,,,,5f08dafa392f74145122c0ee,13/10/1999,2020-08-27_18h40.23.296,proactive3.1,2020.1.2,Win32,60,5f47c29a48bd2a1e651a6eb7,5f47ede75080c61345c5990b,4,,,,,,,,,,,,,,,,,,,,,,,,,,,,,,,,,,,,,,,,,,stimuli/search/t.png,stimuli/search/b.png,stimuli/search/t.png,stimuli/search/b.png,stimuli/search/t.png,stimuli/search/r.png,stimuli/search/b.png,stimuli/search/t.png,"[-0.23833333333333334,0.3425390617220061]","[-0.17833333333333334,0.36160836093432575]","[0.17833333333333334,0.34867180787394175]","[0.23833333333333334,0.33671096368449804]","[0.17833333333333334,-0.3682388823672968]","[0.23833333333333334,-0.34209638395580855]","[-0.23833333333333334,-0.32935308374116096]","[-0.17833333333333334,-0.36274244051442806]",1,0,,,,,,1.28583,,,,,,,,,,,,,,,,,,,,,,,,,,,,,,,,,,,,,,,,,,,,,,,,0,0,0,0,1,,,,,,,,,,
,,,,,,,,,,,,5f08dafa392f74145122c0ee,13/10/1999,2020-08-27_18h40.23.296,proactive3.1,2020.1.2,Win32,60,5f47c29a48bd2a1e651a6eb7,5f47ede75080c61345c5990b,4,,,,,,,,,,,,,,,,,,,,,,,,,,,,,,,,,,,,,,,,,,stimuli/search/b.png,stimuli/search/t.png,stimuli/search/l.png,stimuli/search/b.png,stimuli/search/b.png,stimuli/search/t.png,stimuli/search/b.png,stimuli/search/t.png,"[-0.23833333333333334,0.3297236009294723]","[-0.17833333333333334,0.3367266340718157]","[0.17833333333333334,0.3278038563811653]","[0.23833333333333334,0.3767875604109553]","[0.17833333333333334,-0.38358012373594297]","[0.23833333333333334,-0.3641046534244869]","[-0.23833333333333334,-0.3774848990845809]","[-0.17833333333333334,-0.36877124876960693]",0,1,,,,,,1.386115,,,,,,,,,,,,,,,,,,,,,,,,,,,,,,,,,,,,,,,,,,,,,,,,1,0,1,0,1,,,,,,,,,,
,,,,,,,,,,,,5f08dafa392f74145122c0ee,13/10/1999,2020-08-27_18h40.23.296,proactive3.1,2020.1.2,Win32,60,5f47c29a48bd2a1e651a6eb7,5f47ede75080c61345c5990b,4,,,,,,,,,,,,,,,,,,,,,,,,,,,,,,,,,,,,,,,,,,stimuli/search/b.png,stimuli/search/r.png,stimuli/search/b.png,stimuli/search/t.png,stimuli/search/t.png,stimuli/search/b.png,stimuli/search/t.png,stimuli/search/b.png,"[-0.23833333333333334,0.35222928625555544]","[-0.17833333333333334,0.39997000048031245]","[0.17833333333333334,0.4037600248004119]","[0.23833333333333334,0.37775947796426435]","[0.17833333333333334,-0.35251072243584103]","[0.23833333333333334,-0.41308040234698434]","[-0.23833333333333334,-0.34437582806460715]","[-0.17833333333333334,-0.4123235265783791]",1,0,,,,,,0.92939,,,,,,,,,,,,,,,,,,,,,,,,,,,,,,,,,,,,,,,,,,,,,,,,2,0,2,0,1,,,,,,,,,,
,,,,,,,,,,,,5f08dafa392f74145122c0ee,13/10/1999,2020-08-27_18h40.23.296,proactive3.1,2020.1.2,Win32,60,5f47c29a48bd2a1e651a6eb7,5f47ede75080c61345c5990b,4,,,,,,,,,,,,,,,,,,,,,,,,,,,,,,,,,,,,,,,,,,stimuli/search/t.png,stimuli/search/b.png,stimuli/search/r.png,stimuli/search/t.png,stimuli/search/b.png,stimuli/search/t.png,stimuli/search/t.png,stimuli/search/b.png,"[-0.23833333333333334,0.3737642624696675]","[-0.17833333333333334,0.40830397946372515]","[0.17833333333333334,0.3529622965622713]","[0.23833333333333334,0.3323195338841511]","[0.17833333333333334,-0.38492860118921174]","[0.23833333333333334,-0.34702228741592683]","[-0.23833333333333334,-0.3411738375581463]","[-0.17833333333333334,-0.3559793690212693]",1,1,,,,,,1.26864,,,,,,,,,,,,,,,,,,,,,,,,,,,,,,,,,,,,,,,,,,,,,,,,3,0,3,0,1,,,,,,,,,,
,,,,,,,,,,,,5f08dafa392f74145122c0ee,13/10/1999,2020-08-27_18h40.23.296,proactive3.1,2020.1.2,Win32,60,5f47c29a48bd2a1e651a6eb7,5f47ede75080c61345c5990b,4,,,,,,,,,,,,,,,,,,,,,,,,,,,,,,,,,,,,,,,,,,,,,,,,,,,,,,,,,,,,,,,,,,,,,,,,,,,,,,,,,,,,,,,,,,,,,,,,,,,,,,,,,,,,,,,,,,,,,,0,0,0,0,1,,,,,
,,,,,,,,,,,,5f08dafa392f74145122c0ee,13/10/1999,2020-08-27_18h40.23.296,proactive3.1,2020.1.2,Win32,60,5f47c29a48bd2a1e651a6eb7,5f47ede75080c61345c5990b,4,,,,,,,,,,,,,,,,,,,,,,,,,,,,,,,,,,,,,,,,,,,,,,,,,,,,,,,,,,,,,,,,,,,,,,,,,,,,,,,,,,,,,,,,,,,,,,,,,,,,,,,,,,,,,,,,,,,,,,1,0,1,0,1,,,,,
,,,,,,,,,,,,5f08dafa392f74145122c0ee,13/10/1999,2020-08-27_18h40.23.296,proactive3.1,2020.1.2,Win32,60,5f47c29a48bd2a1e651a6eb7,5f47ede75080c61345c5990b,4,,,,,,,,,,,,,,,,,,,,,,,,,,,,,,,,,,,,,,,,,,,,,,,,,,,,,,,,,,,,,,,,,,,,,,,,,,,,,,,,,,,,,,,,,,,,,,,,,,,,,,,,,,,,,,,,,,,,,,2,0,2,0,1,,,,,
,,,,,,,,,,,,5f08dafa392f74145122c0ee,13/10/1999,2020-08-27_18h40.23.296,proactive3.1,2020.1.2,Win32,60,5f47c29a48bd2a1e651a6eb7,5f47ede75080c61345c5990b,4,,,,,,,,,,,,,,,,,4,,,,,,,,,,,,,,,,,,,,,,,,,,,,,,,,,,,,,,,,,,,,,,,,,,,,,,,,,,,RAZOR,6.286095,3,FALSE,LOVE,2.466435,2,FALSE,SYSTEM,2.76813,1,TRUE,WHEEL,3.718875,0,FALSE,,,,,,DOZEN,cart,stimuli/images/PICTURE_248.png,match,SYSTEM,basket,stimuli/images/PICTURE_487.png,mis-match,ADVICE,razor,stimuli/images/PICTURE_311.png,old-new,PHOTO,dart,stimuli/images/PICTURE_123.png,new-new,,,,,,,,,,,0,28,28,53,1
,,,,,,,,,,,,5f08dafa392f74145122c0ee,13/10/1999,2020-08-27_18h40.23.296,proactive3.1,2020.1.2,Win32,60,5f47c29a48bd2a1e651a6eb7,5f47ede75080c61345c5990b,4,,,,,,,,,,,,,,,,,,,,,,,,,,,,,,,,,,,,,,,,,,stimuli/search/l.png,stimuli/search/t.png,stimuli/search/b.png,stimuli/search/t.png,stimuli/search/t.png,stimuli/search/b.png,stimuli/search/b.png,stimuli/search/t.png,"[-0.23833333333333334,0.40092205506814077]","[-0.17833333333333334,0.39703000269891564]","[0.17833333333333334,0.3868679135878378]","[0.23833333333333334,0.3973193163151438]","[0.17833333333333334,-0.3569700140746762]","[0.23833333333333334,-0.3950473398818589]","[-0.23833333333333334,-0.4029417891642488]","[-0.17833333333333334,-0.407574857159976]",0,,,,,,,,,,,,,,,,,,,,,,,,,,,,,,,,,,,,,,,,,,,,,,,,,,,,,,,0,0,0,0,1,,,,,,,,,,
,,,,,,,,,,,,5f08dafa392f74145122c0ee,13/10/1999,2020-08-27_18h40.23.296,proactive3.1,2020.1.2,Win32,60,5f47c29a48bd2a1e651a6eb7,5f47ede75080c61345c5990b,4,,,,,,,,,,,,,,,,,,,,,,,,,,,,,,,,,,,,,,,,,,stimuli/search/b.png,stimuli/search/t.png,stimuli/search/b.png,stimuli/search/t.png,stimuli/search/t.png,stimuli/search/b.png,stimuli/search/r.png,stimuli/search/b.png,"[-0.23833333333333334,0.36707518876011813]","[-0.17833333333333334,0.3660593064638078]","[0.17833333333333334,0.3246653975480606]","[0.23833333333333334,0.34319105886159845]","[0.17833333333333334,-0.4039973165144532]","[0.23833333333333334,-0.3376313985474833]","[-0.23833333333333334,-0.3533534896756966]","[-0.17833333333333334,-0.355851125372071]",1,,,,,,,,,,,,,,,,,,,,,,,,,,,,,,,,,,,,,,,,,,,,,,,,,,,,,,,1,0,1,0,1,,,,,,,,,,
,,,,,,,,,,,,5f08dafa392f74145122c0ee,13/10/1999,2020-08-27_18h40.23.296,proactive3.1,2020.1.2,Win32,60,5f47c29a48bd2a1e651a6eb7,5f47ede75080c61345c5990b,4,,,,,,,,,,,,,,,,,,,,,,,,,,,,,,,,,,,,,,,,,,stimuli/search/b.png,stimuli/search/t.png,stimuli/search/b.png,stimuli/search/t.png,stimuli/search/b.png,stimuli/search/t.png,stimuli/search/r.png,stimuli/search/b.png,"[-0.23833333333333334,0.3768478607119367]","[-0.17833333333333334,0.38636294074764266]","[0.17833333333333334,0.3406537840255885]","[0.23833333333333334,0.40640807655624395]","[0.17833333333333334,-0.367014578494218]","[0.23833333333333334,-0.33597132281429204]","[-0.23833333333333334,-0.3878600068911646]","[-0.17833333333333334,-0.3607846424378842]",1,,,,,,,,,,,,,,,,,,,,,,,,,,,,,,,,,,,,,,,,,,,,,,,,,,,,,,,2,0,2,0,1,,,,,,,,,,
,,,,,,,,,,,,5f08dafa392f74145122c0ee,13/10/1999,2020-08-27_18h40.23.296,proactive3.1,2020.1.2,Win32,60,5f47c29a48bd2a1e651a6eb7,5f47ede75080c61345c5990b,4,,,,,,,,,,,,,,,,,,,,,,,,,,,,,,,,,,,,,,,,,,stimuli/search/b.png,stimuli/search/t.png,stimuli/search/b.png,stimuli/search/t.png,stimuli/search/l.png,stimuli/search/b.png,stimuli/search/t.png,stimuli/search/b.png,"[-0.23833333333333334,0.38100413831223845]","[-0.17833333333333334,0.41547519566490715]","[0.17833333333333334,0.3506091300929721]","[0.23833333333333334,0.4045462124150999]","[0.17833333333333334,-0.3742019211268381]","[0.23833333333333334,-0.38429047137038896]","[-0.23833333333333334,-0.4027244731123912]","[-0.17833333333333334,-0.3795138820279159]",0,,,,,,,,,,,,,,,,,,,,,,,,,,,,,,,,,,,,,,,,,,,,,,,,,,,,,,,3,0,3,0,1,,,,,,,,,,
,,,,,,,,,,,,5f08dafa392f74145122c0ee,13/10/1999,2020-08-27_18h40.23.296,proactive3.1,2020.1.2,Win32,60,5f47c29a48bd2a1e651a6eb7,5f47ede75080c61345c5990b,4,,,,,,,,,,,,,,,,,,,,,,,,,,,,,,,,,,,,,,,,,,,,,,,,,,,,,,,,,,,,,,,,,,,,,,,,,,,,,,,,,,,,,,,,,,,,,,,,,,,,,,,,,,,,,,,,,,,,,,0,0,0,0,1,,,,,
,,,,,,,,,,,,5f08dafa392f74145122c0ee,13/10/1999,2020-08-27_18h40.23.296,proactive3.1,2020.1.2,Win32,60,5f47c29a48bd2a1e651a6eb7,5f47ede75080c61345c5990b,4,,,,,,,,,,,,,,,,,,,,,,,,,,,,,,,,,,,,,,,,,,,,,,,,,,,,,,,,,,,,,,,,,,,,,,,,,,,,,,,,,,,,,,,,,,,,,,,,,,,,,,,,,,,,,,,,,,,,,,1,0,1,0,1,,,,,
,,,,,,,,,,,,5f08dafa392f74145122c0ee,13/10/1999,2020-08-27_18h40.23.296,proactive3.1,2020.1.2,Win32,60,5f47c29a48bd2a1e651a6eb7,5f47ede75080c61345c5990b,4,,,,,,,,,,,,,,,,,,,,,,,,,,,,,,,,,,,,,,,,,,,,,,,,,,,,,,,,,,,,,,,,,,,,,,,,,,,,,,,,,,,,,,,,,,,,,,,,,,,,,,,,,,,,,,,,,,,,,,2,0,2,0,1,,,,,
,,,,,,,,,,,,5f08dafa392f74145122c0ee,13/10/1999,2020-08-27_18h40.23.296,proactive3.1,2020.1.2,Win32,60,5f47c29a48bd2a1e651a6eb7,5f47ede75080c61345c5990b,4,,,,,,,,,,,,,,,,,3,,,,,,,,,,,,,,,,,,,,,,,,,,,,,,,,,,,,,,,,,,,,,,,,,,,,,,,,,,,?,0.001145,1,FALSE,?,0.00118,3,FALSE,?,0.00085,2,FALSE,?,0.00111,0,FALSE,,,,,,FLIGHT,wheel,stimuli/images/PICTURE_504.png,new-new,CANDY,tractor,stimuli/images/PICTURE_74.png,new-new,CLIENT,watch,stimuli/images/PICTURE_452.png,new-new,FEET,runner,stimuli/images/PICTURE_688.png,new-new,,,,,,,,,,,0,29,29,44,1
,,,,,,,,,,,,5f08dafa392f74145122c0ee,13/10/1999,2020-08-27_18h40.23.296,proactive3.1,2020.1.2,Win32,60,5f47c29a48bd2a1e651a6eb7,5f47ede75080c61345c5990b,4,,,,,,,,,,,,,,,,,,,,,,,,,,,,,,,,,,,,,,,,,,stimuli/search/b.png,stimuli/search/t.png,stimuli/search/t.png,stimuli/search/b.png,stimuli/search/t.png,stimuli/search/b.png,stimuli/search/r.png,stimuli/search/t.png,"[-0.23833333333333334,0.3856877983371326]","[-0.17833333333333334,0.37330646030745684]","[0.17833333333333334,0.39802591466435944]","[0.23833333333333334,0.3622510929266305]","[0.17833333333333334,-0.3546170356748099]","[0.23833333333333334,-0.38037126835787993]","[-0.23833333333333334,-0.3738725115190931]","[-0.17833333333333334,-0.3279530743636305]",1,,,,,,,,,,,,,,,,,,,,,,,,,,,,,,,,,,,,,,,,,,,,,,,,,,,,,,,0,0,0,0,1,,,,,,,,,,
,,,,,,,,,,,,5f08dafa392f74145122c0ee,13/10/1999,2020-08-27_18h40.23.296,proactive3.1,2020.1.2,Win32,60,5f47c29a48bd2a1e651a6eb7,5f47ede75080c61345c5990b,4,,,,,,,,,,,,,,,,,,,,,,,,,,,,,,,,,,,,,,,,,,stimuli/search/b.png,stimuli/search/t.png,stimuli/search/t.png,stimuli/search/b.png,stimuli/search/t.png,stimuli/search/r.png,stimuli/search/b.png,stimuli/search/t.png,"[-0.23833333333333334,0.35285202859237036]","[-0.17833333333333334,0.4106400341414508]","[0.17833333333333334,0.3407447305949543]","[0.23833333333333334,0.3263813474390161]","[0.17833333333333334,-0.41301144737466755]","[0.23833333333333334,-0.3359947961827109]","[-0.23833333333333334,-0.3272546877359029]","[-0.17833333333333334,-0.37453745498451546]",1,,,,,,,,,,,,,,,,,,,,,,,,,,,,,,,,,,,,,,,,,,,,,,,,,,,,,,,1,0,1,0,1,,,,,,,,,,
,,,,,,,,,,,,5f08dafa392f74145122c0ee,13/10/1999,2020-08-27_18h40.23.296,proactive3.1,2020.1.2,Win32,60,5f47c29a48bd2a1e651a6eb7,5f47ede75080c61345c5990b,4,,,,,,,,,,,,,,,,,,,,,,,,,,,,,,,,,,,,,,,,,,stimuli/search/b.png,stimuli/search/t.png,stimuli/search/t.png,stimuli/search/b.png,stimuli/search/b.png,stimuli/search/t.png,stimuli/search/t.png,stimuli/search/l.png,"[-0.23833333333333334,0.3977167369849068]","[-0.17833333333333334,0.4094841506023786]","[0.17833333333333334,0.3980107403306339]","[0.23833333333333334,0.40261964774027414]","[0.17833333333333334,-0.3463321101137406]","[0.23833333333333334,-0.4019308605536296]","[-0.23833333333333334,-0.3457770700709637]","[-0.17833333333333334,-0.34989454201271264]",0,,,,,,,,,,,,,,,,,,,,,,,,,,,,,,,,,,,,,,,,,,,,,,,,,,,,,,,2,0,2,0,1,,,,,,,,,,
,,,,,,,,,,,,5f08dafa392f74145122c0ee,13/10/1999,2020-08-27_18h40.23.296,proactive3.1,2020.1.2,Win32,60,5f47c29a48bd2a1e651a6eb7,5f47ede75080c61345c5990b,4,,,,,,,,,,,,,,,,,,,,,,,,,,,,,,,,,,,,,,,,,,stimuli/search/r.png,stimuli/search/b.png,stimuli/search/b.png,stimuli/search/t.png,stimuli/search/b.png,stimuli/search/t.png,stimuli/search/t.png,stimuli/search/b.png,"[-0.23833333333333334,0.325393773865701]","[-0.17833333333333334,0.41328764920447997]","[0.17833333333333334,0.4116278123157143]","[0.23833333333333334,0.41007291024351517]","[0.17833333333333334,-0.37989774511391156]","[0.23833333333333334,-0.3535120419160122]","[-0.23833333333333334,-0.3529881892941869]","[-0.17833333333333334,-0.372557401762983]",1,,,,,,,,,,,,,,,,,,,,,,,,,,,,,,,,,,,,,,,,,,,,,,,,,,,,,,,3,0,3,0,1,,,,,,,,,,
,,,,,,,,,,,,5f08dafa392f74145122c0ee,13/10/1999,2020-08-27_18h40.23.296,proactive3.1,2020.1.2,Win32,60,5f47c29a48bd2a1e651a6eb7,5f47ede75080c61345c5990b,4,,,,,,,,,,,,,,,,,,,,,,,,,,,,,,,,,,,,,,,,,,,,,,,,,,,,,,,,,,,,,,,,,,,,,,,,,,,,,,,,,,,,,,,,,,,,,,,,,,,,,,,,,,,,,,,,,,,,,,0,0,0,0,1,,,,,
,,,,,,,,,,,,5f08dafa392f74145122c0ee,13/10/1999,2020-08-27_18h40.23.296,proactive3.1,2020.1.2,Win32,60,5f47c29a48bd2a1e651a6eb7,5f47ede75080c61345c5990b,4,,,,,,,,,,,,,,,,,,,,,,,,,,,,,,,,,,,,,,,,,,,,,,,,,,,,,,,,,,,,,,,,,,,,,,,,,,,,,,,,,,,,,,,,,,,,,,,,,,,,,,,,,,,,,,,,,,,,,,1,0,1,0,1,,,,,
,,,,,,,,,,,,5f08dafa392f74145122c0ee,13/10/1999,2020-08-27_18h40.23.296,proactive3.1,2020.1.2,Win32,60,5f47c29a48bd2a1e651a6eb7,5f47ede75080c61345c5990b,4,,,,,,,,,,,,,,,,,,,,,,,,,,,,,,,,,,,,,,,,,,,,,,,,,,,,,,,,,,,,,,,,,,,,,,,,,,,,,,,,,,,,,,,,,,,,,,,,,,,,,,,,,,,,,,,,,,,,,,2,0,2,0,1,,,,,
,,,,,,,,,,,,5f08dafa392f74145122c0ee,13/10/1999,2020-08-27_18h40.23.296,proactive3.1,2020.1.2,Win32,60,5f47c29a48bd2a1e651a6eb7,5f47ede75080c61345c5990b,4,,,,,,,,,,,,,,,,,3,,,,,,,,,,,,,,,,,,,,,,,,,,,,,,,,,,,,,,,,,,,,,,,,,,,,,,,,,,,?,0.00091,3,FALSE,?,0.001105,0,FALSE,?,0.000605,1,FALSE,?,0.00076,2,FALSE,,,,,,ADVICE,megaphone,stimuli/images/PICTURE_655.png,new-new,DEMON,telephone,stimuli/images/PICTURE_509.png,mis-match,SAKE,motorbike,stimuli/images/PICTURE_470.png,old-new,AREA,shovel,stimuli/images/PICTURE_255.png,match,,,,,,,,,,,0,30,30,34,1
,,,,,,,,,,,,5f08dafa392f74145122c0ee,13/10/1999,2020-08-27_18h40.23.296,proactive3.1,2020.1.2,Win32,60,5f47c29a48bd2a1e651a6eb7,5f47ede75080c61345c5990b,4,,,,,,,,,,,,,,,,,,,,,,,,,,,,,,,,,,,,,,,,,,stimuli/search/t.png,stimuli/search/b.png,stimuli/search/b.png,stimuli/search/t.png,stimuli/search/l.png,stimuli/search/t.png,stimuli/search/t.png,stimuli/search/b.png,"[-0.23833333333333334,0.3377841654641611]","[-0.17833333333333334,0.3546998729102892]","[0.17833333333333334,0.36940463902711435]","[0.23833333333333334,0.39290727522824553]","[0.17833333333333334,-0.4013584424074146]","[0.23833333333333334,-0.34253522641182876]","[-0.23833333333333334,-0.384349462134848]","[-0.17833333333333334,-0.34583044498687004]",0,,,,,,,,,,,,,,,,,,,,,,,,,,,,,,,,,,,,,,,,,,,,,,,,,,,,,,,0,0,0,0,1,,,,,,,,,,
,,,,,,,,,,,,5f08dafa392f74145122c0ee,13/10/1999,2020-08-27_18h40.23.296,proactive3.1,2020.1.2,Win32,60,5f47c29a48bd2a1e651a6eb7,5f47ede75080c61345c5990b,4,,,,,,,,,,,,,,,,,,,,,,,,,,,,,,,,,,,,,,,,,,stimuli/search/t.png,stimuli/search/b.png,stimuli/search/b.png,stimuli/search/t.png,stimuli/search/t.png,stimuli/search/b.png,stimuli/search/t.png,stimuli/search/l.png,"[-0.23833333333333334,0.384189846396455]","[-0.17833333333333334,0.36888613390088365]","[0.17833333333333334,0.3843474004259369]","[0.23833333333333334,0.33700143021286455]","[0.17833333333333334,-0.32500494841512995]","[0.23833333333333334,-0.3719790744131899]","[-0.23833333333333334,-0.40277787086328287]","[-0.17833333333333334,-0.37677699270387066]",0,,,,,,,,,,,,,,,,,,,,,,,,,,,,,,,,,,,,,,,,,,,,,,,,,,,,,,,1,0,1,0,1,,,,,,,,,,
,,,,,,,,,,,,5f08dafa392f74145122c0ee,13/10/1999,2020-08-27_18h40.23.296,proactive3.1,2020.1.2,Win32,60,5f47c29a48bd2a1e651a6eb7,5f47ede75080c61345c5990b,4,,,,,,,,,,,,,,,,,,,,,,,,,,,,,,,,,,,,,,,,,,stimuli/search/t.png,stimuli/search/b.png,stimuli/search/t.png,stimuli/search/l.png,stimuli/search/b.png,stimuli/search/t.png,stimuli/search/t.png,stimuli/search/b.png,"[-0.23833333333333334,0.40862822098174006]","[-0.17833333333333334,0.4089831746451776]","[0.17833333333333334,0.3609114908375417]","[0.23833333333333334,0.3385945367508174]","[0.17833333333333334,-0.356176919890697]","[0.23833333333333334,-0.3547292001294232]","[-0.23833333333333334,-0.3607679352089202]","[-0.17833333333333334,-0.35061552644136257]",0,,,,,,,,,,,,,,,,,,,,,,,,,,,,,,,,,,,,,,,,,,,,,,,,,,,,,,,2,0,2,0,1,,,,,,,,,,
,,,,,,,,,,,,5f08dafa392f74145122c0ee,13/10/1999,2020-08-27_18h40.23.296,proactive3.1,2020.1.2,Win32,60,5f47c29a48bd2a1e651a6eb7,5f47ede75080c61345c5990b,4,,,,,,,,,,,,,,,,,,,,,,,,,,,,,,,,,,,,,,,,,,stimuli/search/b.png,stimuli/search/t.png,stimuli/search/b.png,stimuli/search/t.png,stimuli/search/r.png,stimuli/search/t.png,stimuli/search/b.png,stimuli/search/t.png,"[-0.23833333333333334,0.35963694351372233]","[-0.17833333333333334,0.36060449786217064]","[0.17833333333333334,0.3988894073676857]","[0.23833333333333334,0.3930743626985505]","[0.17833333333333334,-0.3256488900921599]","[0.23833333333333334,-0.3665071658036696]","[-0.23833333333333334,-0.413063364107159]","[-0.17833333333333334,-0.3744501132333486]",1,,,,,,,,,,,,,,,,,,,,,,,,,,,,,,,,,,,,,,,,,,,,,,,,,,,,,,,3,0,3,0,1,,,,,,,,,,
,,,,,,,,,,,,5f08dafa392f74145122c0ee,13/10/1999,2020-08-27_18h40.23.296,proactive3.1,2020.1.2,Win32,60,5f47c29a48bd2a1e651a6eb7,5f47ede75080c61345c5990b,4,,,,,,,,,,,,,,,,,,,,,,,,,,,,,,,,,,,,,,,,,,,,,,,,,,,,,,,,,,,,,,,,,,,,,,,,,,,,,,,,,,,,,,,,,,,,,,,,,,,,,,,,,,,,,,,,,,,,,,0,0,0,0,1,,,,,
,,,,,,,,,,,,5f08dafa392f74145122c0ee,13/10/1999,2020-08-27_18h40.23.296,proactive3.1,2020.1.2,Win32,60,5f47c29a48bd2a1e651a6eb7,5f47ede75080c61345c5990b,4,,,,,,,,,,,,,,,,,,,,,,,,,,,,,,,,,,,,,,,,,,,,,,,,,,,,,,,,,,,,,,,,,,,,,,,,,,,,,,,,,,,,,,,,,,,,,,,,,,,,,,,,,,,,,,,,,,,,,,1,0,1,0,1,,,,,
,,,,,,,,,,,,5f08dafa392f74145122c0ee,13/10/1999,2020-08-27_18h40.23.296,proactive3.1,2020.1.2,Win32,60,5f47c29a48bd2a1e651a6eb7,5f47ede75080c61345c5990b,4,,,,,,,,,,,,,,,,,,,,,,,,,,,,,,,,,,,,,,,,,,,,,,,,,,,,,,,,,,,,,,,,,,,,,,,,,,,,,,,,,,,,,,,,,,,,,,,,,,,,,,,,,,,,,,,,,,,,,,2,0,2,0,1,,,,,
,,,,,,,,,,,,5f08dafa392f74145122c0ee,13/10/1999,2020-08-27_18h40.23.296,proactive3.1,2020.1.2,Win32,60,5f47c29a48bd2a1e651a6eb7,5f47ede75080c61345c5990b,4,,,,,,,,,,,,,,,,,3,,,,,,,,,,,,,,,,,,,,,,,,,,,,,,,,,,,,,,,,,,,,,,,,,,,,,,,,,,,?,0.00077,1,FALSE,?,0.00064,3,FALSE,?,0.00061,0,FALSE,?,0.000655,2,FALSE,,,,,,BODY,daisy,stimuli/images/PICTURE_667.png,old-new,PENNY,stool,stimuli/images/PICTURE_469.png,new-new,NATION,stamp,stimuli/images/PICTURE_57.png,match,TOILET,anchor,stimuli/images/PICTURE_405.png,mis-match,,,,,,,,,,,0,31,31,33,1
,,,,,,,,,,,,5f08dafa392f74145122c0ee,13/10/1999,2020-08-27_18h40.23.296,proactive3.1,2020.1.2,Win32,60,5f47c29a48bd2a1e651a6eb7,5f47ede75080c61345c5990b,4,,,,,,,,,,,,,,,,,,,,,,,,,,,,,,,,,,,,,,,,,,stimuli/search/b.png,stimuli/search/l.png,stimuli/search/t.png,stimuli/search/b.png,stimuli/search/t.png,stimuli/search/b.png,stimuli/search/t.png,stimuli/search/b.png,"[-0.23833333333333334,0.35343285664840723]","[-0.17833333333333334,0.33881148287614443]","[0.17833333333333334,0.3935459988846968]","[0.23833333333333334,0.38159548617285016]","[0.17833333333333334,-0.3632796257099471]","[0.23833333333333334,-0.34801830231992664]","[-0.23833333333333334,-0.3950935198332724]","[-0.17833333333333334,-0.3598416156588003]",0,,,,,,,,,,,,,,,,,,,,,,,,,,,,,,,,,,,,,,,,,,,,,,,,,,,,,,,0,0,0,0,1,,,,,,,,,,
,,,,,,,,,,,,5f08dafa392f74145122c0ee,13/10/1999,2020-08-27_18h40.23.296,proactive3.1,2020.1.2,Win32,60,5f47c29a48bd2a1e651a6eb7,5f47ede75080c61345c5990b,4,,,,,,,,,,,,,,,,,,,,,,,,,,,,,,,,,,,,,,,,,,stimuli/search/b.png,stimuli/search/t.png,stimuli/search/b.png,stimuli/search/t.png,stimuli/search/b.png,stimuli/search/t.png,stimuli/search/b.png,stimuli/search/r.png,"[-0.23833333333333334,0.32746514764146145]","[-0.17833333333333334,0.40163419966206076]","[0.17833333333333334,0.3486076550101099]","[0.23833333333333334,0.34226681668286224]","[0.17833333333333334,-0.36984817869989345]","[0.23833333333333334,-0.3899277526110057]","[-0.23833333333333334,-0.41004088078017664]","[-0.17833333333333334,-0.400607834217099]",1,,,,,,,,,,,,,,,,,,,,,,,,,,,,,,,,,,,,,,,,,,,,,,,,,,,,,,,1,0,1,0,1,,,,,,,,,,
,,,,,,,,,,,,5f08dafa392f74145122c0ee,13/10/1999,2020-08-27_18h40.23.296,proactive3.1,2020.1.2,Win32,60,5f47c29a48bd2a1e651a6eb7,5f47ede75080c61345c5990b,4,,,,,,,,,,,,,,,,,,,,,,,,,,,,,,,,,,,,,,,,,,stimuli/search/b.png,stimuli/search/t.png,stimuli/search/t.png,stimuli/search/b.png,stimuli/search/b.png,stimuli/search/t.png,stimuli/search/r.png,stimuli/search/t.png,"[-0.23833333333333334,0.34478251840962665]","[-0.17833333333333334,0.34253789420615255]","[0.17833333333333334,0.3625678448386156]","[0.23833333333333334,0.38983242504112864]","[0.17833333333333334,-0.3375948523662647]","[0.23833333333333334,-0.40074385694301695]","[-0.23833333333333334,-0.328480131510175]","[-0.17833333333333334,-0.37561778231416576]",1,,,,,,,,,,,,,,,,,,,,,,,,,,,,,,,,,,,,,,,,,,,,,,,,,,,,,,,2,0,2,0,1,,,,,,,,,,
,,,,,,,,,,,,5f08dafa392f74145122c0ee,13/10/1999,2020-08-27_18h40.23.296,proactive3.1,2020.1.2,Win32,60,5f47c29a48bd2a1e651a6eb7,5f47ede75080c61345c5990b,4,,,,,,,,,,,,,,,,,,,,,,,,,,,,,,,,,,,,,,,,,,stimuli/search/t.png,stimuli/search/b.png,stimuli/search/r.png,stimuli/search/t.png,stimuli/search/t.png,stimuli/search/b.png,stimuli/search/t.png,stimuli/search/b.png,"[-0.23833333333333334,0.32739830109107826]","[-0.17833333333333334,0.3980330366722904]","[0.17833333333333334,0.3303799387629846]","[0.23833333333333334,0.41446065108240315]","[0.17833333333333334,-0.404522848963497]","[0.23833333333333334,-0.3354347632400747]","[-0.23833333333333334,-0.33751853981605007]","[-0.17833333333333334,-0.32455708512023834]",1,,,,,,,,,,,,,,,,,,,,,,,,,,,,,,,,,,,,,,,,,,,,,,,,,,,,,,,3,0,3,0,1,,,,,,,,,,
,,,,,,,,,,,,5f08dafa392f74145122c0ee,13/10/1999,2020-08-27_18h40.23.296,proactive3.1,2020.1.2,Win32,60,5f47c29a48bd2a1e651a6eb7,5f47ede75080c61345c5990b,4,,,,,,,,,,,,,,,,,,,,,,,,,,,,,,,,,,,,,,,,,,,,,,,,,,,,,,,,,,,,,,,,,,,,,,,,,,,,,,,,,,,,,,,,,,,,,,,,,,,,,,,,,,,,,,,,,,,,,,0,0,0,0,1,,,,,
,,,,,,,,,,,,5f08dafa392f74145122c0ee,13/10/1999,2020-08-27_18h40.23.296,proactive3.1,2020.1.2,Win32,60,5f47c29a48bd2a1e651a6eb7,5f47ede75080c61345c5990b,4,,,,,,,,,,,,,,,,,,,,,,,,,,,,,,,,,,,,,,,,,,,,,,,,,,,,,,,,,,,,,,,,,,,,,,,,,,,,,,,,,,,,,,,,,,,,,,,,,,,,,,,,,,,,,,,,,,,,,,1,0,1,0,1,,,,,
,,,,,,,,,,,,5f08dafa392f74145122c0ee,13/10/1999,2020-08-27_18h40.23.296,proactive3.1,2020.1.2,Win32,60,5f47c29a48bd2a1e651a6eb7,5f47ede75080c61345c5990b,4,,,,,,,,,,,,,,,,,,,,,,,,,,,,,,,,,,,,,,,,,,,,,,,,,,,,,,,,,,,,,,,,,,,,,,,,,,,,,,,,,,,,,,,,,,,,,,,,,,,,,,,,,,,,,,,,,,,,,,2,0,2,0,1,,,,,
,,,,,,,,,,,,5f08dafa392f74145122c0ee,13/10/1999,2020-08-27_18h40.23.296,proactive3.1,2020.1.2,Win32,60,5f47c29a48bd2a1e651a6eb7,5f47ede75080c61345c5990b,4,,,,,,,,,,,,,,,,,5,,,,,,,,,,,,,,,,,,,,,,,,,,,,,,,,,,,,,,,,,,,,,,,,,,,,,,,,,,,?,0.00071,2,FALSE,?,0.000705,0,FALSE,?,0.000675,1,FALSE,?,0.00107,3,FALSE,,,,,,HOUSE,mirror,stimuli/images/PICTURE_340.png,new-new,PHOTO,candle,stimuli/images/PICTURE_68.png,old-new,LOTS,cathedral,stimuli/images/PICTURE_403.png,mis-match,SYSTEM,ring,stimuli/images/PICTURE_744.png,match,,,,,,,,,,,0,32,32,65,1
,,,,,,,,,,,,5f08dafa392f74145122c0ee,13/10/1999,2020-08-27_18h40.23.296,proactive3.1,2020.1.2,Win32,60,5f47c29a48bd2a1e651a6eb7,5f47ede75080c61345c5990b,4,,,,,,,,,,,,,,,,,,,,,,,,,,,,,,,,,,,,,,,,,,stimuli/search/r.png,stimuli/search/t.png,stimuli/search/b.png,stimuli/search/t.png,stimuli/search/b.png,stimuli/search/t.png,stimuli/search/t.png,stimuli/search/b.png,"[-0.23833333333333334,0.3521787916351627]","[-0.17833333333333334,0.3280011614627384]","[0.17833333333333334,0.38553641071067024]","[0.23833333333333334,0.3615904832169352]","[0.17833333333333334,-0.3719669105140231]","[0.23833333333333334,-0.3792980548980728]","[-0.23833333333333334,-0.4049890660053611]","[-0.17833333333333334,-0.3584071039416094]",1,,,,,,,,,,,,,,,,,,,,,,,,,,,,,,,,,,,,,,,,,,,,,,,,,,,,,,,0,0,0,0,1,,,,,,,,,,
,,,,,,,,,,,,5f08dafa392f74145122c0ee,13/10/1999,2020-08-27_18h40.23.296,proactive3.1,2020.1.2,Win32,60,5f47c29a48bd2a1e651a6eb7,5f47ede75080c61345c5990b,4,,,,,,,,,,,,,,,,,,,,,,,,,,,,,,,,,,,,,,,,,,stimuli/search/l.png,stimuli/search/b.png,stimuli/search/b.png,stimuli/search/t.png,stimuli/search/b.png,stimuli/search/t.png,stimuli/search/t.png,stimuli/search/b.png,"[-0.23833333333333334,0.3654929059837297]","[-0.17833333333333334,0.35724696819385243]","[0.17833333333333334,0.37513183820431645]","[0.23833333333333334,0.3750619269881769]","[0.17833333333333334,-0.37505702332373025]","[0.23833333333333334,-0.3845777648099005]","[-0.23833333333333334,-0.35534456568825046]","[-0.17833333333333334,-0.34645481087935287]",0,,,,,,,,,,,,,,,,,,,,,,,,,,,,,,,,,,,,,,,,,,,,,,,,,,,,,,,1,0,1,0,1,,,,,,,,,,
,,,,,,,,,,,,5f08dafa392f74145122c0ee,13/10/1999,2020-08-27_18h40.23.296,proactive3.1,2020.1.2,Win32,60,5f47c29a48bd2a1e651a6eb7,5f47ede75080c61345c5990b,4,,,,,,,,,,,,,,,,,,,,,,,,,,,,,,,,,,,,,,,,,,stimuli/search/b.png,stimuli/search/t.png,stimuli/search/b.png,stimuli/search/t.png,stimuli/search/b.png,stimuli/search/t.png,stimuli/search/r.png,stimuli/search/b.png,"[-0.23833333333333334,0.33581323133561425]","[-0.17833333333333334,0.3837962564238505]","[0.17833333333333334,0.33360644938793393]","[0.23833333333333334,0.3427466101819506]","[0.17833333333333334,-0.38242401510987134]","[0.23833333333333334,-0.3612781077087816]","[-0.23833333333333334,-0.41323140197802966]","[-0.17833333333333334,-0.3282787828114176]",1,,,,,,,,,,,,,,,,,,,,,,,,,,,,,,,,,,,,,,,,,,,,,,,,,,,,,,,2,0,2,0,1,,,,,,,,,,
,,,,,,,,,,,,5f08dafa392f74145122c0ee,13/10/1999,2020-08-27_18h40.23.296,proactive3.1,2020.1.2,Win32,60,5f47c29a48bd2a1e651a6eb7,5f47ede75080c61345c5990b,4,,,,,,,,,,,,,,,,,,,,,,,,,,,,,,,,,,,,,,,,,,stimuli/search/l.png,stimuli/search/b.png,stimuli/search/t.png,stimuli/search/b.png,stimuli/search/t.png,stimuli/search/b.png,stimuli/search/b.png,stimuli/search/t.png,"[-0.23833333333333334,0.35828462615448375]","[-0.17833333333333334,0.41634377789581034]","[0.17833333333333334,0.405553854282243]","[0.23833333333333334,0.3452596042745703]","[0.17833333333333334,-0.3831507014483217]","[0.23833333333333334,-0.3282603038729547]","[-0.23833333333333334,-0.32975720122074403]","[-0.17833333333333334,-0.40949858263655553]",0,,,,,,,,,,,,,,,,,,,,,,,,,,,,,,,,,,,,,,,,,,,,,,,,,,,,,,,3,0,3,0,1,,,,,,,,,,
,,,,,,,,,,,,5f08dafa392f74145122c0ee,13/10/1999,2020-08-27_18h40.23.296,proactive3.1,2020.1.2,Win32,60,5f47c29a48bd2a1e651a6eb7,5f47ede75080c61345c5990b,4,,,,,,,,,,,,,,,,,,,,,,,,,,,,,,,,,,,,,,,,,,,,,,,,,,,,,,,,,,,,,,,,,,,,,,,,,,,,,,,,,,,,,,,,,,,,,,,,,,,,,,,,,,,,,,,,,,,,,,0,0,0,0,1,,,,,
,,,,,,,,,,,,5f08dafa392f74145122c0ee,13/10/1999,2020-08-27_18h40.23.296,proactive3.1,2020.1.2,Win32,60,5f47c29a48bd2a1e651a6eb7,5f47ede75080c61345c5990b,4,,,,,,,,,,,,,,,,,,,,,,,,,,,,,,,,,,,,,,,,,,,,,,,,,,,,,,,,,,,,,,,,,,,,,,,,,,,,,,,,,,,,,,,,,,,,,,,,,,,,,,,,,,,,,,,,,,,,,,1,0,1,0,1,,,,,
,,,,,,,,,,,,5f08dafa392f74145122c0ee,13/10/1999,2020-08-27_18h40.23.296,proactive3.1,2020.1.2,Win32,60,5f47c29a48bd2a1e651a6eb7,5f47ede75080c61345c5990b,4,,,,,,,,,,,,,,,,,,,,,,,,,,,,,,,,,,,,,,,,,,,,,,,,,,,,,,,,,,,,,,,,,,,,,,,,,,,,,,,,,,,,,,,,,,,,,,,,,,,,,,,,,,,,,,,,,,,,,,2,0,2,0,1,,,,,
,,,,,,,,,,,,5f08dafa392f74145122c0ee,13/10/1999,2020-08-27_18h40.23.296,proactive3.1,2020.1.2,Win32,60,5f47c29a48bd2a1e651a6eb7,5f47ede75080c61345c5990b,4,,,,,,,,,,,,,,,,,2,,,,,,,,,,,,,,,,,,,,,,,,,,,,,,,,,,,,,,,,,,,,,,,,,,,,,,,,,,,?,0.00067,3,FALSE,?,0.000605,2,FALSE,?,0.00069,0,FALSE,?,0.000635,1,FALSE,,,,,,DOZEN,basket,stimuli/images/PICTURE_487.png,new-new,PHOTO,spoon,stimuli/images/PICTURE_564.png,mis-match,COPS,pencil,stimuli/images/PICTURE_654.png,match,VALLEY,megaphone,stimuli/images/PICTURE_655.png,old-new,,,,,,,,,,,0,33,33,23,1
,,,,,,,,,,,,5f08dafa392f74145122c0ee,13/10/1999,2020-08-27_18h40.23.296,proactive3.1,2020.1.2,Win32,60,5f47c29a48bd2a1e651a6eb7,5f47ede75080c61345c5990b,4,,,,,,,,,,,,,,,,,,,,,,,,,,,,,,,,,,,,,,,,,,stimuli/search/r.png,stimuli/search/t.png,stimuli/search/b.png,stimuli/search/t.png,stimuli/search/t.png,stimuli/search/b.png,stimuli/search/t.png,stimuli/search/b.png,"[-0.23833333333333334,0.36267134483857955]","[-0.17833333333333334,0.3965747977522831]","[0.17833333333333334,0.4120012777611588]","[0.23833333333333334,0.338109173050592]","[0.17833333333333334,-0.3285048707856465]","[0.23833333333333334,-0.35277044149647396]","[-0.23833333333333334,-0.3464194905709231]","[-0.17833333333333334,-0.38336353516779403]",1,,,,,,,,,,,,,,,,,,,,,,,,,,,,,,,,,,,,,,,,,,,,,,,,,,,,,,,0,0,0,0,1,,,,,,,,,,
,,,,,,,,,,,,5f08dafa392f74145122c0ee,13/10/1999,2020-08-27_18h40.23.296,proactive3.1,2020.1.2,Win32,60,5f47c29a48bd2a1e651a6eb7,5f47ede75080c61345c5990b,4,,,,,,,,,,,,,,,,,,,,,,,,,,,,,,,,,,,,,,,,,,stimuli/search/t.png,stimuli/search/b.png,stimuli/search/b.png,stimuli/search/t.png,stimuli/search/r.png,stimuli/search/t.png,stimuli/search/b.png,stimuli/search/t.png,"[-0.23833333333333334,0.37441265214268704]","[-0.17833333333333334,0.35592778941605213]","[0.17833333333333334,0.33698142015356936]","[0.23833333333333334,0.3734147699254165]","[0.17833333333333334,-0.34504711742809957]","[0.23833333333333334,-0.39902095965251083]","[-0.23833333333333334,-0.34673167672989075]","[-0.17833333333333334,-0.3700422796771382]",1,,,,,,,,,,,,,,,,,,,,,,,,,,,,,,,,,,,,,,,,,,,,,,,,,,,,,,,1,0,1,0,1,,,,,,,,,,
,,,,,,,,,,,,5f08dafa392f74145122c0ee,13/10/1999,2020-08-27_18h40.23.296,proactive3.1,2020.1.2,Win32,60,5f47c29a48bd2a1e651a6eb7,5f47ede75080c61345c5990b,4,,,,,,,,,,,,,,,,,,,,,,,,,,,,,,,,,,,,,,,,,,stimuli/search/b.png,stimuli/search/t.png,stimuli/search/t.png,stimuli/search/b.png,stimuli/search/r.png,stimuli/search/t.png,stimuli/search/b.png,stimuli/search/t.png,"[-0.23833333333333334,0.3875056093928342]","[-0.17833333333333334,0.414695655486472]","[0.17833333333333334,0.396408642349995]","[0.23833333333333334,0.39245483917528085]","[0.17833333333333334,-0.3981916404978878]","[0.23833333333333334,-0.40400823719547563]","[-0.23833333333333334,-0.4017735406730218]","[-0.17833333333333334,-0.37799240125925687]",1,,,,,,,,,,,,,,,,,,,,,,,,,,,,,,,,,,,,,,,,,,,,,,,,,,,,,,,2,0,2,0,1,,,,,,,,,,
,,,,,,,,,,,,5f08dafa392f74145122c0ee,13/10/1999,2020-08-27_18h40.23.296,proactive3.1,2020.1.2,Win32,60,5f47c29a48bd2a1e651a6eb7,5f47ede75080c61345c5990b,4,,,,,,,,,,,,,,,,,,,,,,,,,,,,,,,,,,,,,,,,,,stimuli/search/t.png,stimuli/search/b.png,stimuli/search/t.png,stimuli/search/b.png,stimuli/search/l.png,stimuli/search/b.png,stimuli/search/t.png,stimuli/search/b.png,"[-0.23833333333333334,0.32501487950535035]","[-0.17833333333333334,0.37473516845605415]","[0.17833333333333334,0.3983426778249596]","[0.23833333333333334,0.411765936883186]","[0.17833333333333334,-0.3346874287890761]","[0.23833333333333334,-0.40737871899337375]","[-0.23833333333333334,-0.33494341031122943]","[-0.17833333333333334,-0.3636469958311447]",0,,,,,,,,,,,,,,,,,,,,,,,,,,,,,,,,,,,,,,,,,,,,,,,,,,,,,,,3,0,3,0,1,,,,,,,,,,
,,,,,,,,,,,,5f08dafa392f74145122c0ee,13/10/1999,2020-08-27_18h40.23.296,proactive3.1,2020.1.2,Win32,60,5f47c29a48bd2a1e651a6eb7,5f47ede75080c61345c5990b,4,,,,,,,,,,,,,,,,,,,,,,,,,,,,,,,,,,,,,,,,,,,,,,,,,,,,,,,,,,,,,,,,,,,,,,,,,,,,,,,,,,,,,,,,,,,,,,,,,,,,,,,,,,,,,,,,,,,,,,0,0,0,0,1,,,,,
,,,,,,,,,,,,5f08dafa392f74145122c0ee,13/10/1999,2020-08-27_18h40.23.296,proactive3.1,2020.1.2,Win32,60,5f47c29a48bd2a1e651a6eb7,5f47ede75080c61345c5990b,4,,,,,,,,,,,,,,,,,,,,,,,,,,,,,,,,,,,,,,,,,,,,,,,,,,,,,,,,,,,,,,,,,,,,,,,,,,,,,,,,,,,,,,,,,,,,,,,,,,,,,,,,,,,,,,,,,,,,,,1,0,1,0,1,,,,,
,,,,,,,,,,,,5f08dafa392f74145122c0ee,13/10/1999,2020-08-27_18h40.23.296,proactive3.1,2020.1.2,Win32,60,5f47c29a48bd2a1e651a6eb7,5f47ede75080c61345c5990b,4,,,,,,,,,,,,,,,,,,,,,,,,,,,,,,,,,,,,,,,,,,,,,,,,,,,,,,,,,,,,,,,,,,,,,,,,,,,,,,,,,,,,,,,,,,,,,,,,,,,,,,,,,,,,,,,,,,,,,,2,0,2,0,1,,,,,
,,,,,,,,,,,,5f08dafa392f74145122c0ee,13/10/1999,2020-08-27_18h40.23.296,proactive3.1,2020.1.2,Win32,60,5f47c29a48bd2a1e651a6eb7,5f47ede75080c61345c5990b,4,,,,,,,,,,,,,,,,,3,,,,,,,,,,,,,,,,,,,,,,,,,,,,,,,,,,,,,,,,,,,,,,,,,,,,,,,,,,,?,0.00068,1,FALSE,?,0.000705,0,FALSE,?,0.00074,2,FALSE,?,0.000745,3,FALSE,,,,,,PILLS,skateboard,stimuli/images/PICTURE_93.png,new-new,RECORD,razor,stimuli/images/PICTURE_311.png,new-new,NIGHT,bench,stimuli/images/PICTURE_449.png,new-new,FAMILY,ring,stimuli/images/PICTURE_744.png,new-new,,,,,,,,,,,0,34,34,45,1
,,,,,,,,,,,,5f08dafa392f74145122c0ee,13/10/1999,2020-08-27_18h40.23.296,proactive3.1,2020.1.2,Win32,60,5f47c29a48bd2a1e651a6eb7,5f47ede75080c61345c5990b,4,,,,,,,,,,,,,,,,,,,,,,,,,,,,,,,,,,,,,,,,,,stimuli/search/b.png,stimuli/search/t.png,stimuli/search/b.png,stimuli/search/r.png,stimuli/search/t.png,stimuli/search/b.png,stimuli/search/t.png,stimuli/search/b.png,"[-0.23833333333333334,0.3362764543612562]","[-0.17833333333333334,0.3405520391433493]","[0.17833333333333334,0.36698063663890196]","[0.23833333333333334,0.3735125967385596]","[0.17833333333333334,-0.33598508057815846]","[0.23833333333333334,-0.32824089575092447]","[-0.23833333333333334,-0.401688612734091]","[-0.17833333333333334,-0.3794764785261482]",1,,,,,,,,,,,,,,,,,,,,,,,,,,,,,,,,,,,,,,,,,,,,,,,,,,,,,,,0,0,0,0,1,,,,,,,,,,
,,,,,,,,,,,,5f08dafa392f74145122c0ee,13/10/1999,2020-08-27_18h40.23.296,proactive3.1,2020.1.2,Win32,60,5f47c29a48bd2a1e651a6eb7,5f47ede75080c61345c5990b,4,,,,,,,,,,,,,,,,,,,,,,,,,,,,,,,,,,,,,,,,,,stimuli/search/t.png,stimuli/search/b.png,stimuli/search/r.png,stimuli/search/t.png,stimuli/search/b.png,stimuli/search/t.png,stimuli/search/b.png,stimuli/search/t.png,"[-0.23833333333333334,0.3326941975464345]","[-0.17833333333333334,0.33253084453448334]","[0.17833333333333334,0.3571284788423553]","[0.23833333333333334,0.3255929719071614]","[0.17833333333333334,-0.3613537513293313]","[0.23833333333333334,-0.3417664528636065]","[-0.23833333333333334,-0.3963921862209906]","[-0.17833333333333334,-0.3683351017610421]",1,,,,,,,,,,,,,,,,,,,,,,,,,,,,,,,,,,,,,,,,,,,,,,,,,,,,,,,1,0,1,0,1,,,,,,,,,,
,,,,,,,,,,,,5f08dafa392f74145122c0ee,13/10/1999,2020-08-27_18h40.23.296,proactive3.1,2020.1.2,Win32,60,5f47c29a48bd2a1e651a6eb7,5f47ede75080c61345c5990b,4,,,,,,,,,,,,,,,,,,,,,,,,,,,,,,,,,,,,,,,,,,stimuli/search/b.png,stimuli/search/t.png,stimuli/search/b.png,stimuli/search/t.png,stimuli/search/b.png,stimuli/search/t.png,stimuli/search/l.png,stimuli/search/t.png,"[-0.23833333333333334,0.35708322421169536]","[-0.17833333333333334,0.37216207108640537]","[0.17833333333333334,0.38413765604991273]","[0.23833333333333334,0.36872690821471293]","[0.17833333333333334,-0.3717022272556087]","[0.23833333333333334,-0.3741486367746241]","[-0.23833333333333334,-0.392072946610695]","[-0.17833333333333334,-0.38129068952703105]",0,,,,,,,,,,,,,,,,,,,,,,,,,,,,,,,,,,,,,,,,,,,,,,,,,,,,,,,2,0,2,0,1,,,,,,,,,,
,,,,,,,,,,,,5f08dafa392f74145122c0ee,13/10/1999,2020-08-27_18h40.23.296,proactive3.1,2020.1.2,Win32,60,5f47c29a48bd2a1e651a6eb7,5f47ede75080c61345c5990b,4,,,,,,,,,,,,,,,,,,,,,,,,,,,,,,,,,,,,,,,,,,stimuli/search/b.png,stimuli/search/t.png,stimuli/search/t.png,stimuli/search/l.png,stimuli/search/b.png,stimuli/search/t.png,stimuli/search/b.png,stimuli/search/t.png,"[-0.23833333333333334,0.4103417679819817]","[-0.17833333333333334,0.3819858540430827]","[0.17833333333333334,0.33124780945186755]","[0.23833333333333334,0.35580431922412853]","[0.17833333333333334,-0.416640555839379]","[0.23833333333333334,-0.3400357883055147]","[-0.23833333333333334,-0.38630601369910605]","[-0.17833333333333334,-0.40626782317547405]",0,,,,,,,,,,,,,,,,,,,,,,,,,,,,,,,,,,,,,,,,,,,,,,,,,,,,,,,3,0,3,0,1,,,,,,,,,,
,,,,,,,,,,,,5f08dafa392f74145122c0ee,13/10/1999,2020-08-27_18h40.23.296,proactive3.1,2020.1.2,Win32,60,5f47c29a48bd2a1e651a6eb7,5f47ede75080c61345c5990b,4,,,,,,,,,,,,,,,,,,,,,,,,,,,,,,,,,,,,,,,,,,,,,,,,,,,,,,,,,,,,,,,,,,,,,,,,,,,,,,,,,,,,,,,,,,,,,,,,,,,,,,,,,,,,,,,,,,,,,,0,0,0,0,1,,,,,
,,,,,,,,,,,,5f08dafa392f74145122c0ee,13/10/1999,2020-08-27_18h40.23.296,proactive3.1,2020.1.2,Win32,60,5f47c29a48bd2a1e651a6eb7,5f47ede75080c61345c5990b,4,,,,,,,,,,,,,,,,,,,,,,,,,,,,,,,,,,,,,,,,,,,,,,,,,,,,,,,,,,,,,,,,,,,,,,,,,,,,,,,,,,,,,,,,,,,,,,,,,,,,,,,,,,,,,,,,,,,,,,1,0,1,0,1,,,,,
,,,,,,,,,,,,5f08dafa392f74145122c0ee,13/10/1999,2020-08-27_18h40.23.296,proactive3.1,2020.1.2,Win32,60,5f47c29a48bd2a1e651a6eb7,5f47ede75080c61345c5990b,4,,,,,,,,,,,,,,,,,,,,,,,,,,,,,,,,,,,,,,,,,,,,,,,,,,,,,,,,,,,,,,,,,,,,,,,,,,,,,,,,,,,,,,,,,,,,,,,,,,,,,,,,,,,,,,,,,,,,,,2,0,2,0,1,,,,,
,,,,,,,,,,,,5f08dafa392f74145122c0ee,13/10/1999,2020-08-27_18h40.23.296,proactive3.1,2020.1.2,Win32,60,5f47c29a48bd2a1e651a6eb7,5f47ede75080c61345c5990b,4,,,,,,,,,,,,,,,,,3,,,,,,,,,,,,,,,,,,,,,,,,,,,,,,,,,,,,,,,,,,,,,,,,,,,,,,,,,,,?,0.000905,0,FALSE,?,0.00096,1,FALSE,?,0.00079,3,FALSE,?,0.000675,2,FALSE,,,,,,THING,frame,stimuli/images/PICTURE_33.png,old-new,FOOD,dart,stimuli/images/PICTURE_123.png,new-new,PRINCE,peg,stimuli/images/PICTURE_467.png,mis-match,HOUSE,mushroom,stimuli/images/PICTURE_177.png,match,,,,,,,,,,,0,35,35,38,1
,,,,,,,,,,,,5f08dafa392f74145122c0ee,13/10/1999,2020-08-27_18h40.23.296,proactive3.1,2020.1.2,Win32,60,5f47c29a48bd2a1e651a6eb7,5f47ede75080c61345c5990b,4,,,,,,,,,,,,,,,,,,,,,,,,,,,,,,,,,,,,,,,,,,stimuli/search/b.png,stimuli/search/t.png,stimuli/search/b.png,stimuli/search/t.png,stimuli/search/t.png,stimuli/search/l.png,stimuli/search/t.png,stimuli/search/b.png,"[-0.23833333333333334,0.36652797725297026]","[-0.17833333333333334,0.37971123497883696]","[0.17833333333333334,0.3918413778216235]","[0.23833333333333334,0.3650032319943026]","[0.17833333333333334,-0.39230891627558917]","[0.23833333333333334,-0.3831912501323518]","[-0.23833333333333334,-0.39212187318009256]","[-0.17833333333333334,-0.3722340870151648]",0,,,,,,,,,,,,,,,,,,,,,,,,,,,,,,,,,,,,,,,,,,,,,,,,,,,,,,,0,0,0,0,1,,,,,,,,,,
,,,,,,,,,,,,5f08dafa392f74145122c0ee,13/10/1999,2020-08-27_18h40.23.296,proactive3.1,2020.1.2,Win32,60,5f47c29a48bd2a1e651a6eb7,5f47ede75080c61345c5990b,4,,,,,,,,,,,,,,,,,,,,,,,,,,,,,,,,,,,,,,,,,,stimuli/search/t.png,stimuli/search/b.png,stimuli/search/b.png,stimuli/search/l.png,stimuli/search/b.png,stimuli/search/t.png,stimuli/search/t.png,stimuli/search/b.png,"[-0.23833333333333334,0.3572337740878471]","[-0.17833333333333334,0.33813623376683216]","[0.17833333333333334,0.33543131922869857]","[0.23833333333333334,0.35572039358945967]","[0.17833333333333334,-0.33980932800752384]","[0.23833333333333334,-0.3448220433134418]","[-0.23833333333333334,-0.35748319083332203]","[-0.17833333333333334,-0.3465375782039675]",0,,,,,,,,,,,,,,,,,,,,,,,,,,,,,,,,,,,,,,,,,,,,,,,,,,,,,,,1,0,1,0,1,,,,,,,,,,
,,,,,,,,,,,,5f08dafa392f74145122c0ee,13/10/1999,2020-08-27_18h40.23.296,proactive3.1,2020.1.2,Win32,60,5f47c29a48bd2a1e651a6eb7,5f47ede75080c61345c5990b,4,,,,,,,,,,,,,,,,,,,,,,,,,,,,,,,,,,,,,,,,,,stimuli/search/b.png,stimuli/search/t.png,stimuli/search/t.png,stimuli/search/b.png,stimuli/search/l.png,stimuli/search/t.png,stimuli/search/t.png,stimuli/search/b.png,"[-0.23833333333333334,0.35353302749919463]","[-0.17833333333333334,0.35001181005377124]","[0.17833333333333334,0.3979956644460394]","[0.23833333333333334,0.3590885186171178]","[0.17833333333333334,-0.33933960244853806]","[0.23833333333333334,-0.3436509929473188]","[-0.23833333333333334,-0.3289438111049464]","[-0.17833333333333334,-0.3989018336078578]",0,,,,,,,,,,,,,,,,,,,,,,,,,,,,,,,,,,,,,,,,,,,,,,,,,,,,,,,2,0,2,0,1,,,,,,,,,,
,,,,,,,,,,,,5f08dafa392f74145122c0ee,13/10/1999,2020-08-27_18h40.23.296,proactive3.1,2020.1.2,Win32,60,5f47c29a48bd2a1e651a6eb7,5f47ede75080c61345c5990b,4,,,,,,,,,,,,,,,,,,,,,,,,,,,,,,,,,,,,,,,,,,stimuli/search/b.png,stimuli/search/t.png,stimuli/search/b.png,stimuli/search/t.png,stimuli/search/b.png,stimuli/search/t.png,stimuli/search/l.png,stimuli/search/t.png,"[-0.23833333333333334,0.3642141618708888]","[-0.17833333333333334,0.32442186909440335]","[0.17833333333333334,0.40020955247347445]","[0.23833333333333334,0.3867083767552809]","[0.17833333333333334,-0.3431830903957691]","[0.23833333333333334,-0.37871993242221574]","[-0.23833333333333334,-0.3825074490746359]","[-0.17833333333333334,-0.40804031833548565]",0,,,,,,,,,,,,,,,,,,,,,,,,,,,,,,,,,,,,,,,,,,,,,,,,,,,,,,,3,0,3,0,1,,,,,,,,,,
,,,,,,,,,,,,5f08dafa392f74145122c0ee,13/10/1999,2020-08-27_18h40.23.296,proactive3.1,2020.1.2,Win32,60,5f47c29a48bd2a1e651a6eb7,5f47ede75080c61345c5990b,4,,,,,,,,,,,,,,,,,,,,,,,,,,,,,,,,,,,,,,,,,,,,,,,,,,,,,,,,,,,,,,,,,,,,,,,,,,,,,,,,,,,,,,,,,,,,,,,,,,,,,,,,,,,,,,,,,,,,,,0,0,0,0,1,,,,,
,,,,,,,,,,,,5f08dafa392f74145122c0ee,13/10/1999,2020-08-27_18h40.23.296,proactive3.1,2020.1.2,Win32,60,5f47c29a48bd2a1e651a6eb7,5f47ede75080c61345c5990b,4,,,,,,,,,,,,,,,,,,,,,,,,,,,,,,,,,,,,,,,,,,,,,,,,,,,,,,,,,,,,,,,,,,,,,,,,,,,,,,,,,,,,,,,,,,,,,,,,,,,,,,,,,,,,,,,,,,,,,,1,0,1,0,1,,,,,
,,,,,,,,,,,,5f08dafa392f74145122c0ee,13/10/1999,2020-08-27_18h40.23.296,proactive3.1,2020.1.2,Win32,60,5f47c29a48bd2a1e651a6eb7,5f47ede75080c61345c5990b,4,,,,,,,,,,,,,,,,,,,,,,,,,,,,,,,,,,,,,,,,,,,,,,,,,,,,,,,,,,,,,,,,,,,,,,,,,,,,,,,,,,,,,,,,,,,,,,,,,,,,,,,,,,,,,,,,,,,,,,2,0,2,0,1,,,,,
,,,,,,,,,,,,5f08dafa392f74145122c0ee,13/10/1999,2020-08-27_18h40.23.296,proactive3.1,2020.1.2,Win32,60,5f47c29a48bd2a1e651a6eb7,5f47ede75080c61345c5990b,4,,,,,,,,,,,,,,,,,6,,,,,,,,,,,,,,,,,,,,,,,,,,,,,,,,,,,,,,,,,,,,,,,,,,,,,,,,,,,?,0.00149,2,FALSE,?,0.003125,3,FALSE,?,0.00118,0,FALSE,?,0.00274,1,FALSE,,,,,,MILE,anchor,stimuli/images/PICTURE_405.png,mis-match,HONEY,cherry,stimuli/images/PICTURE_692.png,new-new,PENNY,microphone,stimuli/images/PICTURE_208.png,old-new,COPS,wheel,stimuli/images/PICTURE_504.png,match,,,,,,,,,,,0,36,36,80,1
,,,,,,,,,,,,5f08dafa392f74145122c0ee,13/10/1999,2020-08-27_18h40.23.296,proactive3.1,2020.1.2,Win32,60,5f47c29a48bd2a1e651a6eb7,5f47ede75080c61345c5990b,4,,,,,,,,,,,,,,,,,,,,,,,,,,,,,,,,,,,,,,,,,,stimuli/search/b.png,stimuli/search/t.png,stimuli/search/t.png,stimuli/search/b.png,stimuli/search/t.png,stimuli/search/b.png,stimuli/search/r.png,stimuli/search/b.png,"[-0.23833333333333334,0.3491128233486538]","[-0.17833333333333334,0.4082875453772351]","[0.17833333333333334,0.3262215917605376]","[0.23833333333333334,0.3418542779399835]","[0.17833333333333334,-0.40109395073367254]","[0.23833333333333334,-0.3574469987041671]","[-0.23833333333333334,-0.32764415410157993]","[-0.17833333333333334,-0.32918616295428077]",1,,,,,,,,,,,,,,,,,,,,,,,,,,,,,,,,,,,,,,,,,,,,,,,,,,,,,,,0,0,0,0,1,,,,,,,,,,
,,,,,,,,,,,,5f08dafa392f74145122c0ee,13/10/1999,2020-08-27_18h40.23.296,proactive3.1,2020.1.2,Win32,60,5f47c29a48bd2a1e651a6eb7,5f47ede75080c61345c5990b,4,,,,,,,,,,,,,,,,,,,,,,,,,,,,,,,,,,,,,,,,,,stimuli/search/b.png,stimuli/search/t.png,stimuli/search/l.png,stimuli/search/b.png,stimuli/search/t.png,stimuli/search/b.png,stimuli/search/b.png,stimuli/search/t.png,"[-0.23833333333333334,0.3405830556686434]","[-0.17833333333333334,0.411632702025843]","[0.17833333333333334,0.3432269463740896]","[0.23833333333333334,0.38971054805255867]","[0.17833333333333334,-0.336191080742901]","[0.23833333333333334,-0.3918779131317631]","[-0.23833333333333334,-0.37778090983956836]","[-0.17833333333333334,-0.359683456669946]",0,,,,,,,,,,,,,,,,,,,,,,,,,,,,,,,,,,,,,,,,,,,,,,,,,,,,,,,1,0,1,0,1,,,,,,,,,,
,,,,,,,,,,,,5f08dafa392f74145122c0ee,13/10/1999,2020-08-27_18h40.23.296,proactive3.1,2020.1.2,Win32,60,5f47c29a48bd2a1e651a6eb7,5f47ede75080c61345c5990b,4,,,,,,,,,,,,,,,,,,,,,,,,,,,,,,,,,,,,,,,,,,stimuli/search/l.png,stimuli/search/t.png,stimuli/search/b.png,stimuli/search/t.png,stimuli/search/b.png,stimuli/search/t.png,stimuli/search/t.png,stimuli/search/b.png,"[-0.23833333333333334,0.38413843223713057]","[-0.17833333333333334,0.34829551057292557]","[0.17833333333333334,0.4079195914704843]","[0.23833333333333334,0.3664044918712374]","[0.17833333333333334,-0.40986012573359853]","[0.23833333333333334,-0.41314965749556953]","[-0.23833333333333334,-0.3487867125470292]","[-0.17833333333333334,-0.38125188876104316]",0,,,,,,,,,,,,,,,,,,,,,,,,,,,,,,,,,,,,,,,,,,,,,,,,,,,,,,,2,0,2,0,1,,,,,,,,,,
,,,,,,,,,,,,5f08dafa392f74145122c0ee,13/10/1999,2020-08-27_18h40.23.296,proactive3.1,2020.1.2,Win32,60,5f47c29a48bd2a1e651a6eb7,5f47ede75080c61345c5990b,4,,,,,,,,,,,,,,,,,,,,,,,,,,,,,,,,,,,,,,,,,,stimuli/search/t.png,stimuli/search/b.png,stimuli/search/t.png,stimuli/search/b.png,stimuli/search/t.png,stimuli/search/l.png,stimuli/search/b.png,stimuli/search/t.png,"[-0.23833333333333334,0.360985660338798]","[-0.17833333333333334,0.3316679544952845]","[0.17833333333333334,0.39728530778466903]","[0.23833333333333334,0.34211485568023703]","[0.17833333333333334,-0.32949091096637695]","[0.23833333333333334,-0.34545493811903044]","[-0.23833333333333334,-0.35005118753669945]","[-0.17833333333333334,-0.3566548932561219]",0,,,,,,,,,,,,,,,,,,,,,,,,,,,,,,,,,,,,,,,,,,,,,,,,,,,,,,,3,0,3,0,1,,,,,,,,,,
,,,,,,,,,,,,5f08dafa392f74145122c0ee,13/10/1999,2020-08-27_18h40.23.296,proactive3.1,2020.1.2,Win32,60,5f47c29a48bd2a1e651a6eb7,5f47ede75080c61345c5990b,4,,,,,,,,,,,,,,,,,,,,,,,,,,,,,,,,,,,,,,,,,,,,,,,,,,,,,,,,,,,,,,,,,,,,,,,,,,,,,,,,,,,,,,,,,,,,,,,,,,,,,,,,,,,,,,,,,,,,,,0,0,0,0,1,,,,,
,,,,,,,,,,,,5f08dafa392f74145122c0ee,13/10/1999,2020-08-27_18h40.23.296,proactive3.1,2020.1.2,Win32,60,5f47c29a48bd2a1e651a6eb7,5f47ede75080c61345c5990b,4,,,,,,,,,,,,,,,,,,,,,,,,,,,,,,,,,,,,,,,,,,,,,,,,,,,,,,,,,,,,,,,,,,,,,,,,,,,,,,,,,,,,,,,,,,,,,,,,,,,,,,,,,,,,,,,,,,,,,,1,0,1,0,1,,,,,
,,,,,,,,,,,,5f08dafa392f74145122c0ee,13/10/1999,2020-08-27_18h40.23.296,proactive3.1,2020.1.2,Win32,60,5f47c29a48bd2a1e651a6eb7,5f47ede75080c61345c5990b,4,,,,,,,,,,,,,,,,,,,,,,,,,,,,,,,,,,,,,,,,,,,,,,,,,,,,,,,,,,,,,,,,,,,,,,,,,,,,,,,,,,,,,,,,,,,,,,,,,,,,,,,,,,,,,,,,,,,,,,2,0,2,0,1,,,,,
,,,,,,,,,,,,5f08dafa392f74145122c0ee,13/10/1999,2020-08-27_18h40.23.296,proactive3.1,2020.1.2,Win32,60,5f47c29a48bd2a1e651a6eb7,5f47ede75080c61345c5990b,4,,,,,,,,,,,,,,,,,5,,,,,,,,,,,,,,,,,,,,,,,,,,,,,,,,,,,,,,,,,,,,,,,,,,,,,,,,,,,?,0.0015,2,FALSE,?,0.001585,3,FALSE,?,0.00111,1,FALSE,?,0.002525,0,FALSE,,,,,,STYLE,aeroplane,stimuli/images/PICTURE_297.png,new-new,FOOD,rug,stimuli/images/PICTURE_491.png,new-new,DOZEN,balcony,stimuli/images/PICTURE_63.png,new-new,HOTEL,skateboard,stimuli/images/PICTURE_93.png,new-new,,,,,,,,,,,0,37,37,77,1
,,,,,,,,,,,,5f08dafa392f74145122c0ee,13/10/1999,2020-08-27_18h40.23.296,proactive3.1,2020.1.2,Win32,60,5f47c29a48bd2a1e651a6eb7,5f47ede75080c61345c5990b,4,,,,,,,,,,,,,,,,,,,,,,,,,,,,,,,,,,,,,,,,,,stimuli/search/l.png,stimuli/search/b.png,stimuli/search/t.png,stimuli/search/b.png,stimuli/search/t.png,stimuli/search/b.png,stimuli/search/t.png,stimuli/search/b.png,"[-0.23833333333333334,0.3493222820583109]","[-0.17833333333333334,0.41573211398543725]","[0.17833333333333334,0.4007611937706283]","[0.23833333333333334,0.3363956128548696]","[0.17833333333333334,-0.4084376109449408]","[0.23833333333333334,-0.37930803388320206]","[-0.23833333333333334,-0.3509011127457011]","[-0.17833333333333334,-0.3368781253548524]",0,,,,,,,,,,,,,,,,,,,,,,,,,,,,,,,,,,,,,,,,,,,,,,,,,,,,,,,0,0,0,0,1,,,,,,,,,,
,,,,,,,,,,,,5f08dafa392f74145122c0ee,13/10/1999,2020-08-27_18h40.23.296,proactive3.1,2020.1.2,Win32,60,5f47c29a48bd2a1e651a6eb7,5f47ede75080c61345c5990b,4,,,,,,,,,,,,,,,,,,,,,,,,,,,,,,,,,,,,,,,,,,stimuli/search/t.png,stimuli/search/b.png,stimuli/search/b.png,stimuli/search/t.png,stimuli/search/b.png,stimuli/search/t.png,stimuli/search/b.png,stimuli/search/r.png,"[-0.23833333333333334,0.38715536704327885]","[-0.17833333333333334,0.4016069249933992]","[0.17833333333333334,0.40679617011869273]","[0.23833333333333334,0.34072964779240716]","[0.17833333333333334,-0.33868527822209893]","[0.23833333333333334,-0.3565215197667403]","[-0.23833333333333334,-0.41033038308835634]","[-0.17833333333333334,-0.32897475034461165]",1,,,,,,,,,,,,,,,,,,,,,,,,,,,,,,,,,,,,,,,,,,,,,,,,,,,,,,,1,0,1,0,1,,,,,,,,,,
,,,,,,,,,,,,5f08dafa392f74145122c0ee,13/10/1999,2020-08-27_18h40.23.296,proactive3.1,2020.1.2,Win32,60,5f47c29a48bd2a1e651a6eb7,5f47ede75080c61345c5990b,4,,,,,,,,,,,,,,,,,,,,,,,,,,,,,,,,,,,,,,,,,,stimuli/search/b.png,stimuli/search/t.png,stimuli/search/b.png,stimuli/search/r.png,stimuli/search/b.png,stimuli/search/t.png,stimuli/search/t.png,stimuli/search/b.png,"[-0.23833333333333334,0.389136670259248]","[-0.17833333333333334,0.3978164211407215]","[0.17833333333333334,0.3836338369831206]","[0.23833333333333334,0.35906809518995997]","[0.17833333333333334,-0.34095019890586564]","[0.23833333333333334,-0.32834178270929554]","[-0.23833333333333334,-0.36081030198034636]","[-0.17833333333333334,-0.36140953396385006]",1,,,,,,,,,,,,,,,,,,,,,,,,,,,,,,,,,,,,,,,,,,,,,,,,,,,,,,,2,0,2,0,1,,,,,,,,,,
,,,,,,,,,,,,5f08dafa392f74145122c0ee,13/10/1999,2020-08-27_18h40.23.296,proactive3.1,2020.1.2,Win32,60,5f47c29a48bd2a1e651a6eb7,5f47ede75080c61345c5990b,4,,,,,,,,,,,,,,,,,,,,,,,,,,,,,,,,,,,,,,,,,,stimuli/search/t.png,stimuli/search/b.png,stimuli/search/t.png,stimuli/search/l.png,stimuli/search/b.png,stimuli/search/t.png,stimuli/search/b.png,stimuli/search/t.png,"[-0.23833333333333334,0.3526315426360851]","[-0.17833333333333334,0.36229836833715995]","[0.17833333333333334,0.3952301131469673]","[0.23833333333333334,0.3412923380154024]","[0.17833333333333334,-0.3991738014326742]","[0.23833333333333334,-0.3596664539043855]","[-0.23833333333333334,-0.35862439005030233]","[-0.17833333333333334,-0.3676825417580587]",0,,,,,,,,,,,,,,,,,,,,,,,,,,,,,,,,,,,,,,,,,,,,,,,,,,,,,,,3,0,3,0,1,,,,,,,,,,
,,,,,,,,,,,,5f08dafa392f74145122c0ee,13/10/1999,2020-08-27_18h40.23.296,proactive3.1,2020.1.2,Win32,60,5f47c29a48bd2a1e651a6eb7,5f47ede75080c61345c5990b,4,,,,,,,,,,,,,,,,,,,,,,,,,,,,,,,,,,,,,,,,,,,,,,,,,,,,,,,,,,,,,,,,,,,,,,,,,,,,,,,,,,,,,,,,,,,,,,,,,,,,,,,,,,,,,,,,,,,,,,0,0,0,0,1,,,,,
,,,,,,,,,,,,5f08dafa392f74145122c0ee,13/10/1999,2020-08-27_18h40.23.296,proactive3.1,2020.1.2,Win32,60,5f47c29a48bd2a1e651a6eb7,5f47ede75080c61345c5990b,4,,,,,,,,,,,,,,,,,,,,,,,,,,,,,,,,,,,,,,,,,,,,,,,,,,,,,,,,,,,,,,,,,,,,,,,,,,,,,,,,,,,,,,,,,,,,,,,,,,,,,,,,,,,,,,,,,,,,,,1,0,1,0,1,,,,,
,,,,,,,,,,,,5f08dafa392f74145122c0ee,13/10/1999,2020-08-27_18h40.23.296,proactive3.1,2020.1.2,Win32,60,5f47c29a48bd2a1e651a6eb7,5f47ede75080c61345c5990b,4,,,,,,,,,,,,,,,,,,,,,,,,,,,,,,,,,,,,,,,,,,,,,,,,,,,,,,,,,,,,,,,,,,,,,,,,,,,,,,,,,,,,,,,,,,,,,,,,,,,,,,,,,,,,,,,,,,,,,,2,0,2,0,1,,,,,
,,,,,,,,,,,,5f08dafa392f74145122c0ee,13/10/1999,2020-08-27_18h40.23.296,proactive3.1,2020.1.2,Win32,60,5f47c29a48bd2a1e651a6eb7,5f47ede75080c61345c5990b,4,,,,,,,,,,,,,,,,,6,,,,,,,,,,,,,,,,,,,,,,,,,,,,,,,,,,,,,,,,,,,,,,,,,,,,,,,,,,,?,0.00134,2,FALSE,?,0.001285,1,FALSE,?,0.001295,3,FALSE,?,0.002765,0,FALSE,,,,,,JUNGLE,razor,stimuli/images/PICTURE_311.png,mis-match,BOYS,pear,stimuli/images/PICTURE_42.png,match,PRINCE,windmill,stimuli/images/PICTURE_675.png,new-new,NATION,gorilla,stimuli/images/PICTURE_380.png,old-new,,,,,,,,,,,0,38,38,82,1
,,,,,,,,,,,,5f08dafa392f74145122c0ee,13/10/1999,2020-08-27_18h40.23.296,proactive3.1,2020.1.2,Win32,60,5f47c29a48bd2a1e651a6eb7,5f47ede75080c61345c5990b,4,,,,,,,,,,,,,,,,,,,,,,,,,,,,,,,,,,,,,,,,,,stimuli/search/b.png,stimuli/search/t.png,stimuli/search/b.png,stimuli/search/l.png,stimuli/search/t.png,stimuli/search/b.png,stimuli/search/b.png,stimuli/search/t.png,"[-0.23833333333333334,0.40031896301709463]","[-0.17833333333333334,0.3872763321410093]","[0.17833333333333334,0.3481755505541482]","[0.23833333333333334,0.3665293004021022]","[0.17833333333333334,-0.39925935738260093]","[0.23833333333333334,-0.39006573338917644]","[-0.23833333333333334,-0.39859570613827927]","[-0.17833333333333334,-0.38904050046207245]",0,,,,,,,,,,,,,,,,,,,,,,,,,,,,,,,,,,,,,,,,,,,,,,,,,,,,,,,0,0,0,0,1,,,,,,,,,,
,,,,,,,,,,,,5f08dafa392f74145122c0ee,13/10/1999,2020-08-27_18h40.23.296,proactive3.1,2020.1.2,Win32,60,5f47c29a48bd2a1e651a6eb7,5f47ede75080c61345c5990b,4,,,,,,,,,,,,,,,,,,,,,,,,,,,,,,,,,,,,,,,,,,stimuli/search/b.png,stimuli/search/r.png,stimuli/search/t.png,stimuli/search/b.png,stimuli/search/t.png,stimuli/search/b.png,stimuli/search/t.png,stimuli/search/b.png,"[-0.23833333333333334,0.34306005034446807]","[-0.17833333333333334,0.32514365282134033]","[0.17833333333333334,0.32561156905283833]","[0.23833333333333334,0.33682313281319715]","[0.17833333333333334,-0.3911661118196976]","[0.23833333333333334,-0.4137156862685033]","[-0.23833333333333334,-0.40814258533885306]","[-0.17833333333333334,-0.3683625243038456]",1,,,,,,,,,,,,,,,,,,,,,,,,,,,,,,,,,,,,,,,,,,,,,,,,,,,,,,,1,0,1,0,1,,,,,,,,,,
,,,,,,,,,,,,5f08dafa392f74145122c0ee,13/10/1999,2020-08-27_18h40.23.296,proactive3.1,2020.1.2,Win32,60,5f47c29a48bd2a1e651a6eb7,5f47ede75080c61345c5990b,4,,,,,,,,,,,,,,,,,,,,,,,,,,,,,,,,,,,,,,,,,,stimuli/search/b.png,stimuli/search/l.png,stimuli/search/t.png,stimuli/search/b.png,stimuli/search/b.png,stimuli/search/t.png,stimuli/search/b.png,stimuli/search/t.png,"[-0.23833333333333334,0.3363727253606751]","[-0.17833333333333334,0.39792086741445876]","[0.17833333333333334,0.37147099954959695]","[0.23833333333333334,0.3786434210797672]","[0.17833333333333334,-0.40700490795771743]","[0.23833333333333334,-0.37279366903409566]","[-0.23833333333333334,-0.41151980196459376]","[-0.17833333333333334,-0.32787889007241394]",0,,,,,,,,,,,,,,,,,,,,,,,,,,,,,,,,,,,,,,,,,,,,,,,,,,,,,,,2,0,2,0,1,,,,,,,,,,
,,,,,,,,,,,,5f08dafa392f74145122c0ee,13/10/1999,2020-08-27_18h40.23.296,proactive3.1,2020.1.2,Win32,60,5f47c29a48bd2a1e651a6eb7,5f47ede75080c61345c5990b,4,,,,,,,,,,,,,,,,,,,,,,,,,,,,,,,,,,,,,,,,,,stimuli/search/t.png,stimuli/search/b.png,stimuli/search/t.png,stimuli/search/b.png,stimuli/search/b.png,stimuli/search/t.png,stimuli/search/t.png,stimuli/search/r.png,"[-0.23833333333333334,0.36193834155581683]","[-0.17833333333333334,0.4049238705442815]","[0.17833333333333334,0.35609326003815744]","[0.23833333333333334,0.3329114456345018]","[0.17833333333333334,-0.35103220854655964]","[0.23833333333333334,-0.3822225738279563]","[-0.23833333333333334,-0.3873143847947666]","[-0.17833333333333334,-0.3697345337602145]",1,,,,,,,,,,,,,,,,,,,,,,,,,,,,,,,,,,,,,,,,,,,,,,,,,,,,,,,3,0,3,0,1,,,,,,,,,,
,,,,,,,,,,,,5f08dafa392f74145122c0ee,13/10/1999,2020-08-27_18h40.23.296,proactive3.1,2020.1.2,Win32,60,5f47c29a48bd2a1e651a6eb7,5f47ede75080c61345c5990b,4,,,,,,,,,,,,,,,,,,,,,,,,,,,,,,,,,,,,,,,,,,,,,,,,,,,,,,,,,,,,,,,,,,,,,,,,,,,,,,,,,,,,,,,,,,,,,,,,,,,,,,,,,,,,,,,,,,,,,,0,0,0,0,1,,,,,
,,,,,,,,,,,,5f08dafa392f74145122c0ee,13/10/1999,2020-08-27_18h40.23.296,proactive3.1,2020.1.2,Win32,60,5f47c29a48bd2a1e651a6eb7,5f47ede75080c61345c5990b,4,,,,,,,,,,,,,,,,,,,,,,,,,,,,,,,,,,,,,,,,,,,,,,,,,,,,,,,,,,,,,,,,,,,,,,,,,,,,,,,,,,,,,,,,,,,,,,,,,,,,,,,,,,,,,,,,,,,,,,1,0,1,0,1,,,,,
,,,,,,,,,,,,5f08dafa392f74145122c0ee,13/10/1999,2020-08-27_18h40.23.296,proactive3.1,2020.1.2,Win32,60,5f47c29a48bd2a1e651a6eb7,5f47ede75080c61345c5990b,4,,,,,,,,,,,,,,,,,,,,,,,,,,,,,,,,,,,,,,,,,,,,,,,,,,,,,,,,,,,,,,,,,,,,,,,,,,,,,,,,,,,,,,,,,,,,,,,,,,,,,,,,,,,,,,,,,,,,,,2,0,2,0,1,,,,,
,,,,,,,,,,,,5f08dafa392f74145122c0ee,13/10/1999,2020-08-27_18h40.23.296,proactive3.1,2020.1.2,Win32,60,5f47c29a48bd2a1e651a6eb7,5f47ede75080c61345c5990b,4,,,,,,,,,,,,,,,,,6,,,,,,,,,,,,,,,,,,,,,,,,,,,,,,,,,,,,,,,,,,,,,,,,,,,,,,,,,,,?,0.00318,2,FALSE,?,0.00159,3,FALSE,?,0.00338,0,FALSE,?,0.00261,1,FALSE,,,,,,HOUSE,goose,stimuli/images/PICTURE_685.png,new-new,TEAR,shovel,stimuli/images/PICTURE_255.png,new-new,BATH,skateboard,stimuli/images/PICTURE_93.png,new-new,YEAR,mushroom,stimuli/images/PICTURE_177.png,new-new,,,,,,,,,,,0,39,39,93,1
,,,,,,,,,,,,5f08dafa392f74145122c0ee,13/10/1999,2020-08-27_18h40.23.296,proactive3.1,2020.1.2,Win32,60,5f47c29a48bd2a1e651a6eb7,5f47ede75080c61345c5990b,4,,,,,,,,,,,,,,,,,,,,,,,,,,,,,,,,,,,,,,,,,,stimuli/search/t.png,stimuli/search/b.png,stimuli/search/t.png,stimuli/search/r.png,stimuli/search/b.png,stimuli/search/t.png,stimuli/search/t.png,stimuli/search/b.png,"[-0.23833333333333334,0.38301758202390973]","[-0.17833333333333334,0.32862198137292065]","[0.17833333333333334,0.33144676312007865]","[0.23833333333333334,0.37917649748226107]","[0.17833333333333334,-0.3880248664798239]","[0.23833333333333334,-0.36405279137571445]","[-0.23833333333333334,-0.37536678763814424]","[-0.17833333333333334,-0.41042451072720043]",1,,,,,,,,,,,,,,,,,,,,,,,,,,,,,,,,,,,,,,,,,,,,,,,,,,,,,,,0,0,0,0,1,,,,,,,,,,
,,,,,,,,,,,,5f08dafa392f74145122c0ee,13/10/1999,2020-08-27_18h40.23.296,proactive3.1,2020.1.2,Win32,60,5f47c29a48bd2a1e651a6eb7,5f47ede75080c61345c5990b,4,,,,,,,,,,,,,,,,,,,,,,,,,,,,,,,,,,,,,,,,,,stimuli/search/t.png,stimuli/search/l.png,stimuli/search/t.png,stimuli/search/b.png,stimuli/search/b.png,stimuli/search/t.png,stimuli/search/t.png,stimuli/search/b.png,"[-0.23833333333333334,0.3586454961946058]","[-0.17833333333333334,0.3685987918801168]","[0.17833333333333334,0.3785747533249855]","[0.23833333333333334,0.38272887561068936]","[0.17833333333333334,-0.37578795585150154]","[0.23833333333333334,-0.3270357586941748]","[-0.23833333333333334,-0.3911976570332244]","[-0.17833333333333334,-0.37406819135429287]",0,0,,,,,,1.82117,,,,,,,,,,,,,,,,,,,,,,,,,,,,,,,,,,,,,,,,,,,,,,,,1,0,1,0,1,,,,,,,,,,
,,,,,,,,,,,,5f08dafa392f74145122c0ee,13/10/1999,2020-08-27_18h40.23.296,proactive3.1,2020.1.2,Win32,60,5f47c29a48bd2a1e651a6eb7,5f47ede75080c61345c5990b,4,,,,,,,,,,,,,,,,,,,,,,,,,,,,,,,,,,,,,,,,,,stimuli/search/b.png,stimuli/search/t.png,stimuli/search/b.png,stimuli/search/t.png,stimuli/search/t.png,stimuli/search/b.png,stimuli/search/l.png,stimuli/search/t.png,"[-0.23833333333333334,0.3704601443850731]","[-0.17833333333333334,0.3829242396476811]","[0.17833333333333334,0.3259595586202398]","[0.23833333333333334,0.3572578746379793]","[0.17833333333333334,-0.32437693519854377]","[0.23833333333333334,-0.38933986049241603]","[-0.23833333333333334,-0.3760010552203953]","[-0.17833333333333334,-0.4032958535419896]",0,0,,,,,,1.19975,,,,,,,,,,,,,,,,,,,,,,,,,,,,,,,,,,,,,,,,,,,,,,,,2,0,2,0,1,,,,,,,,,,
,,,,,,,,,,,,5f08dafa392f74145122c0ee,13/10/1999,2020-08-27_18h40.23.296,proactive3.1,2020.1.2,Win32,60,5f47c29a48bd2a1e651a6eb7,5f47ede75080c61345c5990b,4,,,,,,,,,,,,,,,,,,,,,,,,,,,,,,,,,,,,,,,,,,stimuli/search/b.png,stimuli/search/r.png,stimuli/search/b.png,stimuli/search/t.png,stimuli/search/t.png,stimuli/search/b.png,stimuli/search/t.png,stimuli/search/b.png,"[-0.23833333333333334,0.3819733888258733]","[-0.17833333333333334,0.3651431681282944]","[0.17833333333333334,0.40078205383874105]","[0.23833333333333334,0.3643930590008993]","[0.17833333333333334,-0.3605535153745722]","[0.23833333333333334,-0.3851706006816701]","[-0.23833333333333334,-0.37510090053542283]","[-0.17833333333333334,-0.37021278116198447]",1,1,,,,,,0.846055,,,,,,,,,,,,,,,,,,,,,,,,,,,,,,,,,,,,,,,,,,,,,,,,3,0,3,0,1,,,,,,,,,,
,,,,,,,,,,,,5f08dafa392f74145122c0ee,13/10/1999,2020-08-27_18h40.23.296,proactive3.1,2020.1.2,Win32,60,5f47c29a48bd2a1e651a6eb7,5f47ede75080c61345c5990b,4,,,,,,,,,,,,,,,,,,,,,,,,,,,,,,,,,,,,,,,,,,,,,,,,,,,,,,,,,,,,,,,,,,,,,,,,,,,,,,,,,,,,,,,,,,,,,,,,,,,,,,,,,,,,,,,,,,,,,,0,0,0,0,1,,,,,
,,,,,,,,,,,,5f08dafa392f74145122c0ee,13/10/1999,2020-08-27_18h40.23.296,proactive3.1,2020.1.2,Win32,60,5f47c29a48bd2a1e651a6eb7,5f47ede75080c61345c5990b,4,,,,,,,,,,,,,,,,,,,,,,,,,,,,,,,,,,,,,,,,,,,,,,,,,,,,,,,,,,,,,,,,,,,,,,,,,,,,,,,,,,,,,,,,,,,,,,,,,,,,,,,,,,,,,,,,,,,,,,1,0,1,0,1,,,,,
,,,,,,,,,,,,5f08dafa392f74145122c0ee,13/10/1999,2020-08-27_18h40.23.296,proactive3.1,2020.1.2,Win32,60,5f47c29a48bd2a1e651a6eb7,5f47ede75080c61345c5990b,4,,,,,,,,,,,,,,,,,,,,,,,,,,,,,,,,,,,,,,,,,,,,,,,,,,,,,,,,,,,,,,,,,,,,,,,,,,,,,,,,,,,,,,,,,,,,,,,,,,,,,,,,,,,,,,,,,,,,,,2,0,2,0,1,,,,,
,,,,,,,,,,,,5f08dafa392f74145122c0ee,13/10/1999,2020-08-27_18h40.23.296,proactive3.1,2020.1.2,Win32,60,5f47c29a48bd2a1e651a6eb7,5f47ede75080c61345c5990b,4,,,,,,,,,,,,,,,,,4,,,,,,,,,,,,,,,,,,,,,,,,,,,,,,,,,,,,,,,,,,,,,,,,,,,,,,,,,,,JUG,2.63313,1,FALSE,ART,4.734905,3,FALSE,DEATH,2.18317,2,TRUE,BAG,2.334515,0,FALSE,,,,,,SHOTS,backpack,stimuli/images/PICTURE_339.png,new-new,FEET,kettle,stimuli/images/PICTURE_750.png,new-new,ARTIST,frame,stimuli/images/PICTURE_33.png,new-new,DEATH,gorilla,stimuli/images/PICTURE_380.png,new-new,,,,,,,,,,,0,40,40,58,1
,,,,,,,,,,,,5f08dafa392f74145122c0ee,13/10/1999,2020-08-27_18h40.23.296,proactive3.1,2020.1.2,Win32,60,5f47c29a48bd2a1e651a6eb7,5f47ede75080c61345c5990b,4,,,,,,,,,,,,,,,,,,,,,,,,,,,,,,,,,,,,,,,,,,stimuli/search/t.png,stimuli/search/b.png,stimuli/search/b.png,stimuli/search/t.png,stimuli/search/b.png,stimuli/search/t.png,stimuli/search/r.png,stimuli/search/b.png,"[-0.23833333333333334,0.3260320995792869]","[-0.17833333333333334,0.32663638219985164]","[0.17833333333333334,0.3980074722577269]","[0.23833333333333334,0.36603519225538184]","[0.17833333333333334,-0.3438437712257186]","[0.23833333333333334,-0.3737197209805274]","[-0.23833333333333334,-0.37940439352686867]","[-0.17833333333333334,-0.398112666529505]",1,,,,,,,,,,,,,,,,,,,,,,,,,,,,,,,,,,,,,,,,,,,,,,,,,,,,,,,0,0,0,0,1,,,,,,,,,,
,,,,,,,,,,,,5f08dafa392f74145122c0ee,13/10/1999,2020-08-27_18h40.23.296,proactive3.1,2020.1.2,Win32,60,5f47c29a48bd2a1e651a6eb7,5f47ede75080c61345c5990b,4,,,,,,,,,,,,,,,,,,,,,,,,,,,,,,,,,,,,,,,,,,stimuli/search/r.png,stimuli/search/t.png,stimuli/search/b.png,stimuli/search/t.png,stimuli/search/b.png,stimuli/search/t.png,stimuli/search/t.png,stimuli/search/b.png,"[-0.23833333333333334,0.3897985882581472]","[-0.17833333333333334,0.3342583682382825]","[0.17833333333333334,0.38025393062464125]","[0.23833333333333334,0.37244229963855235]","[0.17833333333333334,-0.38156314527162927]","[0.23833333333333334,-0.34659817935383397]","[-0.23833333333333334,-0.4149778938978742]","[-0.17833333333333334,-0.39496294000533916]",1,,,,,,,,,,,,,,,,,,,,,,,,,,,,,,,,,,,,,,,,,,,,,,,,,,,,,,,1,0,1,0,1,,,,,,,,,,
,,,,,,,,,,,,5f08dafa392f74145122c0ee,13/10/1999,2020-08-27_18h40.23.296,proactive3.1,2020.1.2,Win32,60,5f47c29a48bd2a1e651a6eb7,5f47ede75080c61345c5990b,4,,,,,,,,,,,,,,,,,,,,,,,,,,,,,,,,,,,,,,,,,,stimuli/search/t.png,stimuli/search/b.png,stimuli/search/t.png,stimuli/search/b.png,stimuli/search/t.png,stimuli/search/l.png,stimuli/search/b.png,stimuli/search/t.png,"[-0.23833333333333334,0.37770740628646626]","[-0.17833333333333334,0.37399212722534114]","[0.17833333333333334,0.41411033080537835]","[0.23833333333333334,0.40957332749480674]","[0.17833333333333334,-0.3863651901537442]","[0.23833333333333334,-0.39411809188142277]","[-0.23833333333333334,-0.35969059336177933]","[-0.17833333333333334,-0.3923386675630465]",0,,,,,,,,,,,,,,,,,,,,,,,,,,,,,,,,,,,,,,,,,,,,,,,,,,,,,,,2,0,2,0,1,,,,,,,,,,
,,,,,,,,,,,,5f08dafa392f74145122c0ee,13/10/1999,2020-08-27_18h40.23.296,proactive3.1,2020.1.2,Win32,60,5f47c29a48bd2a1e651a6eb7,5f47ede75080c61345c5990b,4,,,,,,,,,,,,,,,,,,,,,,,,,,,,,,,,,,,,,,,,,,stimuli/search/t.png,stimuli/search/b.png,stimuli/search/t.png,stimuli/search/b.png,stimuli/search/t.png,stimuli/search/b.png,stimuli/search/r.png,stimuli/search/t.png,"[-0.23833333333333334,0.38663621505083734]","[-0.17833333333333334,0.36025509556003965]","[0.17833333333333334,0.36102442301936577]","[0.23833333333333334,0.39255007257245084]","[0.17833333333333334,-0.3309223454034281]","[0.23833333333333334,-0.40644350738476454]","[-0.23833333333333334,-0.35343132506065067]","[-0.17833333333333334,-0.3657288149839794]",1,,,,,,,,,,,,,,,,,,,,,,,,,,,,,,,,,,,,,,,,,,,,,,,,,,,,,,,3,0,3,0,1,,,,,,,,,,
,,,,,,,,,,,,5f08dafa392f74145122c0ee,13/10/1999,2020-08-27_18h40.23.296,proactive3.1,2020.1.2,Win32,60,5f47c29a48bd2a1e651a6eb7,5f47ede75080c61345c5990b,4,,,,,,,,,,,,,,,,,,,,,,,,,,,,,,,,,,,,,,,,,,,,,,,,,,,,,,,,,,,,,,,,,,,,,,,,,,,,,,,,,,,,,,,,,,,,,,,,,,,,,,,,,,,,,,,,,,,,,,0,0,0,0,1,,,,,
,,,,,,,,,,,,5f08dafa392f74145122c0ee,13/10/1999,2020-08-27_18h40.23.296,proactive3.1,2020.1.2,Win32,60,5f47c29a48bd2a1e651a6eb7,5f47ede75080c61345c5990b,4,,,,,,,,,,,,,,,,,,,,,,,,,,,,,,,,,,,,,,,,,,,,,,,,,,,,,,,,,,,,,,,,,,,,,,,,,,,,,,,,,,,,,,,,,,,,,,,,,,,,,,,,,,,,,,,,,,,,,,1,0,1,0,1,,,,,
,,,,,,,,,,,,5f08dafa392f74145122c0ee,13/10/1999,2020-08-27_18h40.23.296,proactive3.1,2020.1.2,Win32,60,5f47c29a48bd2a1e651a6eb7,5f47ede75080c61345c5990b,4,,,,,,,,,,,,,,,,,,,,,,,,,,,,,,,,,,,,,,,,,,,,,,,,,,,,,,,,,,,,,,,,,,,,,,,,,,,,,,,,,,,,,,,,,,,,,,,,,,,,,,,,,,,,,,,,,,,,,,2,0,2,0,1,,,,,
,,,,,,,,,,,,5f08dafa392f74145122c0ee,13/10/1999,2020-08-27_18h40.23.296,proactive3.1,2020.1.2,Win32,60,5f47c29a48bd2a1e651a6eb7,5f47ede75080c61345c5990b,4,,,,,,,,,,,,,,,,,1,,,,,,,,,,,,,,,,,,,,,,,,,,,,,,,,,,,,,,,,,,,,,,,,,,,,,,,,,,,?,0.000625,0,FALSE,?,0.001125,1,FALSE,?,0.00083,3,FALSE,?,0.000655,2,FALSE,,,,,,IDEAS,daisy,stimuli/images/PICTURE_667.png,old-new,SALE,dart,stimuli/images/PICTURE_123.png,match,AGENT,mushroom,stimuli/images/PICTURE_177.png,new-new,LEADER,runner,stimuli/images/PICTURE_688.png,mis-match,,,,,,,,,,,0,41,41,0,1
,,,,,,,,,,,,5f08dafa392f74145122c0ee,13/10/1999,2020-08-27_18h40.23.296,proactive3.1,2020.1.2,Win32,60,5f47c29a48bd2a1e651a6eb7,5f47ede75080c61345c5990b,4,,,,,,,,,,,,,,,,,,,,,,,,,,,,,,,,,,,,,,,,,,stimuli/search/b.png,stimuli/search/t.png,stimuli/search/b.png,stimuli/search/t.png,stimuli/search/r.png,stimuli/search/b.png,stimuli/search/t.png,stimuli/search/b.png,"[-0.23833333333333334,0.3502322437375956]","[-0.17833333333333334,0.4158794578791339]","[0.17833333333333334,0.40634350766495775]","[0.23833333333333334,0.3724311216198645]","[0.17833333333333334,-0.41114264433121184]","[0.23833333333333334,-0.39762557954653044]","[-0.23833333333333334,-0.368059733562155]","[-0.17833333333333334,-0.36688312094065784]",1,0,,,,,,1.228225,,,,,,,,,,,,,,,,,,,,,,,,,,,,,,,,,,,,,,,,,,,,,,,,0,0,0,0,1,,,,,,,,,,
,,,,,,,,,,,,5f08dafa392f74145122c0ee,13/10/1999,2020-08-27_18h40.23.296,proactive3.1,2020.1.2,Win32,60,5f47c29a48bd2a1e651a6eb7,5f47ede75080c61345c5990b,4,,,,,,,,,,,,,,,,,,,,,,,,,,,,,,,,,,,,,,,,,,stimuli/search/b.png,stimuli/search/t.png,stimuli/search/t.png,stimuli/search/b.png,stimuli/search/b.png,stimuli/search/r.png,stimuli/search/b.png,stimuli/search/t.png,"[-0.23833333333333334,0.39530730653658674]","[-0.17833333333333334,0.36413430330798885]","[0.17833333333333334,0.38949453255569205]","[0.23833333333333334,0.3457968278997713]","[0.17833333333333334,-0.3364493147563821]","[0.23833333333333334,-0.4141689106991295]","[-0.23833333333333334,-0.34778049655320953]","[-0.17833333333333334,-0.35558664615006597]",1,0,,,,,,1.257515,,,,,,,,,,,,,,,,,,,,,,,,,,,,,,,,,,,,,,,,,,,,,,,,1,0,1,0,1,,,,,,,,,,
,,,,,,,,,,,,5f08dafa392f74145122c0ee,13/10/1999,2020-08-27_18h40.23.296,proactive3.1,2020.1.2,Win32,60,5f47c29a48bd2a1e651a6eb7,5f47ede75080c61345c5990b,4,,,,,,,,,,,,,,,,,,,,,,,,,,,,,,,,,,,,,,,,,,stimuli/search/b.png,stimuli/search/r.png,stimuli/search/t.png,stimuli/search/b.png,stimuli/search/t.png,stimuli/search/b.png,stimuli/search/b.png,stimuli/search/t.png,"[-0.23833333333333334,0.34737545451723484]","[-0.17833333333333334,0.39049177904742466]","[0.17833333333333334,0.4067056816662455]","[0.23833333333333334,0.40024333353243036]","[0.17833333333333334,-0.36883915731010547]","[0.23833333333333334,-0.34725703919680057]","[-0.23833333333333334,-0.4065809816388849]","[-0.17833333333333334,-0.4034692816253624]",1,1,,,,,,1.30322,,,,,,,,,,,,,,,,,,,,,,,,,,,,,,,,,,,,,,,,,,,,,,,,2,0,2,0,1,,,,,,,,,,
,,,,,,,,,,,,5f08dafa392f74145122c0ee,13/10/1999,2020-08-27_18h40.23.296,proactive3.1,2020.1.2,Win32,60,5f47c29a48bd2a1e651a6eb7,5f47ede75080c61345c5990b,4,,,,,,,,,,,,,,,,,,,,,,,,,,,,,,,,,,,,,,,,,,stimuli/search/t.png,stimuli/search/b.png,stimuli/search/t.png,stimuli/search/b.png,stimuli/search/t.png,stimuli/search/r.png,stimuli/search/t.png,stimuli/search/b.png,"[-0.23833333333333334,0.365850013296549]","[-0.17833333333333334,0.40302919181524777]","[0.17833333333333334,0.3273321032518906]","[0.23833333333333334,0.3479624448929685]","[0.17833333333333334,-0.35464111983364266]","[0.23833333333333334,-0.4104905077823293]","[-0.23833333333333334,-0.4008366890874506]","[-0.17833333333333334,-0.37926984388141805]",1,0,,,,,,0.360655,,,,,,,,,,,,,,,,,,,,,,,,,,,,,,,,,,,,,,,,,,,,,,,,3,0,3,0,1,,,,,,,,,,
,,,,,,,,,,,,5f08dafa392f74145122c0ee,13/10/1999,2020-08-27_18h40.23.296,proactive3.1,2020.1.2,Win32,60,5f47c29a48bd2a1e651a6eb7,5f47ede75080c61345c5990b,4,,,,,,,,,,,,,,,,,,,,,,,,,,,,,,,,,,,,,,,,,,,,,,,,,,,,,,,,,,,,,,,,,,,,,,,,,,,,,,,,,,,,,,,,,,,,,,,,,,,,,,,,,,,,,,,,,,,,,,0,0,0,0,1,,,,,
,,,,,,,,,,,,5f08dafa392f74145122c0ee,13/10/1999,2020-08-27_18h40.23.296,proactive3.1,2020.1.2,Win32,60,5f47c29a48bd2a1e651a6eb7,5f47ede75080c61345c5990b,4,,,,,,,,,,,,,,,,,,,,,,,,,,,,,,,,,,,,,,,,,,,,,,,,,,,,,,,,,,,,,,,,,,,,,,,,,,,,,,,,,,,,,,,,,,,,,,,,,,,,,,,,,,,,,,,,,,,,,,1,0,1,0,1,,,,,
,,,,,,,,,,,,5f08dafa392f74145122c0ee,13/10/1999,2020-08-27_18h40.23.296,proactive3.1,2020.1.2,Win32,60,5f47c29a48bd2a1e651a6eb7,5f47ede75080c61345c5990b,4,,,,,,,,,,,,,,,,,,,,,,,,,,,,,,,,,,,,,,,,,,,,,,,,,,,,,,,,,,,,,,,,,,,,,,,,,,,,,,,,,,,,,,,,,,,,,,,,,,,,,,,,,,,,,,,,,,,,,,2,0,2,0,1,,,,,
,,,,,,,,,,,,5f08dafa392f74145122c0ee,13/10/1999,2020-08-27_18h40.23.296,proactive3.1,2020.1.2,Win32,60,5f47c29a48bd2a1e651a6eb7,5f47ede75080c61345c5990b,4,,,,,,,,,,,,,,,,,4,,,,,,,,,,,,,,,,,,,,,,,,,,,,,,,,,,,,,,,,,,,,,,,,,,,,,,,,,,,WEAPON,3.783565,0,TRUE,MILLER,2.933795,1,TRUE,PENNY,2.80025,2,TRUE,PENCIL,2.75151,3,FALSE,,,,,,WEAPON,wheel,stimuli/images/PICTURE_504.png,mis-match,MILLER,cap,stimuli/images/PICTURE_203.png,old-new,BODY,pencil,stimuli/images/PICTURE_654.png,new-new,PENNY,monkey,stimuli/images/PICTURE_708.png,match,,,,,,,,,,,0,42,42,52,1
,,,,,,,,,,,,5f08dafa392f74145122c0ee,13/10/1999,2020-08-27_18h40.23.296,proactive3.1,2020.1.2,Win32,60,5f47c29a48bd2a1e651a6eb7,5f47ede75080c61345c5990b,4,,,,,,,,,,,,,,,,,,,,,,,,,,,,,,,,,,,,,,,,,,stimuli/search/b.png,stimuli/search/l.png,stimuli/search/b.png,stimuli/search/t.png,stimuli/search/t.png,stimuli/search/b.png,stimuli/search/b.png,stimuli/search/t.png,"[-0.23833333333333334,0.4121922427448669]","[-0.17833333333333334,0.4071744403133663]","[0.17833333333333334,0.36742393838249104]","[0.23833333333333334,0.3244043661665356]","[0.17833333333333334,-0.3572987694149971]","[0.23833333333333334,-0.4058773714489355]","[-0.23833333333333334,-0.4108013615429214]","[-0.17833333333333334,-0.344661919972116]",0,,,,,,,,,,,,,,,,,,,,,,,,,,,,,,,,,,,,,,,,,,,,,,,,,,,,,,,0,0,0,0,1,,,,,,,,,,
,,,,,,,,,,,,5f08dafa392f74145122c0ee,13/10/1999,2020-08-27_18h40.23.296,proactive3.1,2020.1.2,Win32,60,5f47c29a48bd2a1e651a6eb7,5f47ede75080c61345c5990b,4,,,,,,,,,,,,,,,,,,,,,,,,,,,,,,,,,,,,,,,,,,stimuli/search/t.png,stimuli/search/b.png,stimuli/search/b.png,stimuli/search/t.png,stimuli/search/b.png,stimuli/search/r.png,stimuli/search/b.png,stimuli/search/t.png,"[-0.23833333333333334,0.3542668895091132]","[-0.17833333333333334,0.3513468529212951]","[0.17833333333333334,0.33189014849318693]","[0.23833333333333334,0.4126884578153353]","[0.17833333333333334,-0.32678769981204664]","[0.23833333333333334,-0.4150181122495014]","[-0.23833333333333334,-0.338806440832071]","[-0.17833333333333334,-0.36713051622561826]",1,,,,,,,,,,,,,,,,,,,,,,,,,,,,,,,,,,,,,,,,,,,,,,,,,,,,,,,1,0,1,0,1,,,,,,,,,,
,,,,,,,,,,,,5f08dafa392f74145122c0ee,13/10/1999,2020-08-27_18h40.23.296,proactive3.1,2020.1.2,Win32,60,5f47c29a48bd2a1e651a6eb7,5f47ede75080c61345c5990b,4,,,,,,,,,,,,,,,,,,,,,,,,,,,,,,,,,,,,,,,,,,stimuli/search/t.png,stimuli/search/b.png,stimuli/search/l.png,stimuli/search/t.png,stimuli/search/t.png,stimuli/search/b.png,stimuli/search/b.png,stimuli/search/t.png,"[-0.23833333333333334,0.35069193918518626]","[-0.17833333333333334,0.34659704871567054]","[0.17833333333333334,0.37995740997057226]","[0.23833333333333334,0.3637115710310778]","[0.17833333333333334,-0.40669022650146397]","[0.23833333333333334,-0.40705132586480497]","[-0.23833333333333334,-0.3558738272706773]","[-0.17833333333333334,-0.3855839806353926]",0,,,,,,,,,,,,,,,,,,,,,,,,,,,,,,,,,,,,,,,,,,,,,,,,,,,,,,,2,0,2,0,1,,,,,,,,,,
,,,,,,,,,,,,5f08dafa392f74145122c0ee,13/10/1999,2020-08-27_18h40.23.296,proactive3.1,2020.1.2,Win32,60,5f47c29a48bd2a1e651a6eb7,5f47ede75080c61345c5990b,4,,,,,,,,,,,,,,,,,,,,,,,,,,,,,,,,,,,,,,,,,,stimuli/search/t.png,stimuli/search/b.png,stimuli/search/b.png,stimuli/search/t.png,stimuli/search/b.png,stimuli/search/t.png,stimuli/search/t.png,stimuli/search/r.png,"[-0.23833333333333334,0.33921220884276454]","[-0.17833333333333334,0.3567038921784589]","[0.17833333333333334,0.41275705706032095]","[0.23833333333333334,0.3629607499947059]","[0.17833333333333334,-0.3289113901798222]","[0.23833333333333334,-0.40831986689268734]","[-0.23833333333333334,-0.3493398059872473]","[-0.17833333333333334,-0.33493027393863833]",1,,,,,,,,,,,,,,,,,,,,,,,,,,,,,,,,,,,,,,,,,,,,,,,,,,,,,,,3,0,3,0,1,,,,,,,,,,
,,,,,,,,,,,,5f08dafa392f74145122c0ee,13/10/1999,2020-08-27_18h40.23.296,proactive3.1,2020.1.2,Win32,60,5f47c29a48bd2a1e651a6eb7,5f47ede75080c61345c5990b,4,,,,,,,,,,,,,,,,,,,,,,,,,,,,,,,,,,,,,,,,,,,,,,,,,,,,,,,,,,,,,,,,,,,,,,,,,,,,,,,,,,,,,,,,,,,,,,,,,,,,,,,,,,,,,,,,,,,,,,0,0,0,0,1,,,,,
,,,,,,,,,,,,5f08dafa392f74145122c0ee,13/10/1999,2020-08-27_18h40.23.296,proactive3.1,2020.1.2,Win32,60,5f47c29a48bd2a1e651a6eb7,5f47ede75080c61345c5990b,4,,,,,,,,,,,,,,,,,,,,,,,,,,,,,,,,,,,,,,,,,,,,,,,,,,,,,,,,,,,,,,,,,,,,,,,,,,,,,,,,,,,,,,,,,,,,,,,,,,,,,,,,,,,,,,,,,,,,,,1,0,1,0,1,,,,,
,,,,,,,,,,,,5f08dafa392f74145122c0ee,13/10/1999,2020-08-27_18h40.23.296,proactive3.1,2020.1.2,Win32,60,5f47c29a48bd2a1e651a6eb7,5f47ede75080c61345c5990b,4,,,,,,,,,,,,,,,,,,,,,,,,,,,,,,,,,,,,,,,,,,,,,,,,,,,,,,,,,,,,,,,,,,,,,,,,,,,,,,,,,,,,,,,,,,,,,,,,,,,,,,,,,,,,,,,,,,,,,,2,0,2,0,1,,,,,
,,,,,,,,,,,,5f08dafa392f74145122c0ee,13/10/1999,2020-08-27_18h40.23.296,proactive3.1,2020.1.2,Win32,60,5f47c29a48bd2a1e651a6eb7,5f47ede75080c61345c5990b,4,,,,,,,,,,,,,,,,,3,,,,,,,,,,,,,,,,,,,,,,,,,,,,,,,,,,,,,,,,,,,,,,,,,,,,,,,,,,,?,0.00069,2,FALSE,?,0.00076,1,FALSE,?,0.00071,3,FALSE,?,0.000695,0,FALSE,,,,,,SERIES,tyre,stimuli/images/PICTURE_2.png,new-new,SALE,diamond,stimuli/images/PICTURE_85.png,new-new,MILLER,bolt,stimuli/images/PICTURE_296.png,new-new,AGENT,goose,stimuli/images/PICTURE_685.png,new-new,,,,,,,,,,,0,43,43,42,1
,,,,,,,,,,,,5f08dafa392f74145122c0ee,13/10/1999,2020-08-27_18h40.23.296,proactive3.1,2020.1.2,Win32,60,5f47c29a48bd2a1e651a6eb7,5f47ede75080c61345c5990b,4,,,,,,,,,,,,,,,,,,,,,,,,,,,,,,,,,,,,,,,,,,stimuli/search/t.png,stimuli/search/r.png,stimuli/search/t.png,stimuli/search/b.png,stimuli/search/t.png,stimuli/search/b.png,stimuli/search/t.png,stimuli/search/b.png,"[-0.23833333333333334,0.35937651120201375]","[-0.17833333333333334,0.3417703283260199]","[0.17833333333333334,0.41581986814445016]","[0.23833333333333334,0.35833058553589053]","[0.17833333333333334,-0.3861640722788178]","[0.23833333333333334,-0.4045520679964873]","[-0.23833333333333334,-0.4002659951378118]","[-0.17833333333333334,-0.41039449696226915]",1,,,,,,,,,,,,,,,,,,,,,,,,,,,,,,,,,,,,,,,,,,,,,,,,,,,,,,,0,0,0,0,1,,,,,,,,,,
,,,,,,,,,,,,5f08dafa392f74145122c0ee,13/10/1999,2020-08-27_18h40.23.296,proactive3.1,2020.1.2,Win32,60,5f47c29a48bd2a1e651a6eb7,5f47ede75080c61345c5990b,4,,,,,,,,,,,,,,,,,,,,,,,,,,,,,,,,,,,,,,,,,,stimuli/search/r.png,stimuli/search/t.png,stimuli/search/t.png,stimuli/search/b.png,stimuli/search/t.png,stimuli/search/b.png,stimuli/search/t.png,stimuli/search/b.png,"[-0.23833333333333334,0.3476499403656227]","[-0.17833333333333334,0.33067166811474735]","[0.17833333333333334,0.34670218115764306]","[0.23833333333333334,0.3524052991496268]","[0.17833333333333334,-0.3882081330567102]","[0.23833333333333334,-0.3834644043734998]","[-0.23833333333333334,-0.3481757284518464]","[-0.17833333333333334,-0.3653535394913885]",1,,,,,,,,,,,,,,,,,,,,,,,,,,,,,,,,,,,,,,,,,,,,,,,,,,,,,,,1,0,1,0,1,,,,,,,,,,
,,,,,,,,,,,,5f08dafa392f74145122c0ee,13/10/1999,2020-08-27_18h40.23.296,proactive3.1,2020.1.2,Win32,60,5f47c29a48bd2a1e651a6eb7,5f47ede75080c61345c5990b,4,,,,,,,,,,,,,,,,,,,,,,,,,,,,,,,,,,,,,,,,,,stimuli/search/t.png,stimuli/search/b.png,stimuli/search/t.png,stimuli/search/b.png,stimuli/search/t.png,stimuli/search/b.png,stimuli/search/r.png,stimuli/search/t.png,"[-0.23833333333333334,0.40253890386884184]","[-0.17833333333333334,0.3438282537285485]","[0.17833333333333334,0.3683686149761912]","[0.23833333333333334,0.3722727355795869]","[0.17833333333333334,-0.343497448054982]","[0.23833333333333334,-0.3534591035726512]","[-0.23833333333333334,-0.3569955820413067]","[-0.17833333333333334,-0.3330973222572235]",1,,,,,,,,,,,,,,,,,,,,,,,,,,,,,,,,,,,,,,,,,,,,,,,,,,,,,,,2,0,2,0,1,,,,,,,,,,
,,,,,,,,,,,,5f08dafa392f74145122c0ee,13/10/1999,2020-08-27_18h40.23.296,proactive3.1,2020.1.2,Win32,60,5f47c29a48bd2a1e651a6eb7,5f47ede75080c61345c5990b,4,,,,,,,,,,,,,,,,,,,,,,,,,,,,,,,,,,,,,,,,,,stimuli/search/t.png,stimuli/search/b.png,stimuli/search/t.png,stimuli/search/b.png,stimuli/search/b.png,stimuli/search/t.png,stimuli/search/l.png,stimuli/search/b.png,"[-0.23833333333333334,0.3452981749197137]","[-0.17833333333333334,0.39449912458620007]","[0.17833333333333334,0.3337157001742404]","[0.23833333333333334,0.4041784533860433]","[0.17833333333333334,-0.32809235024648437]","[0.23833333333333334,-0.35420755513608304]","[-0.23833333333333334,-0.3819393875729171]","[-0.17833333333333334,-0.37612822550260355]",0,,,,,,,,,,,,,,,,,,,,,,,,,,,,,,,,,,,,,,,,,,,,,,,,,,,,,,,3,0,3,0,1,,,,,,,,,,
,,,,,,,,,,,,5f08dafa392f74145122c0ee,13/10/1999,2020-08-27_18h40.23.296,proactive3.1,2020.1.2,Win32,60,5f47c29a48bd2a1e651a6eb7,5f47ede75080c61345c5990b,4,,,,,,,,,,,,,,,,,,,,,,,,,,,,,,,,,,,,,,,,,,,,,,,,,,,,,,,,,,,,,,,,,,,,,,,,,,,,,,,,,,,,,,,,,,,,,,,,,,,,,,,,,,,,,,,,,,,,,,0,0,0,0,1,,,,,
,,,,,,,,,,,,5f08dafa392f74145122c0ee,13/10/1999,2020-08-27_18h40.23.296,proactive3.1,2020.1.2,Win32,60,5f47c29a48bd2a1e651a6eb7,5f47ede75080c61345c5990b,4,,,,,,,,,,,,,,,,,,,,,,,,,,,,,,,,,,,,,,,,,,,,,,,,,,,,,,,,,,,,,,,,,,,,,,,,,,,,,,,,,,,,,,,,,,,,,,,,,,,,,,,,,,,,,,,,,,,,,,1,0,1,0,1,,,,,
,,,,,,,,,,,,5f08dafa392f74145122c0ee,13/10/1999,2020-08-27_18h40.23.296,proactive3.1,2020.1.2,Win32,60,5f47c29a48bd2a1e651a6eb7,5f47ede75080c61345c5990b,4,,,,,,,,,,,,,,,,,,,,,,,,,,,,,,,,,,,,,,,,,,,,,,,,,,,,,,,,,,,,,,,,,,,,,,,,,,,,,,,,,,,,,,,,,,,,,,,,,,,,,,,,,,,,,,,,,,,,,,2,0,2,0,1,,,,,
,,,,,,,,,,,,5f08dafa392f74145122c0ee,13/10/1999,2020-08-27_18h40.23.296,proactive3.1,2020.1.2,Win32,60,5f47c29a48bd2a1e651a6eb7,5f47ede75080c61345c5990b,4,,,,,,,,,,,,,,,,,5,,,,,,,,,,,,,,,,,,,,,,,,,,,,,,,,,,,,,,,,,,,,,,,,,,,,,,,,,,,?,0.00072,3,FALSE,?,0.00075,2,FALSE,?,0.000805,0,FALSE,?,0.000875,1,FALSE,,,,,,CANDY,pawn,stimuli/images/PICTURE_356.png,match,AREA,helmet,stimuli/images/PICTURE_327.png,old-new,WRITER,dice,stimuli/images/PICTURE_308.png,mis-match,NATION,tyre,stimuli/images/PICTURE_2.png,new-new,,,,,,,,,,,0,44,44,71,1
,,,,,,,,,,,,5f08dafa392f74145122c0ee,13/10/1999,2020-08-27_18h40.23.296,proactive3.1,2020.1.2,Win32,60,5f47c29a48bd2a1e651a6eb7,5f47ede75080c61345c5990b,4,,,,,,,,,,,,,,,,,,,,,,,,,,,,,,,,,,,,,,,,,,stimuli/search/t.png,stimuli/search/b.png,stimuli/search/b.png,stimuli/search/t.png,stimuli/search/b.png,stimuli/search/t.png,stimuli/search/l.png,stimuli/search/t.png,"[-0.23833333333333334,0.3442534480234363]","[-0.17833333333333334,0.39530026532767704]","[0.17833333333333334,0.4139643741835908]","[0.23833333333333334,0.3446801680090587]","[0.17833333333333334,-0.3479739671276204]","[0.23833333333333334,-0.41082739098501586]","[-0.23833333333333334,-0.374057471857724]","[-0.17833333333333334,-0.3317991994563355]",0,,,,,,,,,,,,,,,,,,,,,,,,,,,,,,,,,,,,,,,,,,,,,,,,,,,,,,,0,0,0,0,1,,,,,,,,,,
,,,,,,,,,,,,5f08dafa392f74145122c0ee,13/10/1999,2020-08-27_18h40.23.296,proactive3.1,2020.1.2,Win32,60,5f47c29a48bd2a1e651a6eb7,5f47ede75080c61345c5990b,4,,,,,,,,,,,,,,,,,,,,,,,,,,,,,,,,,,,,,,,,,,stimuli/search/t.png,stimuli/search/b.png,stimuli/search/t.png,stimuli/search/b.png,stimuli/search/t.png,stimuli/search/b.png,stimuli/search/r.png,stimuli/search/b.png,"[-0.23833333333333334,0.38785527454796476]","[-0.17833333333333334,0.3768490354262689]","[0.17833333333333334,0.3455155322344514]","[0.23833333333333334,0.3946333702229181]","[0.17833333333333334,-0.3568488370630544]","[0.23833333333333334,-0.3804534661692825]","[-0.23833333333333334,-0.40088482318008084]","[-0.17833333333333334,-0.3476368237179466]",1,,,,,,,,,,,,,,,,,,,,,,,,,,,,,,,,,,,,,,,,,,,,,,,,,,,,,,,1,0,1,0,1,,,,,,,,,,
,,,,,,,,,,,,5f08dafa392f74145122c0ee,13/10/1999,2020-08-27_18h40.23.296,proactive3.1,2020.1.2,Win32,60,5f47c29a48bd2a1e651a6eb7,5f47ede75080c61345c5990b,4,,,,,,,,,,,,,,,,,,,,,,,,,,,,,,,,,,,,,,,,,,stimuli/search/b.png,stimuli/search/t.png,stimuli/search/t.png,stimuli/search/r.png,stimuli/search/b.png,stimuli/search/t.png,stimuli/search/t.png,stimuli/search/b.png,"[-0.23833333333333334,0.36651013545368966]","[-0.17833333333333334,0.38110089375250716]","[0.17833333333333334,0.39984189782208385]","[0.23833333333333334,0.36077069996729205]","[0.17833333333333334,-0.37630517736302355]","[0.23833333333333334,-0.3590370719641091]","[-0.23833333333333334,-0.4085090243724257]","[-0.17833333333333334,-0.36380901912478486]",1,,,,,,,,,,,,,,,,,,,,,,,,,,,,,,,,,,,,,,,,,,,,,,,,,,,,,,,2,0,2,0,1,,,,,,,,,,
,,,,,,,,,,,,5f08dafa392f74145122c0ee,13/10/1999,2020-08-27_18h40.23.296,proactive3.1,2020.1.2,Win32,60,5f47c29a48bd2a1e651a6eb7,5f47ede75080c61345c5990b,4,,,,,,,,,,,,,,,,,,,,,,,,,,,,,,,,,,,,,,,,,,stimuli/search/t.png,stimuli/search/b.png,stimuli/search/t.png,stimuli/search/b.png,stimuli/search/b.png,stimuli/search/t.png,stimuli/search/t.png,stimuli/search/r.png,"[-0.23833333333333334,0.34010307100754933]","[-0.17833333333333334,0.3425996037042367]","[0.17833333333333334,0.324937128304544]","[0.23833333333333334,0.3919200555799046]","[0.17833333333333334,-0.40413280389713746]","[0.23833333333333334,-0.3840702041193176]","[-0.23833333333333334,-0.3443444865451796]","[-0.17833333333333334,-0.39605564834173174]",1,,,,,,,,,,,,,,,,,,,,,,,,,,,,,,,,,,,,,,,,,,,,,,,,,,,,,,,3,0,3,0,1,,,,,,,,,,
,,,,,,,,,,,,5f08dafa392f74145122c0ee,13/10/1999,2020-08-27_18h40.23.296,proactive3.1,2020.1.2,Win32,60,5f47c29a48bd2a1e651a6eb7,5f47ede75080c61345c5990b,4,,,,,,,,,,,,,,,,,,,,,,,,,,,,,,,,,,,,,,,,,,,,,,,,,,,,,,,,,,,,,,,,,,,,,,,,,,,,,,,,,,,,,,,,,,,,,,,,,,,,,,,,,,,,,,,,,,,,,,0,0,0,0,1,,,,,
,,,,,,,,,,,,5f08dafa392f74145122c0ee,13/10/1999,2020-08-27_18h40.23.296,proactive3.1,2020.1.2,Win32,60,5f47c29a48bd2a1e651a6eb7,5f47ede75080c61345c5990b,4,,,,,,,,,,,,,,,,,,,,,,,,,,,,,,,,,,,,,,,,,,,,,,,,,,,,,,,,,,,,,,,,,,,,,,,,,,,,,,,,,,,,,,,,,,,,,,,,,,,,,,,,,,,,,,,,,,,,,,1,0,1,0,1,,,,,
,,,,,,,,,,,,5f08dafa392f74145122c0ee,13/10/1999,2020-08-27_18h40.23.296,proactive3.1,2020.1.2,Win32,60,5f47c29a48bd2a1e651a6eb7,5f47ede75080c61345c5990b,4,,,,,,,,,,,,,,,,,,,,,,,,,,,,,,,,,,,,,,,,,,,,,,,,,,,,,,,,,,,,,,,,,,,,,,,,,,,,,,,,,,,,,,,,,,,,,,,,,,,,,,,,,,,,,,,,,,,,,,2,0,2,0,1,,,,,
,,,,,,,,,,,,5f08dafa392f74145122c0ee,13/10/1999,2020-08-27_18h40.23.296,proactive3.1,2020.1.2,Win32,60,5f47c29a48bd2a1e651a6eb7,5f47ede75080c61345c5990b,4,,,,,,,,,,,,,,,,,2,,,,,,,,,,,,,,,,,,,,,,,,,,,,,,,,,,,,,,,,,,,,,,,,,,,,,,,,,,,?,0.000815,3,FALSE,?,0.000795,2,FALSE,?,0.000585,1,FALSE,?,0.000545,0,FALSE,,,,,,WOMEN,wheel,stimuli/images/PICTURE_504.png,mis-match,PRINCE,windmill,stimuli/images/PICTURE_675.png,new-new,BODY,cherry,stimuli/images/PICTURE_692.png,old-new,GIRL,tray,stimuli/images/PICTURE_151.png,match,,,,,,,,,,,0,45,45,18,1
,,,,,,,,,,,,5f08dafa392f74145122c0ee,13/10/1999,2020-08-27_18h40.23.296,proactive3.1,2020.1.2,Win32,60,5f47c29a48bd2a1e651a6eb7,5f47ede75080c61345c5990b,4,,,,,,,,,,,,,,,,,,,,,,,,,,,,,,,,,,,,,,,,,,stimuli/search/t.png,stimuli/search/b.png,stimuli/search/t.png,stimuli/search/b.png,stimuli/search/r.png,stimuli/search/b.png,stimuli/search/b.png,stimuli/search/t.png,"[-0.23833333333333334,0.34281308123341225]","[-0.17833333333333334,0.3595465699742459]","[0.17833333333333334,0.3633887185865509]","[0.23833333333333334,0.3783641813172251]","[0.17833333333333334,-0.36777610116064]","[0.23833333333333334,-0.32916903544521603]","[-0.23833333333333334,-0.3297422430436796]","[-0.17833333333333334,-0.40835134575895776]",1,,,,,,,,,,,,,,,,,,,,,,,,,,,,,,,,,,,,,,,,,,,,,,,,,,,,,,,0,0,0,0,1,,,,,,,,,,
,,,,,,,,,,,,5f08dafa392f74145122c0ee,13/10/1999,2020-08-27_18h40.23.296,proactive3.1,2020.1.2,Win32,60,5f47c29a48bd2a1e651a6eb7,5f47ede75080c61345c5990b,4,,,,,,,,,,,,,,,,,,,,,,,,,,,,,,,,,,,,,,,,,,stimuli/search/l.png,stimuli/search/b.png,stimuli/search/b.png,stimuli/search/t.png,stimuli/search/t.png,stimuli/search/b.png,stimuli/search/t.png,stimuli/search/b.png,"[-0.23833333333333334,0.33568534835373254]","[-0.17833333333333334,0.37047044805205526]","[0.17833333333333334,0.3651436120891971]","[0.23833333333333334,0.37818940916497484]","[0.17833333333333334,-0.3466953295369261]","[0.23833333333333334,-0.3902314156556901]","[-0.23833333333333334,-0.3462261591629691]","[-0.17833333333333334,-0.34436697514333553]",0,,,,,,,,,,,,,,,,,,,,,,,,,,,,,,,,,,,,,,,,,,,,,,,,,,,,,,,1,0,1,0,1,,,,,,,,,,
,,,,,,,,,,,,5f08dafa392f74145122c0ee,13/10/1999,2020-08-27_18h40.23.296,proactive3.1,2020.1.2,Win32,60,5f47c29a48bd2a1e651a6eb7,5f47ede75080c61345c5990b,4,,,,,,,,,,,,,,,,,,,,,,,,,,,,,,,,,,,,,,,,,,stimuli/search/t.png,stimuli/search/b.png,stimuli/search/b.png,stimuli/search/t.png,stimuli/search/r.png,stimuli/search/b.png,stimuli/search/t.png,stimuli/search/b.png,"[-0.23833333333333334,0.33232650633680877]","[-0.17833333333333334,0.38751549986491957]","[0.17833333333333334,0.33587083882111196]","[0.23833333333333334,0.32799676500340547]","[0.17833333333333334,-0.3610475641593912]","[0.23833333333333334,-0.3827878401436778]","[-0.23833333333333334,-0.38871584786476954]","[-0.17833333333333334,-0.39650402335442586]",1,,,,,,,,,,,,,,,,,,,,,,,,,,,,,,,,,,,,,,,,,,,,,,,,,,,,,,,2,0,2,0,1,,,,,,,,,,
,,,,,,,,,,,,5f08dafa392f74145122c0ee,13/10/1999,2020-08-27_18h40.23.296,proactive3.1,2020.1.2,Win32,60,5f47c29a48bd2a1e651a6eb7,5f47ede75080c61345c5990b,4,,,,,,,,,,,,,,,,,,,,,,,,,,,,,,,,,,,,,,,,,,stimuli/search/b.png,stimuli/search/t.png,stimuli/search/t.png,stimuli/search/b.png,stimuli/search/b.png,stimuli/search/t.png,stimuli/search/r.png,stimuli/search/t.png,"[-0.23833333333333334,0.34124795116620127]","[-0.17833333333333334,0.35103820565488847]","[0.17833333333333334,0.3870930958594292]","[0.23833333333333334,0.38699910141240307]","[0.17833333333333334,-0.3378984867152657]","[0.23833333333333334,-0.369105597624134]","[-0.23833333333333334,-0.36828422236661396]","[-0.17833333333333334,-0.4025933855614149]",1,,,,,,,,,,,,,,,,,,,,,,,,,,,,,,,,,,,,,,,,,,,,,,,,,,,,,,,3,0,3,0,1,,,,,,,,,,
,,,,,,,,,,,,5f08dafa392f74145122c0ee,13/10/1999,2020-08-27_18h40.23.296,proactive3.1,2020.1.2,Win32,60,5f47c29a48bd2a1e651a6eb7,5f47ede75080c61345c5990b,4,,,,,,,,,,,,,,,,,,,,,,,,,,,,,,,,,,,,,,,,,,,,,,,,,,,,,,,,,,,,,,,,,,,,,,,,,,,,,,,,,,,,,,,,,,,,,,,,,,,,,,,,,,,,,,,,,,,,,,0,0,0,0,1,,,,,
,,,,,,,,,,,,5f08dafa392f74145122c0ee,13/10/1999,2020-08-27_18h40.23.296,proactive3.1,2020.1.2,Win32,60,5f47c29a48bd2a1e651a6eb7,5f47ede75080c61345c5990b,4,,,,,,,,,,,,,,,,,,,,,,,,,,,,,,,,,,,,,,,,,,,,,,,,,,,,,,,,,,,,,,,,,,,,,,,,,,,,,,,,,,,,,,,,,,,,,,,,,,,,,,,,,,,,,,,,,,,,,,1,0,1,0,1,,,,,
,,,,,,,,,,,,5f08dafa392f74145122c0ee,13/10/1999,2020-08-27_18h40.23.296,proactive3.1,2020.1.2,Win32,60,5f47c29a48bd2a1e651a6eb7,5f47ede75080c61345c5990b,4,,,,,,,,,,,,,,,,,,,,,,,,,,,,,,,,,,,,,,,,,,,,,,,,,,,,,,,,,,,,,,,,,,,,,,,,,,,,,,,,,,,,,,,,,,,,,,,,,,,,,,,,,,,,,,,,,,,,,,2,0,2,0,1,,,,,
,,,,,,,,,,,,5f08dafa392f74145122c0ee,13/10/1999,2020-08-27_18h40.23.296,proactive3.1,2020.1.2,Win32,60,5f47c29a48bd2a1e651a6eb7,5f47ede75080c61345c5990b,4,,,,,,,,,,,,,,,,,2,,,,,,,,,,,,,,,,,,,,,,,,,,,,,,,,,,,,,,,,,,,,,,,,,,,,,,,,,,,?,0.0007,2,FALSE,?,0.00082,3,FALSE,?,0.00066,0,FALSE,?,0.00081,1,FALSE,,,,,,ROOF,planet,stimuli/images/PICTURE_18.png,new-new,WRITER,watch,stimuli/images/PICTURE_452.png,new-new,NIGHT,cap,stimuli/images/PICTURE_203.png,new-new,DEATH,suitcase,stimuli/images/PICTURE_95.png,new-new,,,,,,,,,,,0,46,46,27,1
,,,,,,,,,,,,5f08dafa392f74145122c0ee,13/10/1999,2020-08-27_18h40.23.296,proactive3.1,2020.1.2,Win32,60,5f47c29a48bd2a1e651a6eb7,5f47ede75080c61345c5990b,4,,,,,,,,,,,,,,,,,,,,,,,,,,,,,,,,,,,,,,,,,,stimuli/search/b.png,stimuli/search/t.png,stimuli/search/l.png,stimuli/search/t.png,stimuli/search/t.png,stimuli/search/b.png,stimuli/search/t.png,stimuli/search/b.png,"[-0.23833333333333334,0.4127444924607921]","[-0.17833333333333334,0.39090853971703654]","[0.17833333333333334,0.38360336774263465]","[0.23833333333333334,0.34049132140392063]","[0.17833333333333334,-0.41477363292083086]","[0.23833333333333334,-0.3615117378651902]","[-0.23833333333333334,-0.4031216712700586]","[-0.17833333333333334,-0.37705053001680733]",0,0,,,,,,0.988285,,,,,,,,,,,,,,,,,,,,,,,,,,,,,,,,,,,,,,,,,,,,,,,,0,0,0,0,1,,,,,,,,,,
,,,,,,,,,,,,5f08dafa392f74145122c0ee,13/10/1999,2020-08-27_18h40.23.296,proactive3.1,2020.1.2,Win32,60,5f47c29a48bd2a1e651a6eb7,5f47ede75080c61345c5990b,4,,,,,,,,,,,,,,,,,,,,,,,,,,,,,,,,,,,,,,,,,,stimuli/search/b.png,stimuli/search/t.png,stimuli/search/t.png,stimuli/search/b.png,stimuli/search/r.png,stimuli/search/b.png,stimuli/search/b.png,stimuli/search/t.png,"[-0.23833333333333334,0.3370889589364916]","[-0.17833333333333334,0.36312340250700154]","[0.17833333333333334,0.3994631855783594]","[0.23833333333333334,0.4132288534248011]","[0.17833333333333334,-0.34974660970257265]","[0.23833333333333334,-0.41209758957154674]","[-0.23833333333333334,-0.3644670328882849]","[-0.17833333333333334,-0.33782058521884595]",1,1,,,,,,0.974715,,,,,,,,,,,,,,,,,,,,,,,,,,,,,,,,,,,,,,,,,,,,,,,,1,0,1,0,1,,,,,,,,,,
,,,,,,,,,,,,5f08dafa392f74145122c0ee,13/10/1999,2020-08-27_18h40.23.296,proactive3.1,2020.1.2,Win32,60,5f47c29a48bd2a1e651a6eb7,5f47ede75080c61345c5990b,4,,,,,,,,,,,,,,,,,,,,,,,,,,,,,,,,,,,,,,,,,,stimuli/search/t.png,stimuli/search/b.png,stimuli/search/t.png,stimuli/search/b.png,stimuli/search/b.png,stimuli/search/l.png,stimuli/search/t.png,stimuli/search/b.png,"[-0.23833333333333334,0.36182126987269053]","[-0.17833333333333334,0.3988354032270323]","[0.17833333333333334,0.33381419212258223]","[0.23833333333333334,0.362777717803207]","[0.17833333333333334,-0.33045421115245394]","[0.23833333333333334,-0.38919497656297675]","[-0.23833333333333334,-0.3859228539096142]","[-0.17833333333333334,-0.3473089933144455]",0,0,,,,,,0.95932,,,,,,,,,,,,,,,,,,,,,,,,,,,,,,,,,,,,,,,,,,,,,,,,2,0,2,0,1,,,,,,,,,,
,,,,,,,,,,,,5f08dafa392f74145122c0ee,13/10/1999,2020-08-27_18h40.23.296,proactive3.1,2020.1.2,Win32,60,5f47c29a48bd2a1e651a6eb7,5f47ede75080c61345c5990b,4,,,,,,,,,,,,,,,,,,,,,,,,,,,,,,,,,,,,,,,,,,stimuli/search/b.png,stimuli/search/t.png,stimuli/search/b.png,stimuli/search/t.png,stimuli/search/b.png,stimuli/search/t.png,stimuli/search/l.png,stimuli/search/b.png,"[-0.23833333333333334,0.3836993129555198]","[-0.17833333333333334,0.3705625363640284]","[0.17833333333333334,0.33992962809855937]","[0.23833333333333334,0.4098035765223609]","[0.17833333333333334,-0.4083469011428826]","[0.23833333333333334,-0.3541784449615172]","[-0.23833333333333334,-0.410489854160033]","[-0.17833333333333334,-0.4061156099191191]",0,1,,,,,,0.674305,,,,,,,,,,,,,,,,,,,,,,,,,,,,,,,,,,,,,,,,,,,,,,,,3,0,3,0,1,,,,,,,,,,
,,,,,,,,,,,,5f08dafa392f74145122c0ee,13/10/1999,2020-08-27_18h40.23.296,proactive3.1,2020.1.2,Win32,60,5f47c29a48bd2a1e651a6eb7,5f47ede75080c61345c5990b,4,,,,,,,,,,,,,,,,,,,,,,,,,,,,,,,,,,,,,,,,,,,,,,,,,,,,,,,,,,,,,,,,,,,,,,,,,,,,,,,,,,,,,,,,,,,,,,,,,,,,,,,,,,,,,,,,,,,,,,0,0,0,0,1,,,,,
,,,,,,,,,,,,5f08dafa392f74145122c0ee,13/10/1999,2020-08-27_18h40.23.296,proactive3.1,2020.1.2,Win32,60,5f47c29a48bd2a1e651a6eb7,5f47ede75080c61345c5990b,4,,,,,,,,,,,,,,,,,,,,,,,,,,,,,,,,,,,,,,,,,,,,,,,,,,,,,,,,,,,,,,,,,,,,,,,,,,,,,,,,,,,,,,,,,,,,,,,,,,,,,,,,,,,,,,,,,,,,,,1,0,1,0,1,,,,,
,,,,,,,,,,,,5f08dafa392f74145122c0ee,13/10/1999,2020-08-27_18h40.23.296,proactive3.1,2020.1.2,Win32,60,5f47c29a48bd2a1e651a6eb7,5f47ede75080c61345c5990b,4,,,,,,,,,,,,,,,,,,,,,,,,,,,,,,,,,,,,,,,,,,,,,,,,,,,,,,,,,,,,,,,,,,,,,,,,,,,,,,,,,,,,,,,,,,,,,,,,,,,,,,,,,,,,,,,,,,,,,,2,0,2,0,1,,,,,
,,,,,,,,,,,,5f08dafa392f74145122c0ee,13/10/1999,2020-08-27_18h40.23.296,proactive3.1,2020.1.2,Win32,60,5f47c29a48bd2a1e651a6eb7,5f47ede75080c61345c5990b,4,,,,,,,,,,,,,,,,,4,,,,,,,,,,,,,,,,,,,,,,,,,,,,,,,,,,,,,,,,,,,,,,,,,,,,,,,,,,,RECORD,3.400395,0,TRUE,JUNGLE,2.333175,3,TRUE,FOOD,2.31671,1,FALSE,WATCH,2.400025,2,FALSE,,,,,,RECORD,runner,stimuli/images/PICTURE_688.png,new-new,DANGER,tray,stimuli/images/PICTURE_151.png,new-new,JUNGLE,cherry,stimuli/images/PICTURE_692.png,new-new,FOOD,watch,stimuli/images/PICTURE_452.png,new-new,,,,,,,,,,,0,47,47,60,1
,,,,,,,,,,,,5f08dafa392f74145122c0ee,13/10/1999,2020-08-27_18h40.23.296,proactive3.1,2020.1.2,Win32,60,5f47c29a48bd2a1e651a6eb7,5f47ede75080c61345c5990b,4,,,,,,,,,,,,,,,,,,,,,,,,,,,,,,,,,,,,,,,,,,stimuli/search/b.png,stimuli/search/t.png,stimuli/search/r.png,stimuli/search/t.png,stimuli/search/b.png,stimuli/search/t.png,stimuli/search/b.png,stimuli/search/t.png,"[-0.23833333333333334,0.32852911729595324]","[-0.17833333333333334,0.38242504047455617]","[0.17833333333333334,0.4059922546246465]","[0.23833333333333334,0.3977007943607332]","[0.17833333333333334,-0.3360281043523118]","[0.23833333333333334,-0.40715592135825085]","[-0.23833333333333334,-0.3566332408375322]","[-0.17833333333333334,-0.34960269507913894]",1,,,,,,,,,,,,,,,,,,,,,,,,,,,,,,,,,,,,,,,,,,,,,,,,,,,,,,,0,0,0,0,1,,,,,,,,,,
,,,,,,,,,,,,5f08dafa392f74145122c0ee,13/10/1999,2020-08-27_18h40.23.296,proactive3.1,2020.1.2,Win32,60,5f47c29a48bd2a1e651a6eb7,5f47ede75080c61345c5990b,4,,,,,,,,,,,,,,,,,,,,,,,,,,,,,,,,,,,,,,,,,,stimuli/search/t.png,stimuli/search/b.png,stimuli/search/r.png,stimuli/search/b.png,stimuli/search/b.png,stimuli/search/t.png,stimuli/search/t.png,stimuli/search/b.png,"[-0.23833333333333334,0.36080756187855006]","[-0.17833333333333334,0.4119180113577231]","[0.17833333333333334,0.36185348597698386]","[0.23833333333333334,0.33409482423708314]","[0.17833333333333334,-0.3737328993080264]","[0.23833333333333334,-0.3708077013873238]","[-0.23833333333333334,-0.33539165973527624]","[-0.17833333333333334,-0.36355572355568994]",1,,,,,,,,,,,,,,,,,,,,,,,,,,,,,,,,,,,,,,,,,,,,,,,,,,,,,,,1,0,1,0,1,,,,,,,,,,
,,,,,,,,,,,,5f08dafa392f74145122c0ee,13/10/1999,2020-08-27_18h40.23.296,proactive3.1,2020.1.2,Win32,60,5f47c29a48bd2a1e651a6eb7,5f47ede75080c61345c5990b,4,,,,,,,,,,,,,,,,,,,,,,,,,,,,,,,,,,,,,,,,,,stimuli/search/b.png,stimuli/search/t.png,stimuli/search/t.png,stimuli/search/b.png,stimuli/search/r.png,stimuli/search/b.png,stimuli/search/b.png,stimuli/search/t.png,"[-0.23833333333333334,0.3744802528925609]","[-0.17833333333333334,0.3398894045980579]","[0.17833333333333334,0.3705149420071138]","[0.23833333333333334,0.37738224102736445]","[0.17833333333333334,-0.3444130774780843]","[0.23833333333333334,-0.40236054834230495]","[-0.23833333333333334,-0.34609373952455547]","[-0.17833333333333334,-0.379196315142749]",1,,,,,,,,,,,,,,,,,,,,,,,,,,,,,,,,,,,,,,,,,,,,,,,,,,,,,,,2,0,2,0,1,,,,,,,,,,
,,,,,,,,,,,,5f08dafa392f74145122c0ee,13/10/1999,2020-08-27_18h40.23.296,proactive3.1,2020.1.2,Win32,60,5f47c29a48bd2a1e651a6eb7,5f47ede75080c61345c5990b,4,,,,,,,,,,,,,,,,,,,,,,,,,,,,,,,,,,,,,,,,,,stimuli/search/b.png,stimuli/search/t.png,stimuli/search/l.png,stimuli/search/b.png,stimuli/search/t.png,stimuli/search/b.png,stimuli/search/t.png,stimuli/search/b.png,"[-0.23833333333333334,0.39948401030604835]","[-0.17833333333333334,0.39029952389121525]","[0.17833333333333334,0.379753346951943]","[0.23833333333333334,0.39979615971290133]","[0.17833333333333334,-0.3580545976304439]","[0.23833333333333334,-0.3732254325843272]","[-0.23833333333333334,-0.36241920467626854]","[-0.17833333333333334,-0.41661031092869505]",0,,,,,,,,,,,,,,,,,,,,,,,,,,,,,,,,,,,,,,,,,,,,,,,,,,,,,,,3,0,3,0,1,,,,,,,,,,
,,,,,,,,,,,,5f08dafa392f74145122c0ee,13/10/1999,2020-08-27_18h40.23.296,proactive3.1,2020.1.2,Win32,60,5f47c29a48bd2a1e651a6eb7,5f47ede75080c61345c5990b,4,,,,,,,,,,,,,,,,,,,,,,,,,,,,,,,,,,,,,,,,,,,,,,,,,,,,,,,,,,,,,,,,,,,,,,,,,,,,,,,,,,,,,,,,,,,,,,,,,,,,,,,,,,,,,,,,,,,,,,0,0,0,0,1,,,,,
,,,,,,,,,,,,5f08dafa392f74145122c0ee,13/10/1999,2020-08-27_18h40.23.296,proactive3.1,2020.1.2,Win32,60,5f47c29a48bd2a1e651a6eb7,5f47ede75080c61345c5990b,4,,,,,,,,,,,,,,,,,,,,,,,,,,,,,,,,,,,,,,,,,,,,,,,,,,,,,,,,,,,,,,,,,,,,,,,,,,,,,,,,,,,,,,,,,,,,,,,,,,,,,,,,,,,,,,,,,,,,,,1,0,1,0,1,,,,,
,,,,,,,,,,,,5f08dafa392f74145122c0ee,13/10/1999,2020-08-27_18h40.23.296,proactive3.1,2020.1.2,Win32,60,5f47c29a48bd2a1e651a6eb7,5f47ede75080c61345c5990b,4,,,,,,,,,,,,,,,,,,,,,,,,,,,,,,,,,,,,,,,,,,,,,,,,,,,,,,,,,,,,,,,,,,,,,,,,,,,,,,,,,,,,,,,,,,,,,,,,,,,,,,,,,,,,,,,,,,,,,,2,0,2,0,1,,,,,
,,,,,,,,,,,,5f08dafa392f74145122c0ee,13/10/1999,2020-08-27_18h40.23.296,proactive3.1,2020.1.2,Win32,60,5f47c29a48bd2a1e651a6eb7,5f47ede75080c61345c5990b,4,,,,,,,,,,,,,,,,,5,,,,,,,,,,,,,,,,,,,,,,,,,,,,,,,,,,,,,,,,,,,,,,,,,,,,,,,,,,,?,0.00076,3,FALSE,?,0.001125,0,FALSE,?,0.001015,2,FALSE,?,0.000735,1,FALSE,,,,,,ROOF,megaphone,stimuli/images/PICTURE_655.png,new-new,COPS,tractor,stimuli/images/PICTURE_74.png,new-new,GODS,bench,stimuli/images/PICTURE_449.png,new-new,BOYS,razor,stimuli/images/PICTURE_311.png,new-new,,,,,,,,,,,0,48,48,75,1
,,,,,,,,,,,,5f08dafa392f74145122c0ee,13/10/1999,2020-08-27_18h40.23.296,proactive3.1,2020.1.2,Win32,60,5f47c29a48bd2a1e651a6eb7,5f47ede75080c61345c5990b,4,,,,,,,,,,,,,,,,,,,,,,,,,,,,,,,,,,,,,,,,,,stimuli/search/l.png,stimuli/search/t.png,stimuli/search/b.png,stimuli/search/t.png,stimuli/search/t.png,stimuli/search/b.png,stimuli/search/b.png,stimuli/search/t.png,"[-0.23833333333333334,0.3530525864946732]","[-0.17833333333333334,0.33510479467571214]","[0.17833333333333334,0.3365454099903772]","[0.23833333333333334,0.40164047112191464]","[0.17833333333333334,-0.3468861725573286]","[0.23833333333333334,-0.37815235601923997]","[-0.23833333333333334,-0.3477718499463773]","[-0.17833333333333334,-0.3950322736892256]",0,,,,,,,,,,,,,,,,,,,,,,,,,,,,,,,,,,,,,,,,,,,,,,,,,,,,,,,0,0,0,0,1,,,,,,,,,,
,,,,,,,,,,,,5f08dafa392f74145122c0ee,13/10/1999,2020-08-27_18h40.23.296,proactive3.1,2020.1.2,Win32,60,5f47c29a48bd2a1e651a6eb7,5f47ede75080c61345c5990b,4,,,,,,,,,,,,,,,,,,,,,,,,,,,,,,,,,,,,,,,,,,stimuli/search/r.png,stimuli/search/t.png,stimuli/search/t.png,stimuli/search/b.png,stimuli/search/t.png,stimuli/search/b.png,stimuli/search/t.png,stimuli/search/b.png,"[-0.23833333333333334,0.41205702695691304]","[-0.17833333333333334,0.33338582566030744]","[0.17833333333333334,0.3466513961701768]","[0.23833333333333334,0.35064222036323167]","[0.17833333333333334,-0.4161417536370351]","[0.23833333333333334,-0.33210125531456597]","[-0.23833333333333334,-0.3630371734626291]","[-0.17833333333333334,-0.34658461258082385]",1,,,,,,,,,,,,,,,,,,,,,,,,,,,,,,,,,,,,,,,,,,,,,,,,,,,,,,,1,0,1,0,1,,,,,,,,,,
,,,,,,,,,,,,5f08dafa392f74145122c0ee,13/10/1999,2020-08-27_18h40.23.296,proactive3.1,2020.1.2,Win32,60,5f47c29a48bd2a1e651a6eb7,5f47ede75080c61345c5990b,4,,,,,,,,,,,,,,,,,,,,,,,,,,,,,,,,,,,,,,,,,,stimuli/search/b.png,stimuli/search/t.png,stimuli/search/t.png,stimuli/search/r.png,stimuli/search/b.png,stimuli/search/t.png,stimuli/search/b.png,stimuli/search/t.png,"[-0.23833333333333334,0.39704524994739276]","[-0.17833333333333334,0.3705585683505423]","[0.17833333333333334,0.3920895922862066]","[0.23833333333333334,0.36573430473646146]","[0.17833333333333334,-0.3361514596575796]","[0.23833333333333334,-0.41064270321981966]","[-0.23833333333333334,-0.35632196853391596]","[-0.17833333333333334,-0.36151705098292247]",1,,,,,,,,,,,,,,,,,,,,,,,,,,,,,,,,,,,,,,,,,,,,,,,,,,,,,,,2,0,2,0,1,,,,,,,,,,
,,,,,,,,,,,,5f08dafa392f74145122c0ee,13/10/1999,2020-08-27_18h40.23.296,proactive3.1,2020.1.2,Win32,60,5f47c29a48bd2a1e651a6eb7,5f47ede75080c61345c5990b,4,,,,,,,,,,,,,,,,,,,,,,,,,,,,,,,,,,,,,,,,,,stimuli/search/b.png,stimuli/search/t.png,stimuli/search/t.png,stimuli/search/l.png,stimuli/search/t.png,stimuli/search/b.png,stimuli/search/t.png,stimuli/search/b.png,"[-0.23833333333333334,0.38041722431677233]","[-0.17833333333333334,0.3582062425227128]","[0.17833333333333334,0.3874432809172497]","[0.23833333333333334,0.35915897495573235]","[0.17833333333333334,-0.40972837720590516]","[0.23833333333333334,-0.39335467036104094]","[-0.23833333333333334,-0.400946414657488]","[-0.17833333333333334,-0.4149566516322686]",0,,,,,,,,,,,,,,,,,,,,,,,,,,,,,,,,,,,,,,,,,,,,,,,,,,,,,,,3,0,3,0,1,,,,,,,,,,
,,,,,,,,,,,,5f08dafa392f74145122c0ee,13/10/1999,2020-08-27_18h40.23.296,proactive3.1,2020.1.2,Win32,60,5f47c29a48bd2a1e651a6eb7,5f47ede75080c61345c5990b,4,,,,,,,,,,,,,,,,,,,,,,,,,,,,,,,,,,,,,,,,,,,,,,,,,,,,,,,,,,,,,,,,,,,,,,,,,,,,,,,,,,,,,,,,,,,,,,,,,,,,,,,,,,,,,,,,,,,,,,0,0,0,0,1,,,,,
,,,,,,,,,,,,5f08dafa392f74145122c0ee,13/10/1999,2020-08-27_18h40.23.296,proactive3.1,2020.1.2,Win32,60,5f47c29a48bd2a1e651a6eb7,5f47ede75080c61345c5990b,4,,,,,,,,,,,,,,,,,,,,,,,,,,,,,,,,,,,,,,,,,,,,,,,,,,,,,,,,,,,,,,,,,,,,,,,,,,,,,,,,,,,,,,,,,,,,,,,,,,,,,,,,,,,,,,,,,,,,,,1,0,1,0,1,,,,,
,,,,,,,,,,,,5f08dafa392f74145122c0ee,13/10/1999,2020-08-27_18h40.23.296,proactive3.1,2020.1.2,Win32,60,5f47c29a48bd2a1e651a6eb7,5f47ede75080c61345c5990b,4,,,,,,,,,,,,,,,,,,,,,,,,,,,,,,,,,,,,,,,,,,,,,,,,,,,,,,,,,,,,,,,,,,,,,,,,,,,,,,,,,,,,,,,,,,,,,,,,,,,,,,,,,,,,,,,,,,,,,,2,0,2,0,1,,,,,
,,,,,,,,,,,,5f08dafa392f74145122c0ee,13/10/1999,2020-08-27_18h40.23.296,proactive3.1,2020.1.2,Win32,60,5f47c29a48bd2a1e651a6eb7,5f47ede75080c61345c5990b,4,,,,,,,,,,,,,,,,,1,,,,,,,,,,,,,,,,,,,,,,,,,,,,,,,,,,,,,,,,,,,,,,,,,,,,,,,,,,,?,0.00075,1,FALSE,?,0.00066,0,FALSE,?,0.001015,2,FALSE,?,0.00089,3,FALSE,,,,,,FOOD,gorilla,stimuli/images/PICTURE_380.png,mis-match,BEAUTY,goose,stimuli/images/PICTURE_685.png,old-new,MOMENT,stamp,stimuli/images/PICTURE_57.png,new-new,RIVER,rug,stimuli/images/PICTURE_491.png,match,,,,,,,,,,,0,49,49,3,1
,,,,,,,,,,,,5f08dafa392f74145122c0ee,13/10/1999,2020-08-27_18h40.23.296,proactive3.1,2020.1.2,Win32,60,5f47c29a48bd2a1e651a6eb7,5f47ede75080c61345c5990b,4,,,,,,,,,,,,,,,,,,,,,,,,,,,,,,,,,,,,,,,,,,stimuli/search/b.png,stimuli/search/t.png,stimuli/search/b.png,stimuli/search/t.png,stimuli/search/r.png,stimuli/search/b.png,stimuli/search/b.png,stimuli/search/t.png,"[-0.23833333333333334,0.4000254289589447]","[-0.17833333333333334,0.34133738847362105]","[0.17833333333333334,0.3409377821594944]","[0.23833333333333334,0.35413642941866413]","[0.17833333333333334,-0.38749652945868307]","[0.23833333333333334,-0.362344194553763]","[-0.23833333333333334,-0.3618354884702766]","[-0.17833333333333334,-0.35864047424923334]",1,,,,,,,,,,,,,,,,,,,,,,,,,,,,,,,,,,,,,,,,,,,,,,,,,,,,,,,0,0,0,0,1,,,,,,,,,,
,,,,,,,,,,,,5f08dafa392f74145122c0ee,13/10/1999,2020-08-27_18h40.23.296,proactive3.1,2020.1.2,Win32,60,5f47c29a48bd2a1e651a6eb7,5f47ede75080c61345c5990b,4,,,,,,,,,,,,,,,,,,,,,,,,,,,,,,,,,,,,,,,,,,stimuli/search/r.png,stimuli/search/t.png,stimuli/search/t.png,stimuli/search/b.png,stimuli/search/t.png,stimuli/search/b.png,stimuli/search/b.png,stimuli/search/t.png,"[-0.23833333333333334,0.39357198534701093]","[-0.17833333333333334,0.3632632840060918]","[0.17833333333333334,0.3598717054648237]","[0.23833333333333334,0.35675503431974637]","[0.17833333333333334,-0.4050606340791868]","[0.23833333333333334,-0.3401563743379054]","[-0.23833333333333334,-0.3249836322382298]","[-0.17833333333333334,-0.35675416242844393]",1,,,,,,,,,,,,,,,,,,,,,,,,,,,,,,,,,,,,,,,,,,,,,,,,,,,,,,,1,0,1,0,1,,,,,,,,,,
,,,,,,,,,,,,5f08dafa392f74145122c0ee,13/10/1999,2020-08-27_18h40.23.296,proactive3.1,2020.1.2,Win32,60,5f47c29a48bd2a1e651a6eb7,5f47ede75080c61345c5990b,4,,,,,,,,,,,,,,,,,,,,,,,,,,,,,,,,,,,,,,,,,,stimuli/search/t.png,stimuli/search/b.png,stimuli/search/t.png,stimuli/search/r.png,stimuli/search/b.png,stimuli/search/t.png,stimuli/search/b.png,stimuli/search/t.png,"[-0.23833333333333334,0.35282394822750923]","[-0.17833333333333334,0.327864029642857]","[0.17833333333333334,0.3508612268493187]","[0.23833333333333334,0.41039260248345655]","[0.17833333333333334,-0.3659064520770965]","[0.23833333333333334,-0.3326639447095292]","[-0.23833333333333334,-0.38016152658091606]","[-0.17833333333333334,-0.4145344169541699]",1,,,,,,,,,,,,,,,,,,,,,,,,,,,,,,,,,,,,,,,,,,,,,,,,,,,,,,,2,0,2,0,1,,,,,,,,,,
,,,,,,,,,,,,5f08dafa392f74145122c0ee,13/10/1999,2020-08-27_18h40.23.296,proactive3.1,2020.1.2,Win32,60,5f47c29a48bd2a1e651a6eb7,5f47ede75080c61345c5990b,4,,,,,,,,,,,,,,,,,,,,,,,,,,,,,,,,,,,,,,,,,,stimuli/search/b.png,stimuli/search/t.png,stimuli/search/t.png,stimuli/search/r.png,stimuli/search/b.png,stimuli/search/t.png,stimuli/search/b.png,stimuli/search/t.png,"[-0.23833333333333334,0.39439346436266404]","[-0.17833333333333334,0.34042386073433695]","[0.17833333333333334,0.3737758380161869]","[0.23833333333333334,0.34494004532631384]","[0.17833333333333334,-0.3710493948448048]","[0.23833333333333334,-0.41155786963043245]","[-0.23833333333333334,-0.40349295317118083]","[-0.17833333333333334,-0.36267502522576983]",1,,,,,,,,,,,,,,,,,,,,,,,,,,,,,,,,,,,,,,,,,,,,,,,,,,,,,,,3,0,3,0,1,,,,,,,,,,
,,,,,,,,,,,,5f08dafa392f74145122c0ee,13/10/1999,2020-08-27_18h40.23.296,proactive3.1,2020.1.2,Win32,60,5f47c29a48bd2a1e651a6eb7,5f47ede75080c61345c5990b,4,,,,,,,,,,,,,,,,,,,,,,,,,,,,,,,,,,,,,,,,,,,,,,,,,,,,,,,,,,,,,,,,,,,,,,,,,,,,,,,,,,,,,,,,,,,,,,,,,,,,,,,,,,,,,,,,,,,,,,0,0,0,0,1,,,,,
,,,,,,,,,,,,5f08dafa392f74145122c0ee,13/10/1999,2020-08-27_18h40.23.296,proactive3.1,2020.1.2,Win32,60,5f47c29a48bd2a1e651a6eb7,5f47ede75080c61345c5990b,4,,,,,,,,,,,,,,,,,,,,,,,,,,,,,,,,,,,,,,,,,,,,,,,,,,,,,,,,,,,,,,,,,,,,,,,,,,,,,,,,,,,,,,,,,,,,,,,,,,,,,,,,,,,,,,,,,,,,,,1,0,1,0,1,,,,,
,,,,,,,,,,,,5f08dafa392f74145122c0ee,13/10/1999,2020-08-27_18h40.23.296,proactive3.1,2020.1.2,Win32,60,5f47c29a48bd2a1e651a6eb7,5f47ede75080c61345c5990b,4,,,,,,,,,,,,,,,,,,,,,,,,,,,,,,,,,,,,,,,,,,,,,,,,,,,,,,,,,,,,,,,,,,,,,,,,,,,,,,,,,,,,,,,,,,,,,,,,,,,,,,,,,,,,,,,,,,,,,,2,0,2,0,1,,,,,
,,,,,,,,,,,,5f08dafa392f74145122c0ee,13/10/1999,2020-08-27_18h40.23.296,proactive3.1,2020.1.2,Win32,60,5f47c29a48bd2a1e651a6eb7,5f47ede75080c61345c5990b,4,,,,,,,,,,,,,,,,,5,,,,,,,,,,,,,,,,,,,,,,,,,,,,,,,,,,,,,,,,,,,,,,,,,,,,,,,,,,,?,0.000745,0,FALSE,?,0.00095,2,FALSE,?,0.00078,1,FALSE,?,0.00062,3,FALSE,,,,,,YEAR,kettle,stimuli/images/PICTURE_750.png,mis-match,FLIGHT,shovel,stimuli/images/PICTURE_255.png,new-new,ARTIST,wheel,stimuli/images/PICTURE_504.png,match,DANGER,cherry,stimuli/images/PICTURE_692.png,old-new,,,,,,,,,,,0,50,50,66,1
,,,,,,,,,,,,5f08dafa392f74145122c0ee,13/10/1999,2020-08-27_18h40.23.296,proactive3.1,2020.1.2,Win32,60,5f47c29a48bd2a1e651a6eb7,5f47ede75080c61345c5990b,4,,,,,,,,,,,,,,,,,,,,,,,,,,,,,,,,,,,,,,,,,,stimuli/search/b.png,stimuli/search/t.png,stimuli/search/b.png,stimuli/search/t.png,stimuli/search/t.png,stimuli/search/r.png,stimuli/search/t.png,stimuli/search/b.png,"[-0.23833333333333334,0.35307200066016]","[-0.17833333333333334,0.366616077608566]","[0.17833333333333334,0.3993246164046458]","[0.23833333333333334,0.3504500841817233]","[0.17833333333333334,-0.37860679444108675]","[0.23833333333333334,-0.34593590465292945]","[-0.23833333333333334,-0.38294236316723196]","[-0.17833333333333334,-0.38342364591432543]",1,,,,,,,,,,,,,,,,,,,,,,,,,,,,,,,,,,,,,,,,,,,,,,,,,,,,,,,0,0,0,0,1,,,,,,,,,,
,,,,,,,,,,,,5f08dafa392f74145122c0ee,13/10/1999,2020-08-27_18h40.23.296,proactive3.1,2020.1.2,Win32,60,5f47c29a48bd2a1e651a6eb7,5f47ede75080c61345c5990b,4,,,,,,,,,,,,,,,,,,,,,,,,,,,,,,,,,,,,,,,,,,stimuli/search/t.png,stimuli/search/b.png,stimuli/search/t.png,stimuli/search/b.png,stimuli/search/b.png,stimuli/search/t.png,stimuli/search/t.png,stimuli/search/r.png,"[-0.23833333333333334,0.40855308210788344]","[-0.17833333333333334,0.3297749302820703]","[0.17833333333333334,0.3287838293493921]","[0.23833333333333334,0.38150817506125295]","[0.17833333333333334,-0.35966950073177933]","[0.23833333333333334,-0.3663711276051808]","[-0.23833333333333334,-0.3987556557859686]","[-0.17833333333333334,-0.3883942602045728]",1,,,,,,,,,,,,,,,,,,,,,,,,,,,,,,,,,,,,,,,,,,,,,,,,,,,,,,,1,0,1,0,1,,,,,,,,,,
,,,,,,,,,,,,5f08dafa392f74145122c0ee,13/10/1999,2020-08-27_18h40.23.296,proactive3.1,2020.1.2,Win32,60,5f47c29a48bd2a1e651a6eb7,5f47ede75080c61345c5990b,4,,,,,,,,,,,,,,,,,,,,,,,,,,,,,,,,,,,,,,,,,,stimuli/search/t.png,stimuli/search/l.png,stimuli/search/t.png,stimuli/search/b.png,stimuli/search/b.png,stimuli/search/t.png,stimuli/search/t.png,stimuli/search/b.png,"[-0.23833333333333334,0.3766702851595142]","[-0.17833333333333334,0.3310095469710783]","[0.17833333333333334,0.39613691348516644]","[0.23833333333333334,0.3860245872012906]","[0.17833333333333334,-0.3801252041530735]","[0.23833333333333334,-0.41602889150791095]","[-0.23833333333333334,-0.35897283303124317]","[-0.17833333333333334,-0.33334001197512053]",0,,,,,,,,,,,,,,,,,,,,,,,,,,,,,,,,,,,,,,,,,,,,,,,,,,,,,,,2,0,2,0,1,,,,,,,,,,
,,,,,,,,,,,,5f08dafa392f74145122c0ee,13/10/1999,2020-08-27_18h40.23.296,proactive3.1,2020.1.2,Win32,60,5f47c29a48bd2a1e651a6eb7,5f47ede75080c61345c5990b,4,,,,,,,,,,,,,,,,,,,,,,,,,,,,,,,,,,,,,,,,,,stimuli/search/b.png,stimuli/search/t.png,stimuli/search/l.png,stimuli/search/t.png,stimuli/search/b.png,stimuli/search/t.png,stimuli/search/t.png,stimuli/search/b.png,"[-0.23833333333333334,0.38207096104252036]","[-0.17833333333333334,0.38180864358896877]","[0.17833333333333334,0.34217763130922585]","[0.23833333333333334,0.3369844167815242]","[0.17833333333333334,-0.3743866758411191]","[0.23833333333333334,-0.36739618829432114]","[-0.23833333333333334,-0.39523874514416646]","[-0.17833333333333334,-0.37656842280805874]",0,,,,,,,,,,,,,,,,,,,,,,,,,,,,,,,,,,,,,,,,,,,,,,,,,,,,,,,3,0,3,0,1,,,,,,,,,,
,,,,,,,,,,,,5f08dafa392f74145122c0ee,13/10/1999,2020-08-27_18h40.23.296,proactive3.1,2020.1.2,Win32,60,5f47c29a48bd2a1e651a6eb7,5f47ede75080c61345c5990b,4,,,,,,,,,,,,,,,,,,,,,,,,,,,,,,,,,,,,,,,,,,,,,,,,,,,,,,,,,,,,,,,,,,,,,,,,,,,,,,,,,,,,,,,,,,,,,,,,,,,,,,,,,,,,,,,,,,,,,,0,0,0,0,1,,,,,
,,,,,,,,,,,,5f08dafa392f74145122c0ee,13/10/1999,2020-08-27_18h40.23.296,proactive3.1,2020.1.2,Win32,60,5f47c29a48bd2a1e651a6eb7,5f47ede75080c61345c5990b,4,,,,,,,,,,,,,,,,,,,,,,,,,,,,,,,,,,,,,,,,,,,,,,,,,,,,,,,,,,,,,,,,,,,,,,,,,,,,,,,,,,,,,,,,,,,,,,,,,,,,,,,,,,,,,,,,,,,,,,1,0,1,0,1,,,,,
,,,,,,,,,,,,5f08dafa392f74145122c0ee,13/10/1999,2020-08-27_18h40.23.296,proactive3.1,2020.1.2,Win32,60,5f47c29a48bd2a1e651a6eb7,5f47ede75080c61345c5990b,4,,,,,,,,,,,,,,,,,,,,,,,,,,,,,,,,,,,,,,,,,,,,,,,,,,,,,,,,,,,,,,,,,,,,,,,,,,,,,,,,,,,,,,,,,,,,,,,,,,,,,,,,,,,,,,,,,,,,,,2,0,2,0,1,,,,,
,,,,,,,,,,,,5f08dafa392f74145122c0ee,13/10/1999,2020-08-27_18h40.23.296,proactive3.1,2020.1.2,Win32,60,5f47c29a48bd2a1e651a6eb7,5f47ede75080c61345c5990b,4,,,,,,,,,,,,,,,,,3,,,,,,,,,,,,,,,,,,,,,,,,,,,,,,,,,,,,,,,,,,,,,,,,,,,,,,,,,,,?,0.00073,1,FALSE,?,0.000835,0,FALSE,?,0.000905,3,FALSE,?,0.00074,2,FALSE,,,,,,DANGER,crown,stimuli/images/PICTURE_32.png,new-new,VALLEY,basket,stimuli/images/PICTURE_487.png,new-new,FRIEND,balcony,stimuli/images/PICTURE_63.png,new-new,GODS,perfume,stimuli/images/PICTURE_314.png,new-new,,,,,,,,,,,0,51,51,43,1
,,,,,,,,,,,,5f08dafa392f74145122c0ee,13/10/1999,2020-08-27_18h40.23.296,proactive3.1,2020.1.2,Win32,60,5f47c29a48bd2a1e651a6eb7,5f47ede75080c61345c5990b,4,,,,,,,,,,,,,,,,,,,,,,,,,,,,,,,,,,,,,,,,,,stimuli/search/t.png,stimuli/search/b.png,stimuli/search/t.png,stimuli/search/b.png,stimuli/search/b.png,stimuli/search/t.png,stimuli/search/t.png,stimuli/search/l.png,"[-0.23833333333333334,0.3487272837575015]","[-0.17833333333333334,0.36472143678453295]","[0.17833333333333334,0.40195775468925005]","[0.23833333333333334,0.3745483436150471]","[0.17833333333333334,-0.3951341419189313]","[0.23833333333333334,-0.3939074102998828]","[-0.23833333333333334,-0.3518272836842609]","[-0.17833333333333334,-0.3549243234919769]",0,,,,,,,,,,,,,,,,,,,,,,,,,,,,,,,,,,,,,,,,,,,,,,,,,,,,,,,0,0,0,0,1,,,,,,,,,,
,,,,,,,,,,,,5f08dafa392f74145122c0ee,13/10/1999,2020-08-27_18h40.23.296,proactive3.1,2020.1.2,Win32,60,5f47c29a48bd2a1e651a6eb7,5f47ede75080c61345c5990b,4,,,,,,,,,,,,,,,,,,,,,,,,,,,,,,,,,,,,,,,,,,stimuli/search/t.png,stimuli/search/r.png,stimuli/search/t.png,stimuli/search/b.png,stimuli/search/t.png,stimuli/search/b.png,stimuli/search/t.png,stimuli/search/b.png,"[-0.23833333333333334,0.3609287871803355]","[-0.17833333333333334,0.36973653327390765]","[0.17833333333333334,0.3958497246235966]","[0.23833333333333334,0.39683992946109176]","[0.17833333333333334,-0.33930591784799635]","[0.23833333333333334,-0.4112000317256299]","[-0.23833333333333334,-0.3401304308626585]","[-0.17833333333333334,-0.40061178808090075]",1,,,,,,,,,,,,,,,,,,,,,,,,,,,,,,,,,,,,,,,,,,,,,,,,,,,,,,,1,0,1,0,1,,,,,,,,,,
,,,,,,,,,,,,5f08dafa392f74145122c0ee,13/10/1999,2020-08-27_18h40.23.296,proactive3.1,2020.1.2,Win32,60,5f47c29a48bd2a1e651a6eb7,5f47ede75080c61345c5990b,4,,,,,,,,,,,,,,,,,,,,,,,,,,,,,,,,,,,,,,,,,,stimuli/search/b.png,stimuli/search/t.png,stimuli/search/t.png,stimuli/search/b.png,stimuli/search/l.png,stimuli/search/t.png,stimuli/search/t.png,stimuli/search/b.png,"[-0.23833333333333334,0.4077055811808362]","[-0.17833333333333334,0.356051431411745]","[0.17833333333333334,0.3655997572627938]","[0.23833333333333334,0.3492695072016023]","[0.17833333333333334,-0.3328018268811937]","[0.23833333333333334,-0.33793853439301696]","[-0.23833333333333334,-0.38903909057989]","[-0.17833333333333334,-0.35888413184596457]",0,,,,,,,,,,,,,,,,,,,,,,,,,,,,,,,,,,,,,,,,,,,,,,,,,,,,,,,2,0,2,0,1,,,,,,,,,,
,,,,,,,,,,,,5f08dafa392f74145122c0ee,13/10/1999,2020-08-27_18h40.23.296,proactive3.1,2020.1.2,Win32,60,5f47c29a48bd2a1e651a6eb7,5f47ede75080c61345c5990b,4,,,,,,,,,,,,,,,,,,,,,,,,,,,,,,,,,,,,,,,,,,stimuli/search/t.png,stimuli/search/b.png,stimuli/search/b.png,stimuli/search/t.png,stimuli/search/b.png,stimuli/search/t.png,stimuli/search/r.png,stimuli/search/b.png,"[-0.23833333333333334,0.3969812767604495]","[-0.17833333333333334,0.4135887883647845]","[0.17833333333333334,0.3491635700952006]","[0.23833333333333334,0.3698120895788742]","[0.17833333333333334,-0.4027863899474607]","[0.23833333333333334,-0.3862940353197346]","[-0.23833333333333334,-0.3669944221121498]","[-0.17833333333333334,-0.3722181165813299]",1,,,,,,,,,,,,,,,,,,,,,,,,,,,,,,,,,,,,,,,,,,,,,,,,,,,,,,,3,0,3,0,1,,,,,,,,,,
,,,,,,,,,,,,5f08dafa392f74145122c0ee,13/10/1999,2020-08-27_18h40.23.296,proactive3.1,2020.1.2,Win32,60,5f47c29a48bd2a1e651a6eb7,5f47ede75080c61345c5990b,4,,,,,,,,,,,,,,,,,,,,,,,,,,,,,,,,,,,,,,,,,,,,,,,,,,,,,,,,,,,,,,,,,,,,,,,,,,,,,,,,,,,,,,,,,,,,,,,,,,,,,,,,,,,,,,,,,,,,,,0,0,0,0,1,,,,,
,,,,,,,,,,,,5f08dafa392f74145122c0ee,13/10/1999,2020-08-27_18h40.23.296,proactive3.1,2020.1.2,Win32,60,5f47c29a48bd2a1e651a6eb7,5f47ede75080c61345c5990b,4,,,,,,,,,,,,,,,,,,,,,,,,,,,,,,,,,,,,,,,,,,,,,,,,,,,,,,,,,,,,,,,,,,,,,,,,,,,,,,,,,,,,,,,,,,,,,,,,,,,,,,,,,,,,,,,,,,,,,,1,0,1,0,1,,,,,
,,,,,,,,,,,,5f08dafa392f74145122c0ee,13/10/1999,2020-08-27_18h40.23.296,proactive3.1,2020.1.2,Win32,60,5f47c29a48bd2a1e651a6eb7,5f47ede75080c61345c5990b,4,,,,,,,,,,,,,,,,,,,,,,,,,,,,,,,,,,,,,,,,,,,,,,,,,,,,,,,,,,,,,,,,,,,,,,,,,,,,,,,,,,,,,,,,,,,,,,,,,,,,,,,,,,,,,,,,,,,,,,2,0,2,0,1,,,,,
,,,,,,,,,,,,5f08dafa392f74145122c0ee,13/10/1999,2020-08-27_18h40.23.296,proactive3.1,2020.1.2,Win32,60,5f47c29a48bd2a1e651a6eb7,5f47ede75080c61345c5990b,4,,,,,,,,,,,,,,,,,5,,,,,,,,,,,,,,,,,,,,,,,,,,,,,,,,,,,,,,,,,,,,,,,,,,,,,,,,,,,?,0.00089,2,FALSE,?,0.000795,3,FALSE,?,0.00064,1,FALSE,?,0.0006,0,FALSE,,,,,,SPIRIT,sunflower,stimuli/images/PICTURE_141.png,new-new,FEET,cart,stimuli/images/PICTURE_248.png,new-new,PENNY,tray,stimuli/images/PICTURE_151.png,new-new,MONTH,backpack,stimuli/images/PICTURE_339.png,new-new,,,,,,,,,,,0,52,52,79,1
,,,,,,,,,,,,5f08dafa392f74145122c0ee,13/10/1999,2020-08-27_18h40.23.296,proactive3.1,2020.1.2,Win32,60,5f47c29a48bd2a1e651a6eb7,5f47ede75080c61345c5990b,4,,,,,,,,,,,,,,,,,,,,,,,,,,,,,,,,,,,,,,,,,,stimuli/search/b.png,stimuli/search/t.png,stimuli/search/t.png,stimuli/search/b.png,stimuli/search/t.png,stimuli/search/b.png,stimuli/search/r.png,stimuli/search/t.png,"[-0.23833333333333334,0.37982380859644904]","[-0.17833333333333334,0.3706567456367777]","[0.17833333333333334,0.3787007065855475]","[0.23833333333333334,0.3504787869910391]","[0.17833333333333334,-0.3475814046559182]","[0.23833333333333334,-0.33763513223098557]","[-0.23833333333333334,-0.324375770144408]","[-0.17833333333333334,-0.4037782267542483]",1,,,,,,,,,,,,,,,,,,,,,,,,,,,,,,,,,,,,,,,,,,,,,,,,,,,,,,,0,0,0,0,1,,,,,,,,,,
,,,,,,,,,,,,5f08dafa392f74145122c0ee,13/10/1999,2020-08-27_18h40.23.296,proactive3.1,2020.1.2,Win32,60,5f47c29a48bd2a1e651a6eb7,5f47ede75080c61345c5990b,4,,,,,,,,,,,,,,,,,,,,,,,,,,,,,,,,,,,,,,,,,,stimuli/search/t.png,stimuli/search/r.png,stimuli/search/t.png,stimuli/search/b.png,stimuli/search/t.png,stimuli/search/b.png,stimuli/search/t.png,stimuli/search/b.png,"[-0.23833333333333334,0.37510922579774053]","[-0.17833333333333334,0.3973602074085934]","[0.17833333333333334,0.33095771341032837]","[0.23833333333333334,0.3386894618008989]","[0.17833333333333334,-0.3915493469546749]","[0.23833333333333334,-0.3786594217138443]","[-0.23833333333333334,-0.41201538388836745]","[-0.17833333333333334,-0.39481834595979104]",1,,,,,,,,,,,,,,,,,,,,,,,,,,,,,,,,,,,,,,,,,,,,,,,,,,,,,,,1,0,1,0,1,,,,,,,,,,
,,,,,,,,,,,,5f08dafa392f74145122c0ee,13/10/1999,2020-08-27_18h40.23.296,proactive3.1,2020.1.2,Win32,60,5f47c29a48bd2a1e651a6eb7,5f47ede75080c61345c5990b,4,,,,,,,,,,,,,,,,,,,,,,,,,,,,,,,,,,,,,,,,,,stimuli/search/l.png,stimuli/search/t.png,stimuli/search/t.png,stimuli/search/b.png,stimuli/search/t.png,stimuli/search/b.png,stimuli/search/t.png,stimuli/search/b.png,"[-0.23833333333333334,0.38976056744761467]","[-0.17833333333333334,0.39056152965667523]","[0.17833333333333334,0.38794580720791594]","[0.23833333333333334,0.3344046418073532]","[0.17833333333333334,-0.4150198290255567]","[0.23833333333333334,-0.3904608973187543]","[-0.23833333333333334,-0.41378170886633847]","[-0.17833333333333334,-0.3699366188524808]",0,,,,,,,,,,,,,,,,,,,,,,,,,,,,,,,,,,,,,,,,,,,,,,,,,,,,,,,2,0,2,0,1,,,,,,,,,,
,,,,,,,,,,,,5f08dafa392f74145122c0ee,13/10/1999,2020-08-27_18h40.23.296,proactive3.1,2020.1.2,Win32,60,5f47c29a48bd2a1e651a6eb7,5f47ede75080c61345c5990b,4,,,,,,,,,,,,,,,,,,,,,,,,,,,,,,,,,,,,,,,,,,stimuli/search/t.png,stimuli/search/b.png,stimuli/search/b.png,stimuli/search/t.png,stimuli/search/t.png,stimuli/search/r.png,stimuli/search/t.png,stimuli/search/b.png,"[-0.23833333333333334,0.39261014936266625]","[-0.17833333333333334,0.3395763460638691]","[0.17833333333333334,0.3587190020895109]","[0.23833333333333334,0.3426731007227836]","[0.17833333333333334,-0.3826923463470343]","[0.23833333333333334,-0.36275922757989526]","[-0.23833333333333334,-0.3524409406241269]","[-0.17833333333333334,-0.36448438061058325]",1,,,,,,,,,,,,,,,,,,,,,,,,,,,,,,,,,,,,,,,,,,,,,,,,,,,,,,,3,0,3,0,1,,,,,,,,,,
,,,,,,,,,,,,5f08dafa392f74145122c0ee,13/10/1999,2020-08-27_18h40.23.296,proactive3.1,2020.1.2,Win32,60,5f47c29a48bd2a1e651a6eb7,5f47ede75080c61345c5990b,4,,,,,,,,,,,,,,,,,,,,,,,,,,,,,,,,,,,,,,,,,,,,,,,,,,,,,,,,,,,,,,,,,,,,,,,,,,,,,,,,,,,,,,,,,,,,,,,,,,,,,,,,,,,,,,,,,,,,,,0,0,0,0,1,,,,,
,,,,,,,,,,,,5f08dafa392f74145122c0ee,13/10/1999,2020-08-27_18h40.23.296,proactive3.1,2020.1.2,Win32,60,5f47c29a48bd2a1e651a6eb7,5f47ede75080c61345c5990b,4,,,,,,,,,,,,,,,,,,,,,,,,,,,,,,,,,,,,,,,,,,,,,,,,,,,,,,,,,,,,,,,,,,,,,,,,,,,,,,,,,,,,,,,,,,,,,,,,,,,,,,,,,,,,,,,,,,,,,,1,0,1,0,1,,,,,
,,,,,,,,,,,,5f08dafa392f74145122c0ee,13/10/1999,2020-08-27_18h40.23.296,proactive3.1,2020.1.2,Win32,60,5f47c29a48bd2a1e651a6eb7,5f47ede75080c61345c5990b,4,,,,,,,,,,,,,,,,,,,,,,,,,,,,,,,,,,,,,,,,,,,,,,,,,,,,,,,,,,,,,,,,,,,,,,,,,,,,,,,,,,,,,,,,,,,,,,,,,,,,,,,,,,,,,,,,,,,,,,2,0,2,0,1,,,,,
,,,,,,,,,,,,5f08dafa392f74145122c0ee,13/10/1999,2020-08-27_18h40.23.296,proactive3.1,2020.1.2,Win32,60,5f47c29a48bd2a1e651a6eb7,5f47ede75080c61345c5990b,4,,,,,,,,,,,,,,,,,6,,,,,,,,,,,,,,,,,,,,,,,,,,,,,,,,,,,,,,,,,,,,,,,,,,,,,,,,,,,?,0.000865,0,FALSE,?,0.00074,2,FALSE,?,0.00058,1,FALSE,?,0.001045,3,FALSE,,,,,,CLIENT,peg,stimuli/images/PICTURE_467.png,old-new,CANDY,stamp,stimuli/images/PICTURE_57.png,match,RECORD,dart,stimuli/images/PICTURE_123.png,mis-match,CARS,motorbike,stimuli/images/PICTURE_470.png,new-new,,,,,,,,,,,0,53,53,86,1
,,,,,,,,,,,,5f08dafa392f74145122c0ee,13/10/1999,2020-08-27_18h40.23.296,proactive3.1,2020.1.2,Win32,60,5f47c29a48bd2a1e651a6eb7,5f47ede75080c61345c5990b,4,,,,,,,,,,,,,,,,,,,,,,,,,,,,,,,,,,,,,,,,,,stimuli/search/b.png,stimuli/search/t.png,stimuli/search/b.png,stimuli/search/r.png,stimuli/search/t.png,stimuli/search/b.png,stimuli/search/b.png,stimuli/search/t.png,"[-0.23833333333333334,0.37515465860605274]","[-0.17833333333333334,0.3679027239251991]","[0.17833333333333334,0.3991668577500882]","[0.23833333333333334,0.40219292698171977]","[0.17833333333333334,-0.4106787142132816]","[0.23833333333333334,-0.33424780871228915]","[-0.23833333333333334,-0.3880582790709911]","[-0.17833333333333334,-0.4001545493924096]",1,,,,,,,,,,,,,,,,,,,,,,,,,,,,,,,,,,,,,,,,,,,,,,,,,,,,,,,0,0,0,0,1,,,,,,,,,,
,,,,,,,,,,,,5f08dafa392f74145122c0ee,13/10/1999,2020-08-27_18h40.23.296,proactive3.1,2020.1.2,Win32,60,5f47c29a48bd2a1e651a6eb7,5f47ede75080c61345c5990b,4,,,,,,,,,,,,,,,,,,,,,,,,,,,,,,,,,,,,,,,,,,stimuli/search/t.png,stimuli/search/l.png,stimuli/search/b.png,stimuli/search/t.png,stimuli/search/t.png,stimuli/search/b.png,stimuli/search/t.png,stimuli/search/b.png,"[-0.23833333333333334,0.33142614610119386]","[-0.17833333333333334,0.39262238816006706]","[0.17833333333333334,0.3518513064203412]","[0.23833333333333334,0.3738250794809307]","[0.17833333333333334,-0.4071863099942333]","[0.23833333333333334,-0.3665382402217288]","[-0.23833333333333334,-0.3303459135162726]","[-0.17833333333333334,-0.4064027571093587]",0,,,,,,,,,,,,,,,,,,,,,,,,,,,,,,,,,,,,,,,,,,,,,,,,,,,,,,,1,0,1,0,1,,,,,,,,,,
,,,,,,,,,,,,5f08dafa392f74145122c0ee,13/10/1999,2020-08-27_18h40.23.296,proactive3.1,2020.1.2,Win32,60,5f47c29a48bd2a1e651a6eb7,5f47ede75080c61345c5990b,4,,,,,,,,,,,,,,,,,,,,,,,,,,,,,,,,,,,,,,,,,,stimuli/search/b.png,stimuli/search/t.png,stimuli/search/t.png,stimuli/search/b.png,stimuli/search/t.png,stimuli/search/b.png,stimuli/search/l.png,stimuli/search/b.png,"[-0.23833333333333334,0.3937105292247869]","[-0.17833333333333334,0.3627193804835341]","[0.17833333333333334,0.3349213369796507]","[0.23833333333333334,0.37007644560734576]","[0.17833333333333334,-0.3703720500918242]","[0.23833333333333334,-0.33770805824020794]","[-0.23833333333333334,-0.407881935688552]","[-0.17833333333333334,-0.3745155518289948]",0,,,,,,,,,,,,,,,,,,,,,,,,,,,,,,,,,,,,,,,,,,,,,,,,,,,,,,,2,0,2,0,1,,,,,,,,,,
,,,,,,,,,,,,5f08dafa392f74145122c0ee,13/10/1999,2020-08-27_18h40.23.296,proactive3.1,2020.1.2,Win32,60,5f47c29a48bd2a1e651a6eb7,5f47ede75080c61345c5990b,4,,,,,,,,,,,,,,,,,,,,,,,,,,,,,,,,,,,,,,,,,,stimuli/search/b.png,stimuli/search/t.png,stimuli/search/t.png,stimuli/search/b.png,stimuli/search/t.png,stimuli/search/b.png,stimuli/search/l.png,stimuli/search/t.png,"[-0.23833333333333334,0.4157855749073877]","[-0.17833333333333334,0.3679545315326163]","[0.17833333333333334,0.40889129045780165]","[0.23833333333333334,0.3740816761171009]","[0.17833333333333334,-0.3295245076692431]","[0.23833333333333334,-0.37544268306044376]","[-0.23833333333333334,-0.3811445296076336]","[-0.17833333333333334,-0.3997184228427098]",0,,,,,,,,,,,,,,,,,,,,,,,,,,,,,,,,,,,,,,,,,,,,,,,,,,,,,,,3,0,3,0,1,,,,,,,,,,
,,,,,,,,,,,,5f08dafa392f74145122c0ee,13/10/1999,2020-08-27_18h40.23.296,proactive3.1,2020.1.2,Win32,60,5f47c29a48bd2a1e651a6eb7,5f47ede75080c61345c5990b,4,,,,,,,,,,,,,,,,,,,,,,,,,,,,,,,,,,,,,,,,,,,,,,,,,,,,,,,,,,,,,,,,,,,,,,,,,,,,,,,,,,,,,,,,,,,,,,,,,,,,,,,,,,,,,,,,,,,,,,0,0,0,0,1,,,,,
,,,,,,,,,,,,5f08dafa392f74145122c0ee,13/10/1999,2020-08-27_18h40.23.296,proactive3.1,2020.1.2,Win32,60,5f47c29a48bd2a1e651a6eb7,5f47ede75080c61345c5990b,4,,,,,,,,,,,,,,,,,,,,,,,,,,,,,,,,,,,,,,,,,,,,,,,,,,,,,,,,,,,,,,,,,,,,,,,,,,,,,,,,,,,,,,,,,,,,,,,,,,,,,,,,,,,,,,,,,,,,,,1,0,1,0,1,,,,,
,,,,,,,,,,,,5f08dafa392f74145122c0ee,13/10/1999,2020-08-27_18h40.23.296,proactive3.1,2020.1.2,Win32,60,5f47c29a48bd2a1e651a6eb7,5f47ede75080c61345c5990b,4,,,,,,,,,,,,,,,,,,,,,,,,,,,,,,,,,,,,,,,,,,,,,,,,,,,,,,,,,,,,,,,,,,,,,,,,,,,,,,,,,,,,,,,,,,,,,,,,,,,,,,,,,,,,,,,,,,,,,,2,0,2,0,1,,,,,
,,,,,,,,,,,,5f08dafa392f74145122c0ee,13/10/1999,2020-08-27_18h40.23.296,proactive3.1,2020.1.2,Win32,60,5f47c29a48bd2a1e651a6eb7,5f47ede75080c61345c5990b,4,,,,,,,,,,,,,,,,,5,,,,,,,,,,,,,,,,,,,,,,,,,,,,,,,,,,,,,,,,,,,,,,,,,,,,,,,,,,,?,0.00083,2,FALSE,?,0.0008,0,FALSE,?,0.000865,3,FALSE,?,0.00094,1,FALSE,,,,,,AGENT,watch,stimuli/images/PICTURE_452.png,new-new,WOMEN,stamp,stimuli/images/PICTURE_57.png,new-new,CASINO,pepper,stimuli/images/PICTURE_348.png,new-new,YARD,wheelbarrow,stimuli/images/PICTURE_160.png,new-new,,,,,,,,,,,0,54,54,76,1
,,,,,,,,,,,,5f08dafa392f74145122c0ee,13/10/1999,2020-08-27_18h40.23.296,proactive3.1,2020.1.2,Win32,60,5f47c29a48bd2a1e651a6eb7,5f47ede75080c61345c5990b,4,,,,,,,,,,,,,,,,,,,,,,,,,,,,,,,,,,,,,,,,,,stimuli/search/b.png,stimuli/search/t.png,stimuli/search/b.png,stimuli/search/t.png,stimuli/search/l.png,stimuli/search/b.png,stimuli/search/b.png,stimuli/search/t.png,"[-0.23833333333333334,0.3536342540810598]","[-0.17833333333333334,0.35456066538919323]","[0.17833333333333334,0.38325753957207226]","[0.23833333333333334,0.3285884415362638]","[0.17833333333333334,-0.3632334209141144]","[0.23833333333333334,-0.38560018114736466]","[-0.23833333333333334,-0.3451836206824653]","[-0.17833333333333334,-0.33635619722149585]",0,,,,,,,,,,,,,,,,,,,,,,,,,,,,,,,,,,,,,,,,,,,,,,,,,,,,,,,0,0,0,0,1,,,,,,,,,,
,,,,,,,,,,,,5f08dafa392f74145122c0ee,13/10/1999,2020-08-27_18h40.23.296,proactive3.1,2020.1.2,Win32,60,5f47c29a48bd2a1e651a6eb7,5f47ede75080c61345c5990b,4,,,,,,,,,,,,,,,,,,,,,,,,,,,,,,,,,,,,,,,,,,stimuli/search/t.png,stimuli/search/b.png,stimuli/search/b.png,stimuli/search/t.png,stimuli/search/t.png,stimuli/search/l.png,stimuli/search/t.png,stimuli/search/b.png,"[-0.23833333333333334,0.370247529053962]","[-0.17833333333333334,0.3905209203890459]","[0.17833333333333334,0.3462923517310253]","[0.23833333333333334,0.38877949602081563]","[0.17833333333333334,-0.3923402606860017]","[0.23833333333333334,-0.3668423605040324]","[-0.23833333333333334,-0.38338067914974194]","[-0.17833333333333334,-0.38842439337591017]",0,,,,,,,,,,,,,,,,,,,,,,,,,,,,,,,,,,,,,,,,,,,,,,,,,,,,,,,1,0,1,0,1,,,,,,,,,,
,,,,,,,,,,,,5f08dafa392f74145122c0ee,13/10/1999,2020-08-27_18h40.23.296,proactive3.1,2020.1.2,Win32,60,5f47c29a48bd2a1e651a6eb7,5f47ede75080c61345c5990b,4,,,,,,,,,,,,,,,,,,,,,,,,,,,,,,,,,,,,,,,,,,stimuli/search/b.png,stimuli/search/t.png,stimuli/search/t.png,stimuli/search/b.png,stimuli/search/b.png,stimuli/search/t.png,stimuli/search/r.png,stimuli/search/b.png,"[-0.23833333333333334,0.33920219916771477]","[-0.17833333333333334,0.3605472655329478]","[0.17833333333333334,0.34921960674169494]","[0.23833333333333334,0.37793528467678894]","[0.17833333333333334,-0.35020671143112186]","[0.23833333333333334,-0.37304065046583773]","[-0.23833333333333334,-0.3855892566301555]","[-0.17833333333333334,-0.3917841720806661]",1,,,,,,,,,,,,,,,,,,,,,,,,,,,,,,,,,,,,,,,,,,,,,,,,,,,,,,,2,0,2,0,1,,,,,,,,,,
,,,,,,,,,,,,5f08dafa392f74145122c0ee,13/10/1999,2020-08-27_18h40.23.296,proactive3.1,2020.1.2,Win32,60,5f47c29a48bd2a1e651a6eb7,5f47ede75080c61345c5990b,4,,,,,,,,,,,,,,,,,,,,,,,,,,,,,,,,,,,,,,,,,,stimuli/search/t.png,stimuli/search/b.png,stimuli/search/b.png,stimuli/search/l.png,stimuli/search/t.png,stimuli/search/b.png,stimuli/search/t.png,stimuli/search/b.png,"[-0.23833333333333334,0.37447986567424074]","[-0.17833333333333334,0.3627297654878674]","[0.17833333333333334,0.3676957563208582]","[0.23833333333333334,0.3265328470681643]","[0.17833333333333334,-0.4115769368702003]","[0.23833333333333334,-0.37094536338747397]","[-0.23833333333333334,-0.38208587665509913]","[-0.17833333333333334,-0.38750573866791355]",0,,,,,,,,,,,,,,,,,,,,,,,,,,,,,,,,,,,,,,,,,,,,,,,,,,,,,,,3,0,3,0,1,,,,,,,,,,
,,,,,,,,,,,,5f08dafa392f74145122c0ee,13/10/1999,2020-08-27_18h40.23.296,proactive3.1,2020.1.2,Win32,60,5f47c29a48bd2a1e651a6eb7,5f47ede75080c61345c5990b,4,,,,,,,,,,,,,,,,,,,,,,,,,,,,,,,,,,,,,,,,,,,,,,,,,,,,,,,,,,,,,,,,,,,,,,,,,,,,,,,,,,,,,,,,,,,,,,,,,,,,,,,,,,,,,,,,,,,,,,0,0,0,0,1,,,,,
,,,,,,,,,,,,5f08dafa392f74145122c0ee,13/10/1999,2020-08-27_18h40.23.296,proactive3.1,2020.1.2,Win32,60,5f47c29a48bd2a1e651a6eb7,5f47ede75080c61345c5990b,4,,,,,,,,,,,,,,,,,,,,,,,,,,,,,,,,,,,,,,,,,,,,,,,,,,,,,,,,,,,,,,,,,,,,,,,,,,,,,,,,,,,,,,,,,,,,,,,,,,,,,,,,,,,,,,,,,,,,,,1,0,1,0,1,,,,,
,,,,,,,,,,,,5f08dafa392f74145122c0ee,13/10/1999,2020-08-27_18h40.23.296,proactive3.1,2020.1.2,Win32,60,5f47c29a48bd2a1e651a6eb7,5f47ede75080c61345c5990b,4,,,,,,,,,,,,,,,,,,,,,,,,,,,,,,,,,,,,,,,,,,,,,,,,,,,,,,,,,,,,,,,,,,,,,,,,,,,,,,,,,,,,,,,,,,,,,,,,,,,,,,,,,,,,,,,,,,,,,,2,0,2,0,1,,,,,
,,,,,,,,,,,,5f08dafa392f74145122c0ee,13/10/1999,2020-08-27_18h40.23.296,proactive3.1,2020.1.2,Win32,60,5f47c29a48bd2a1e651a6eb7,5f47ede75080c61345c5990b,4,,,,,,,,,,,,,,,,,2,,,,,,,,,,,,,,,,,,,,,,,,,,,,,,,,,,,,,,,,,,,,,,,,,,,,,,,,,,,?,0.00086,3,FALSE,?,0.00067,2,FALSE,?,0.000735,1,FALSE,?,0.000705,0,FALSE,,,,,,FLESH,balcony,stimuli/images/PICTURE_63.png,new-new,SERIES,coin,stimuli/images/PICTURE_383.png,new-new,IDEAS,candle,stimuli/images/PICTURE_68.png,new-new,STYLE,pawn,stimuli/images/PICTURE_356.png,new-new,,,,,,,,,,,0,55,55,29,1
,,,,,,,,,,,,5f08dafa392f74145122c0ee,13/10/1999,2020-08-27_18h40.23.296,proactive3.1,2020.1.2,Win32,60,5f47c29a48bd2a1e651a6eb7,5f47ede75080c61345c5990b,4,,,,,,,,,,,,,,,,,,,,,,,,,,,,,,,,,,,,,,,,,,stimuli/search/b.png,stimuli/search/t.png,stimuli/search/l.png,stimuli/search/b.png,stimuli/search/b.png,stimuli/search/t.png,stimuli/search/b.png,stimuli/search/t.png,"[-0.23833333333333334,0.32460333642029765]","[-0.17833333333333334,0.3631907869318281]","[0.17833333333333334,0.41442840341567516]","[0.23833333333333334,0.3436128475970269]","[0.17833333333333334,-0.34812812333249593]","[0.23833333333333334,-0.40757600778030517]","[-0.23833333333333334,-0.3504481247880662]","[-0.17833333333333334,-0.3700087493977312]",0,,,,,,,,,,,,,,,,,,,,,,,,,,,,,,,,,,,,,,,,,,,,,,,,,,,,,,,0,0,0,0,1,,,,,,,,,,
,,,,,,,,,,,,5f08dafa392f74145122c0ee,13/10/1999,2020-08-27_18h40.23.296,proactive3.1,2020.1.2,Win32,60,5f47c29a48bd2a1e651a6eb7,5f47ede75080c61345c5990b,4,,,,,,,,,,,,,,,,,,,,,,,,,,,,,,,,,,,,,,,,,,stimuli/search/t.png,stimuli/search/b.png,stimuli/search/b.png,stimuli/search/t.png,stimuli/search/b.png,stimuli/search/l.png,stimuli/search/t.png,stimuli/search/b.png,"[-0.23833333333333334,0.36478854031564567]","[-0.17833333333333334,0.4020319679122634]","[0.17833333333333334,0.35112874053558946]","[0.23833333333333334,0.35434648052478623]","[0.17833333333333334,-0.34312502806707024]","[0.23833333333333334,-0.38900289374103175]","[-0.23833333333333334,-0.33898112214904297]","[-0.17833333333333334,-0.3994372705807835]",0,,,,,,,,,,,,,,,,,,,,,,,,,,,,,,,,,,,,,,,,,,,,,,,,,,,,,,,1,0,1,0,1,,,,,,,,,,
,,,,,,,,,,,,5f08dafa392f74145122c0ee,13/10/1999,2020-08-27_18h40.23.296,proactive3.1,2020.1.2,Win32,60,5f47c29a48bd2a1e651a6eb7,5f47ede75080c61345c5990b,4,,,,,,,,,,,,,,,,,,,,,,,,,,,,,,,,,,,,,,,,,,stimuli/search/t.png,stimuli/search/b.png,stimuli/search/t.png,stimuli/search/b.png,stimuli/search/r.png,stimuli/search/b.png,stimuli/search/b.png,stimuli/search/t.png,"[-0.23833333333333334,0.38238911912913903]","[-0.17833333333333334,0.3715267771892973]","[0.17833333333333334,0.3599786593739802]","[0.23833333333333334,0.3892047018701362]","[0.17833333333333334,-0.4116398012898954]","[0.23833333333333334,-0.3564248503554725]","[-0.23833333333333334,-0.32802746980130004]","[-0.17833333333333334,-0.32426768743118706]",1,,,,,,,,,,,,,,,,,,,,,,,,,,,,,,,,,,,,,,,,,,,,,,,,,,,,,,,2,0,2,0,1,,,,,,,,,,
,,,,,,,,,,,,5f08dafa392f74145122c0ee,13/10/1999,2020-08-27_18h40.23.296,proactive3.1,2020.1.2,Win32,60,5f47c29a48bd2a1e651a6eb7,5f47ede75080c61345c5990b,4,,,,,,,,,,,,,,,,,,,,,,,,,,,,,,,,,,,,,,,,,,stimuli/search/b.png,stimuli/search/t.png,stimuli/search/l.png,stimuli/search/b.png,stimuli/search/t.png,stimuli/search/b.png,stimuli/search/b.png,stimuli/search/t.png,"[-0.23833333333333334,0.3771893967438968]","[-0.17833333333333334,0.3785987624448411]","[0.17833333333333334,0.38836748271663013]","[0.23833333333333334,0.3546049605292618]","[0.17833333333333334,-0.3770982187479033]","[0.23833333333333334,-0.3767176016031958]","[-0.23833333333333334,-0.39708897186819586]","[-0.17833333333333334,-0.38723923505775604]",0,,,,,,,,,,,,,,,,,,,,,,,,,,,,,,,,,,,,,,,,,,,,,,,,,,,,,,,3,0,3,0,1,,,,,,,,,,
,,,,,,,,,,,,5f08dafa392f74145122c0ee,13/10/1999,2020-08-27_18h40.23.296,proactive3.1,2020.1.2,Win32,60,5f47c29a48bd2a1e651a6eb7,5f47ede75080c61345c5990b,4,,,,,,,,,,,,,,,,,,,,,,,,,,,,,,,,,,,,,,,,,,,,,,,,,,,,,,,,,,,,,,,,,,,,,,,,,,,,,,,,,,,,,,,,,,,,,,,,,,,,,,,,,,,,,,,,,,,,,,0,0,0,0,1,,,,,
,,,,,,,,,,,,5f08dafa392f74145122c0ee,13/10/1999,2020-08-27_18h40.23.296,proactive3.1,2020.1.2,Win32,60,5f47c29a48bd2a1e651a6eb7,5f47ede75080c61345c5990b,4,,,,,,,,,,,,,,,,,,,,,,,,,,,,,,,,,,,,,,,,,,,,,,,,,,,,,,,,,,,,,,,,,,,,,,,,,,,,,,,,,,,,,,,,,,,,,,,,,,,,,,,,,,,,,,,,,,,,,,1,0,1,0,1,,,,,
,,,,,,,,,,,,5f08dafa392f74145122c0ee,13/10/1999,2020-08-27_18h40.23.296,proactive3.1,2020.1.2,Win32,60,5f47c29a48bd2a1e651a6eb7,5f47ede75080c61345c5990b,4,,,,,,,,,,,,,,,,,,,,,,,,,,,,,,,,,,,,,,,,,,,,,,,,,,,,,,,,,,,,,,,,,,,,,,,,,,,,,,,,,,,,,,,,,,,,,,,,,,,,,,,,,,,,,,,,,,,,,,2,0,2,0,1,,,,,
,,,,,,,,,,,,5f08dafa392f74145122c0ee,13/10/1999,2020-08-27_18h40.23.296,proactive3.1,2020.1.2,Win32,60,5f47c29a48bd2a1e651a6eb7,5f47ede75080c61345c5990b,4,,,,,,,,,,,,,,,,,6,,,,,,,,,,,,,,,,,,,,,,,,,,,,,,,,,,,,,,,,,,,,,,,,,,,,,,,,,,,?,0.00077,0,FALSE,?,0.000645,3,FALSE,?,0.0009,1,FALSE,?,0.00081,2,FALSE,,,,,,ADVICE,calendar,stimuli/images/PICTURE_108.png,mis-match,DIRT,ring,stimuli/images/PICTURE_744.png,old-new,LOTS,spoon,stimuli/images/PICTURE_564.png,new-new,ROOF,basket,stimuli/images/PICTURE_487.png,match,,,,,,,,,,,0,56,56,89,1
,,,,,,,,,,,,5f08dafa392f74145122c0ee,13/10/1999,2020-08-27_18h40.23.296,proactive3.1,2020.1.2,Win32,60,5f47c29a48bd2a1e651a6eb7,5f47ede75080c61345c5990b,4,,,,,,,,,,,,,,,,,,,,,,,,,,,,,,,,,,,,,,,,,,stimuli/search/t.png,stimuli/search/b.png,stimuli/search/t.png,stimuli/search/l.png,stimuli/search/t.png,stimuli/search/b.png,stimuli/search/b.png,stimuli/search/t.png,"[-0.23833333333333334,0.38851363170564357]","[-0.17833333333333334,0.416633196024218]","[0.17833333333333334,0.3637701305381426]","[0.23833333333333334,0.3640799263997303]","[0.17833333333333334,-0.33334810484110106]","[0.23833333333333334,-0.3914647802655687]","[-0.23833333333333334,-0.38494470406070114]","[-0.17833333333333334,-0.39987238680998116]",0,,,,,,,,,,,,,,,,,,,,,,,,,,,,,,,,,,,,,,,,,,,,,,,,,,,,,,,0,0,0,0,1,,,,,,,,,,
,,,,,,,,,,,,5f08dafa392f74145122c0ee,13/10/1999,2020-08-27_18h40.23.296,proactive3.1,2020.1.2,Win32,60,5f47c29a48bd2a1e651a6eb7,5f47ede75080c61345c5990b,4,,,,,,,,,,,,,,,,,,,,,,,,,,,,,,,,,,,,,,,,,,stimuli/search/t.png,stimuli/search/b.png,stimuli/search/r.png,stimuli/search/b.png,stimuli/search/t.png,stimuli/search/b.png,stimuli/search/b.png,stimuli/search/t.png,"[-0.23833333333333334,0.3903423526620921]","[-0.17833333333333334,0.37102479183826503]","[0.17833333333333334,0.36716216299499077]","[0.23833333333333334,0.4083233527576903]","[0.17833333333333334,-0.3692259316870031]","[0.23833333333333334,-0.3535021905143239]","[-0.23833333333333334,-0.34267075035890354]","[-0.17833333333333334,-0.3781963288042134]",1,,,,,,,,,,,,,,,,,,,,,,,,,,,,,,,,,,,,,,,,,,,,,,,,,,,,,,,1,0,1,0,1,,,,,,,,,,
,,,,,,,,,,,,5f08dafa392f74145122c0ee,13/10/1999,2020-08-27_18h40.23.296,proactive3.1,2020.1.2,Win32,60,5f47c29a48bd2a1e651a6eb7,5f47ede75080c61345c5990b,4,,,,,,,,,,,,,,,,,,,,,,,,,,,,,,,,,,,,,,,,,,stimuli/search/b.png,stimuli/search/l.png,stimuli/search/t.png,stimuli/search/b.png,stimuli/search/b.png,stimuli/search/t.png,stimuli/search/b.png,stimuli/search/t.png,"[-0.23833333333333334,0.33060448422062505]","[-0.17833333333333334,0.3536041603842607]","[0.17833333333333334,0.33776239348024834]","[0.23833333333333334,0.39390324786757336]","[0.17833333333333334,-0.3529028567948875]","[0.23833333333333334,-0.4026708531879364]","[-0.23833333333333334,-0.3924035382100748]","[-0.17833333333333334,-0.38195104137410807]",0,,,,,,,,,,,,,,,,,,,,,,,,,,,,,,,,,,,,,,,,,,,,,,,,,,,,,,,2,0,2,0,1,,,,,,,,,,
,,,,,,,,,,,,5f08dafa392f74145122c0ee,13/10/1999,2020-08-27_18h40.23.296,proactive3.1,2020.1.2,Win32,60,5f47c29a48bd2a1e651a6eb7,5f47ede75080c61345c5990b,4,,,,,,,,,,,,,,,,,,,,,,,,,,,,,,,,,,,,,,,,,,stimuli/search/b.png,stimuli/search/t.png,stimuli/search/b.png,stimuli/search/t.png,stimuli/search/r.png,stimuli/search/b.png,stimuli/search/t.png,stimuli/search/b.png,"[-0.23833333333333334,0.3973375239063941]","[-0.17833333333333334,0.3589623891842683]","[0.17833333333333334,0.3822373186426092]","[0.23833333333333334,0.3827642523405049]","[0.17833333333333334,-0.33240772315117517]","[0.23833333333333334,-0.3604229143481462]","[-0.23833333333333334,-0.3359493572785376]","[-0.17833333333333334,-0.40452713899514264]",1,,,,,,,,,,,,,,,,,,,,,,,,,,,,,,,,,,,,,,,,,,,,,,,,,,,,,,,3,0,3,0,1,,,,,,,,,,
,,,,,,,,,,,,5f08dafa392f74145122c0ee,13/10/1999,2020-08-27_18h40.23.296,proactive3.1,2020.1.2,Win32,60,5f47c29a48bd2a1e651a6eb7,5f47ede75080c61345c5990b,4,,,,,,,,,,,,,,,,,,,,,,,,,,,,,,,,,,,,,,,,,,,,,,,,,,,,,,,,,,,,,,,,,,,,,,,,,,,,,,,,,,,,,,,,,,,,,,,,,,,,,,,,,,,,,,,,,,,,,,0,0,0,0,1,,,,,
,,,,,,,,,,,,5f08dafa392f74145122c0ee,13/10/1999,2020-08-27_18h40.23.296,proactive3.1,2020.1.2,Win32,60,5f47c29a48bd2a1e651a6eb7,5f47ede75080c61345c5990b,4,,,,,,,,,,,,,,,,,,,,,,,,,,,,,,,,,,,,,,,,,,,,,,,,,,,,,,,,,,,,,,,,,,,,,,,,,,,,,,,,,,,,,,,,,,,,,,,,,,,,,,,,,,,,,,,,,,,,,,1,0,1,0,1,,,,,
,,,,,,,,,,,,5f08dafa392f74145122c0ee,13/10/1999,2020-08-27_18h40.23.296,proactive3.1,2020.1.2,Win32,60,5f47c29a48bd2a1e651a6eb7,5f47ede75080c61345c5990b,4,,,,,,,,,,,,,,,,,,,,,,,,,,,,,,,,,,,,,,,,,,,,,,,,,,,,,,,,,,,,,,,,,,,,,,,,,,,,,,,,,,,,,,,,,,,,,,,,,,,,,,,,,,,,,,,,,,,,,,2,0,2,0,1,,,,,
,,,,,,,,,,,,5f08dafa392f74145122c0ee,13/10/1999,2020-08-27_18h40.23.296,proactive3.1,2020.1.2,Win32,60,5f47c29a48bd2a1e651a6eb7,5f47ede75080c61345c5990b,4,,,,,,,,,,,,,,,,,6,,,,,,,,,,,,,,,,,,,,,,,,,,,,,,,,,,,,,,,,,,,,,,,,,,,,,,,,,,,?,0.00082,0,FALSE,?,0.00063,2,FALSE,?,0.000775,1,FALSE,?,0.00079,3,FALSE,,,,,,NIGHT,perfume,stimuli/images/PICTURE_314.png,new-new,RIVER,tray,stimuli/images/PICTURE_151.png,new-new,WOMEN,watch,stimuli/images/PICTURE_452.png,new-new,CLOCK,runner,stimuli/images/PICTURE_688.png,new-new,,,,,,,,,,,0,57,57,94,1
,,,,,,,,,,,,5f08dafa392f74145122c0ee,13/10/1999,2020-08-27_18h40.23.296,proactive3.1,2020.1.2,Win32,60,5f47c29a48bd2a1e651a6eb7,5f47ede75080c61345c5990b,4,,,,,,,,,,,,,,,,,,,,,,,,,,,,,,,,,,,,,,,,,,stimuli/search/b.png,stimuli/search/t.png,stimuli/search/l.png,stimuli/search/t.png,stimuli/search/b.png,stimuli/search/t.png,stimuli/search/b.png,stimuli/search/t.png,"[-0.23833333333333334,0.3744564519567202]","[-0.17833333333333334,0.3733825037996714]","[0.17833333333333334,0.34336507704809144]","[0.23833333333333334,0.37580295424505894]","[0.17833333333333334,-0.3812526745504256]","[0.23833333333333334,-0.37867950590073357]","[-0.23833333333333334,-0.35131943292796625]","[-0.17833333333333334,-0.3364429405119177]",0,,,,,,,,,,,,,,,,,,,,,,,,,,,,,,,,,,,,,,,,,,,,,,,,,,,,,,,0,0,0,0,1,,,,,,,,,,
,,,,,,,,,,,,5f08dafa392f74145122c0ee,13/10/1999,2020-08-27_18h40.23.296,proactive3.1,2020.1.2,Win32,60,5f47c29a48bd2a1e651a6eb7,5f47ede75080c61345c5990b,4,,,,,,,,,,,,,,,,,,,,,,,,,,,,,,,,,,,,,,,,,,stimuli/search/t.png,stimuli/search/b.png,stimuli/search/r.png,stimuli/search/t.png,stimuli/search/b.png,stimuli/search/t.png,stimuli/search/t.png,stimuli/search/b.png,"[-0.23833333333333334,0.3287997711597718]","[-0.17833333333333334,0.35966504837065855]","[0.17833333333333334,0.38737516916607606]","[0.23833333333333334,0.3906711613952013]","[0.17833333333333334,-0.40907889759280297]","[0.23833333333333334,-0.3449329121060599]","[-0.23833333333333334,-0.3409456726755503]","[-0.17833333333333334,-0.3283554928159852]",1,,,,,,,,,,,,,,,,,,,,,,,,,,,,,,,,,,,,,,,,,,,,,,,,,,,,,,,1,0,1,0,1,,,,,,,,,,
,,,,,,,,,,,,5f08dafa392f74145122c0ee,13/10/1999,2020-08-27_18h40.23.296,proactive3.1,2020.1.2,Win32,60,5f47c29a48bd2a1e651a6eb7,5f47ede75080c61345c5990b,4,,,,,,,,,,,,,,,,,,,,,,,,,,,,,,,,,,,,,,,,,,stimuli/search/b.png,stimuli/search/l.png,stimuli/search/t.png,stimuli/search/b.png,stimuli/search/t.png,stimuli/search/b.png,stimuli/search/t.png,stimuli/search/b.png,"[-0.23833333333333334,0.36337031182993007]","[-0.17833333333333334,0.3305539277057027]","[0.17833333333333334,0.3914180392380928]","[0.23833333333333334,0.41106001351469873]","[0.17833333333333334,-0.3893353142002188]","[0.23833333333333334,-0.40774597730073125]","[-0.23833333333333334,-0.373660405035276]","[-0.17833333333333334,-0.37202754525205334]",0,,,,,,,,,,,,,,,,,,,,,,,,,,,,,,,,,,,,,,,,,,,,,,,,,,,,,,,2,0,2,0,1,,,,,,,,,,
,,,,,,,,,,,,5f08dafa392f74145122c0ee,13/10/1999,2020-08-27_18h40.23.296,proactive3.1,2020.1.2,Win32,60,5f47c29a48bd2a1e651a6eb7,5f47ede75080c61345c5990b,4,,,,,,,,,,,,,,,,,,,,,,,,,,,,,,,,,,,,,,,,,,stimuli/search/t.png,stimuli/search/b.png,stimuli/search/t.png,stimuli/search/r.png,stimuli/search/t.png,stimuli/search/b.png,stimuli/search/t.png,stimuli/search/b.png,"[-0.23833333333333334,0.3371141431823743]","[-0.17833333333333334,0.4095762003873413]","[0.17833333333333334,0.39524640696196095]","[0.23833333333333334,0.3487783847503796]","[0.17833333333333334,-0.3277118867166235]","[0.23833333333333334,-0.38346733062902305]","[-0.23833333333333334,-0.3518433559401068]","[-0.17833333333333334,-0.3274700063363778]",1,,,,,,,,,,,,,,,,,,,,,,,,,,,,,,,,,,,,,,,,,,,,,,,,,,,,,,,3,0,3,0,1,,,,,,,,,,
,,,,,,,,,,,,5f08dafa392f74145122c0ee,13/10/1999,2020-08-27_18h40.23.296,proactive3.1,2020.1.2,Win32,60,5f47c29a48bd2a1e651a6eb7,5f47ede75080c61345c5990b,4,,,,,,,,,,,,,,,,,,,,,,,,,,,,,,,,,,,,,,,,,,,,,,,,,,,,,,,,,,,,,,,,,,,,,,,,,,,,,,,,,,,,,,,,,,,,,,,,,,,,,,,,,,,,,,,,,,,,,,0,0,0,0,1,,,,,
,,,,,,,,,,,,5f08dafa392f74145122c0ee,13/10/1999,2020-08-27_18h40.23.296,proactive3.1,2020.1.2,Win32,60,5f47c29a48bd2a1e651a6eb7,5f47ede75080c61345c5990b,4,,,,,,,,,,,,,,,,,,,,,,,,,,,,,,,,,,,,,,,,,,,,,,,,,,,,,,,,,,,,,,,,,,,,,,,,,,,,,,,,,,,,,,,,,,,,,,,,,,,,,,,,,,,,,,,,,,,,,,1,0,1,0,1,,,,,
,,,,,,,,,,,,5f08dafa392f74145122c0ee,13/10/1999,2020-08-27_18h40.23.296,proactive3.1,2020.1.2,Win32,60,5f47c29a48bd2a1e651a6eb7,5f47ede75080c61345c5990b,4,,,,,,,,,,,,,,,,,,,,,,,,,,,,,,,,,,,,,,,,,,,,,,,,,,,,,,,,,,,,,,,,,,,,,,,,,,,,,,,,,,,,,,,,,,,,,,,,,,,,,,,,,,,,,,,,,,,,,,2,0,2,0,1,,,,,
,,,,,,,,,,,,5f08dafa392f74145122c0ee,13/10/1999,2020-08-27_18h40.23.296,proactive3.1,2020.1.2,Win32,60,5f47c29a48bd2a1e651a6eb7,5f47ede75080c61345c5990b,4,,,,,,,,,,,,,,,,,1,,,,,,,,,,,,,,,,,,,,,,,,,,,,,,,,,,,,,,,,,,,,,,,,,,,,,,,,,,,?,0.00073,2,FALSE,?,0.000755,0,FALSE,?,0.000785,1,FALSE,?,0.000635,3,FALSE,,,,,,MONTH,cherry,stimuli/images/PICTURE_692.png,new-new,SAKE,cathedral,stimuli/images/PICTURE_403.png,mis-match,BELT,backpack,stimuli/images/PICTURE_339.png,old-new,WRITER,carrot,stimuli/images/PICTURE_285.png,match,,,,,,,,,,,0,58,58,8,1
,,,,,,,,,,,,5f08dafa392f74145122c0ee,13/10/1999,2020-08-27_18h40.23.296,proactive3.1,2020.1.2,Win32,60,5f47c29a48bd2a1e651a6eb7,5f47ede75080c61345c5990b,4,,,,,,,,,,,,,,,,,,,,,,,,,,,,,,,,,,,,,,,,,,stimuli/search/b.png,stimuli/search/t.png,stimuli/search/b.png,stimuli/search/t.png,stimuli/search/t.png,stimuli/search/b.png,stimuli/search/b.png,stimuli/search/l.png,"[-0.23833333333333334,0.32776457840310397]","[-0.17833333333333334,0.37754403009955245]","[0.17833333333333334,0.39334626313498855]","[0.23833333333333334,0.40622462671291304]","[0.17833333333333334,-0.400242200971269]","[0.23833333333333334,-0.3294579937093317]","[-0.23833333333333334,-0.3874932116448502]","[-0.17833333333333334,-0.38304694147468815]",0,,,,,,,,,,,,,,,,,,,,,,,,,,,,,,,,,,,,,,,,,,,,,,,,,,,,,,,0,0,0,0,1,,,,,,,,,,
,,,,,,,,,,,,5f08dafa392f74145122c0ee,13/10/1999,2020-08-27_18h40.23.296,proactive3.1,2020.1.2,Win32,60,5f47c29a48bd2a1e651a6eb7,5f47ede75080c61345c5990b,4,,,,,,,,,,,,,,,,,,,,,,,,,,,,,,,,,,,,,,,,,,stimuli/search/t.png,stimuli/search/b.png,stimuli/search/b.png,stimuli/search/t.png,stimuli/search/t.png,stimuli/search/b.png,stimuli/search/r.png,stimuli/search/b.png,"[-0.23833333333333334,0.389604633637526]","[-0.17833333333333334,0.3725263147439854]","[0.17833333333333334,0.3913304512728309]","[0.23833333333333334,0.3780051172829823]","[0.17833333333333334,-0.3819313798334483]","[0.23833333333333334,-0.40148134644572114]","[-0.23833333333333334,-0.36842605908589976]","[-0.17833333333333334,-0.37472840362024923]",1,,,,,,,,,,,,,,,,,,,,,,,,,,,,,,,,,,,,,,,,,,,,,,,,,,,,,,,1,0,1,0,1,,,,,,,,,,
,,,,,,,,,,,,5f08dafa392f74145122c0ee,13/10/1999,2020-08-27_18h40.23.296,proactive3.1,2020.1.2,Win32,60,5f47c29a48bd2a1e651a6eb7,5f47ede75080c61345c5990b,4,,,,,,,,,,,,,,,,,,,,,,,,,,,,,,,,,,,,,,,,,,stimuli/search/b.png,stimuli/search/t.png,stimuli/search/t.png,stimuli/search/b.png,stimuli/search/b.png,stimuli/search/l.png,stimuli/search/b.png,stimuli/search/t.png,"[-0.23833333333333334,0.35184140619277715]","[-0.17833333333333334,0.3262354806160088]","[0.17833333333333334,0.41045848527228324]","[0.23833333333333334,0.3903639033663148]","[0.17833333333333334,-0.3613981822746442]","[0.23833333333333334,-0.3268250454896682]","[-0.23833333333333334,-0.3847174857128794]","[-0.17833333333333334,-0.3793594707513536]",0,,,,,,,,,,,,,,,,,,,,,,,,,,,,,,,,,,,,,,,,,,,,,,,,,,,,,,,2,0,2,0,1,,,,,,,,,,
,,,,,,,,,,,,5f08dafa392f74145122c0ee,13/10/1999,2020-08-27_18h40.23.296,proactive3.1,2020.1.2,Win32,60,5f47c29a48bd2a1e651a6eb7,5f47ede75080c61345c5990b,4,,,,,,,,,,,,,,,,,,,,,,,,,,,,,,,,,,,,,,,,,,stimuli/search/b.png,stimuli/search/t.png,stimuli/search/b.png,stimuli/search/t.png,stimuli/search/b.png,stimuli/search/r.png,stimuli/search/b.png,stimuli/search/t.png,"[-0.23833333333333334,0.4098519460018312]","[-0.17833333333333334,0.3248682954278965]","[0.17833333333333334,0.3671860642142566]","[0.23833333333333334,0.38688585265107683]","[0.17833333333333334,-0.3851167134247714]","[0.23833333333333334,-0.3346319924844693]","[-0.23833333333333334,-0.41450560002854847]","[-0.17833333333333334,-0.41447890839266827]",1,,,,,,,,,,,,,,,,,,,,,,,,,,,,,,,,,,,,,,,,,,,,,,,,,,,,,,,3,0,3,0,1,,,,,,,,,,
,,,,,,,,,,,,5f08dafa392f74145122c0ee,13/10/1999,2020-08-27_18h40.23.296,proactive3.1,2020.1.2,Win32,60,5f47c29a48bd2a1e651a6eb7,5f47ede75080c61345c5990b,4,,,,,,,,,,,,,,,,,,,,,,,,,,,,,,,,,,,,,,,,,,,,,,,,,,,,,,,,,,,,,,,,,,,,,,,,,,,,,,,,,,,,,,,,,,,,,,,,,,,,,,,,,,,,,,,,,,,,,,0,0,0,0,1,,,,,
,,,,,,,,,,,,5f08dafa392f74145122c0ee,13/10/1999,2020-08-27_18h40.23.296,proactive3.1,2020.1.2,Win32,60,5f47c29a48bd2a1e651a6eb7,5f47ede75080c61345c5990b,4,,,,,,,,,,,,,,,,,,,,,,,,,,,,,,,,,,,,,,,,,,,,,,,,,,,,,,,,,,,,,,,,,,,,,,,,,,,,,,,,,,,,,,,,,,,,,,,,,,,,,,,,,,,,,,,,,,,,,,1,0,1,0,1,,,,,
,,,,,,,,,,,,5f08dafa392f74145122c0ee,13/10/1999,2020-08-27_18h40.23.296,proactive3.1,2020.1.2,Win32,60,5f47c29a48bd2a1e651a6eb7,5f47ede75080c61345c5990b,4,,,,,,,,,,,,,,,,,,,,,,,,,,,,,,,,,,,,,,,,,,,,,,,,,,,,,,,,,,,,,,,,,,,,,,,,,,,,,,,,,,,,,,,,,,,,,,,,,,,,,,,,,,,,,,,,,,,,,,2,0,2,0,1,,,,,
,,,,,,,,,,,,5f08dafa392f74145122c0ee,13/10/1999,2020-08-27_18h40.23.296,proactive3.1,2020.1.2,Win32,60,5f47c29a48bd2a1e651a6eb7,5f47ede75080c61345c5990b,4,,,,,,,,,,,,,,,,,2,,,,,,,,,,,,,,,,,,,,,,,,,,,,,,,,,,,,,,,,,,,,,,,,,,,,,,,,,,,?,0.000645,1,FALSE,?,0.00054,0,FALSE,?,0.00074,2,FALSE,?,0.000605,3,FALSE,,,,,,LOTS,microphone,stimuli/images/PICTURE_208.png,match,BELT,wheelbarrow,stimuli/images/PICTURE_160.png,old-new,TEAR,calendar,stimuli/images/PICTURE_108.png,new-new,ADVICE,stamp,stimuli/images/PICTURE_57.png,mis-match,,,,,,,,,,,0,59,59,20,1
,,,,,,,,,,,,5f08dafa392f74145122c0ee,13/10/1999,2020-08-27_18h40.23.296,proactive3.1,2020.1.2,Win32,60,5f47c29a48bd2a1e651a6eb7,5f47ede75080c61345c5990b,4,,,,,,,,,,,,,,,,,,,,,,,,,,,,,,,,,,,,,,,,,,stimuli/search/b.png,stimuli/search/t.png,stimuli/search/l.png,stimuli/search/t.png,stimuli/search/b.png,stimuli/search/t.png,stimuli/search/b.png,stimuli/search/t.png,"[-0.23833333333333334,0.39146603168647515]","[-0.17833333333333334,0.4110829408453498]","[0.17833333333333334,0.39777974978045816]","[0.23833333333333334,0.35579398334609047]","[0.17833333333333334,-0.3446366948942783]","[0.23833333333333334,-0.3294962596890657]","[-0.23833333333333334,-0.38276092347419877]","[-0.17833333333333334,-0.4012494190574162]",0,,,,,,,,,,,,,,,,,,,,,,,,,,,,,,,,,,,,,,,,,,,,,,,,,,,,,,,0,0,0,0,1,,,,,,,,,,
,,,,,,,,,,,,5f08dafa392f74145122c0ee,13/10/1999,2020-08-27_18h40.23.296,proactive3.1,2020.1.2,Win32,60,5f47c29a48bd2a1e651a6eb7,5f47ede75080c61345c5990b,4,,,,,,,,,,,,,,,,,,,,,,,,,,,,,,,,,,,,,,,,,,stimuli/search/t.png,stimuli/search/b.png,stimuli/search/t.png,stimuli/search/b.png,stimuli/search/b.png,stimuli/search/t.png,stimuli/search/l.png,stimuli/search/b.png,"[-0.23833333333333334,0.34390489844654093]","[-0.17833333333333334,0.3495271878890634]","[0.17833333333333334,0.3267964299323312]","[0.23833333333333334,0.3604473403038541]","[0.17833333333333334,-0.3301272838894213]","[0.23833333333333334,-0.34458372253645936]","[-0.23833333333333334,-0.37900059308074563]","[-0.17833333333333334,-0.3432868797640265]",0,,,,,,,,,,,,,,,,,,,,,,,,,,,,,,,,,,,,,,,,,,,,,,,,,,,,,,,1,0,1,0,1,,,,,,,,,,
,,,,,,,,,,,,5f08dafa392f74145122c0ee,13/10/1999,2020-08-27_18h40.23.296,proactive3.1,2020.1.2,Win32,60,5f47c29a48bd2a1e651a6eb7,5f47ede75080c61345c5990b,4,,,,,,,,,,,,,,,,,,,,,,,,,,,,,,,,,,,,,,,,,,stimuli/search/b.png,stimuli/search/t.png,stimuli/search/b.png,stimuli/search/l.png,stimuli/search/b.png,stimuli/search/t.png,stimuli/search/t.png,stimuli/search/b.png,"[-0.23833333333333334,0.33514086719607206]","[-0.17833333333333334,0.4153062860758002]","[0.17833333333333334,0.39771513629777605]","[0.23833333333333334,0.34682934866063636]","[0.17833333333333334,-0.3490113813864904]","[0.23833333333333334,-0.41602986623679855]","[-0.23833333333333334,-0.33344611896976784]","[-0.17833333333333334,-0.3685758848450419]",0,,,,,,,,,,,,,,,,,,,,,,,,,,,,,,,,,,,,,,,,,,,,,,,,,,,,,,,2,0,2,0,1,,,,,,,,,,
,,,,,,,,,,,,5f08dafa392f74145122c0ee,13/10/1999,2020-08-27_18h40.23.296,proactive3.1,2020.1.2,Win32,60,5f47c29a48bd2a1e651a6eb7,5f47ede75080c61345c5990b,4,,,,,,,,,,,,,,,,,,,,,,,,,,,,,,,,,,,,,,,,,,stimuli/search/t.png,stimuli/search/b.png,stimuli/search/t.png,stimuli/search/r.png,stimuli/search/t.png,stimuli/search/b.png,stimuli/search/t.png,stimuli/search/b.png,"[-0.23833333333333334,0.4096543901058969]","[-0.17833333333333334,0.3916039973529609]","[0.17833333333333334,0.37048251707902236]","[0.23833333333333334,0.3394958542326461]","[0.17833333333333334,-0.38524788044871333]","[0.23833333333333334,-0.40259545791426427]","[-0.23833333333333334,-0.3267616107406486]","[-0.17833333333333334,-0.38944890688688555]",1,,,,,,,,,,,,,,,,,,,,,,,,,,,,,,,,,,,,,,,,,,,,,,,,,,,,,,,3,0,3,0,1,,,,,,,,,,
,,,,,,,,,,,,5f08dafa392f74145122c0ee,13/10/1999,2020-08-27_18h40.23.296,proactive3.1,2020.1.2,Win32,60,5f47c29a48bd2a1e651a6eb7,5f47ede75080c61345c5990b,4,,,,,,,,,,,,,,,,,,,,,,,,,,,,,,,,,,,,,,,,,,,,,,,,,,,,,,,,,,,,,,,,,,,,,,,,,,,,,,,,,,,,,,,,,,,,,,,,,,,,,,,,,,,,,,,,,,,,,,0,0,0,0,1,,,,,
,,,,,,,,,,,,5f08dafa392f74145122c0ee,13/10/1999,2020-08-27_18h40.23.296,proactive3.1,2020.1.2,Win32,60,5f47c29a48bd2a1e651a6eb7,5f47ede75080c61345c5990b,4,,,,,,,,,,,,,,,,,,,,,,,,,,,,,,,,,,,,,,,,,,,,,,,,,,,,,,,,,,,,,,,,,,,,,,,,,,,,,,,,,,,,,,,,,,,,,,,,,,,,,,,,,,,,,,,,,,,,,,1,0,1,0,1,,,,,
,,,,,,,,,,,,5f08dafa392f74145122c0ee,13/10/1999,2020-08-27_18h40.23.296,proactive3.1,2020.1.2,Win32,60,5f47c29a48bd2a1e651a6eb7,5f47ede75080c61345c5990b,4,,,,,,,,,,,,,,,,,,,,,,,,,,,,,,,,,,,,,,,,,,,,,,,,,,,,,,,,,,,,,,,,,,,,,,,,,,,,,,,,,,,,,,,,,,,,,,,,,,,,,,,,,,,,,,,,,,,,,,2,0,2,0,1,,,,,
,,,,,,,,,,,,5f08dafa392f74145122c0ee,13/10/1999,2020-08-27_18h40.23.296,proactive3.1,2020.1.2,Win32,60,5f47c29a48bd2a1e651a6eb7,5f47ede75080c61345c5990b,4,,,,,,,,,,,,,,,,,6,,,,,,,,,,,,,,,,,,,,,,,,,,,,,,,,,,,,,,,,,,,,,,,,,,,,,,,,,,,?,0.00073,2,FALSE,?,0.000675,0,FALSE,?,0.000615,3,FALSE,?,0.00188,1,FALSE,,,,,,FAMILY,candle,stimuli/images/PICTURE_68.png,mis-match,MILLER,suitcase,stimuli/images/PICTURE_95.png,match,GIRL,mirror,stimuli/images/PICTURE_340.png,old-new,SPEECH,backpack,stimuli/images/PICTURE_339.png,new-new,,,,,,,,,,,0,60,60,83,1
,,,,,,,,,,,,5f08dafa392f74145122c0ee,13/10/1999,2020-08-27_18h40.23.296,proactive3.1,2020.1.2,Win32,60,5f47c29a48bd2a1e651a6eb7,5f47ede75080c61345c5990b,4,,,,,,,,,,,,,,,,,,,,,,,,,,,,,,,,,,,,,,,,,,stimuli/search/t.png,stimuli/search/b.png,stimuli/search/l.png,stimuli/search/b.png,stimuli/search/b.png,stimuli/search/t.png,stimuli/search/t.png,stimuli/search/b.png,"[-0.23833333333333334,0.3404778105108695]","[-0.17833333333333334,0.37555632842587017]","[0.17833333333333334,0.3469131899402187]","[0.23833333333333334,0.33972727924114715]","[0.17833333333333334,-0.36772997231132853]","[0.23833333333333334,-0.4157259162862803]","[-0.23833333333333334,-0.4094071322315303]","[-0.17833333333333334,-0.40568262803030963]",0,,,,,,,,,,,,,,,,,,,,,,,,,,,,,,,,,,,,,,,,,,,,,,,,,,,,,,,0,0,0,0,1,,,,,,,,,,
,,,,,,,,,,,,5f08dafa392f74145122c0ee,13/10/1999,2020-08-27_18h40.23.296,proactive3.1,2020.1.2,Win32,60,5f47c29a48bd2a1e651a6eb7,5f47ede75080c61345c5990b,4,,,,,,,,,,,,,,,,,,,,,,,,,,,,,,,,,,,,,,,,,,stimuli/search/b.png,stimuli/search/t.png,stimuli/search/t.png,stimuli/search/b.png,stimuli/search/t.png,stimuli/search/b.png,stimuli/search/b.png,stimuli/search/r.png,"[-0.23833333333333334,0.35330849405095055]","[-0.17833333333333334,0.3720152720803695]","[0.17833333333333334,0.3804767146508853]","[0.23833333333333334,0.4101505689042384]","[0.17833333333333334,-0.40151133628235025]","[0.23833333333333334,-0.3924167175169663]","[-0.23833333333333334,-0.357740468281003]","[-0.17833333333333334,-0.32610572209272487]",1,,,,,,,,,,,,,,,,,,,,,,,,,,,,,,,,,,,,,,,,,,,,,,,,,,,,,,,1,0,1,0,1,,,,,,,,,,
,,,,,,,,,,,,5f08dafa392f74145122c0ee,13/10/1999,2020-08-27_18h40.23.296,proactive3.1,2020.1.2,Win32,60,5f47c29a48bd2a1e651a6eb7,5f47ede75080c61345c5990b,4,,,,,,,,,,,,,,,,,,,,,,,,,,,,,,,,,,,,,,,,,,stimuli/search/b.png,stimuli/search/t.png,stimuli/search/b.png,stimuli/search/t.png,stimuli/search/t.png,stimuli/search/b.png,stimuli/search/l.png,stimuli/search/b.png,"[-0.23833333333333334,0.3440394835928438]","[-0.17833333333333334,0.36614947258646613]","[0.17833333333333334,0.3927962709512021]","[0.23833333333333334,0.37323722318953456]","[0.17833333333333334,-0.37217888489170686]","[0.23833333333333334,-0.3939390611231893]","[-0.23833333333333334,-0.3967249938114431]","[-0.17833333333333334,-0.3349803721773262]",0,,,,,,,,,,,,,,,,,,,,,,,,,,,,,,,,,,,,,,,,,,,,,,,,,,,,,,,2,0,2,0,1,,,,,,,,,,
,,,,,,,,,,,,5f08dafa392f74145122c0ee,13/10/1999,2020-08-27_18h40.23.296,proactive3.1,2020.1.2,Win32,60,5f47c29a48bd2a1e651a6eb7,5f47ede75080c61345c5990b,4,,,,,,,,,,,,,,,,,,,,,,,,,,,,,,,,,,,,,,,,,,stimuli/search/t.png,stimuli/search/b.png,stimuli/search/t.png,stimuli/search/b.png,stimuli/search/b.png,stimuli/search/t.png,stimuli/search/t.png,stimuli/search/l.png,"[-0.23833333333333334,0.3711798983505427]","[-0.17833333333333334,0.4099906241467709]","[0.17833333333333334,0.36813716388078116]","[0.23833333333333334,0.3366629202717645]","[0.17833333333333334,-0.40942837119355824]","[0.23833333333333334,-0.3847726122164714]","[-0.23833333333333334,-0.3429032934043765]","[-0.17833333333333334,-0.41237269465154186]",0,,,,,,,,,,,,,,,,,,,,,,,,,,,,,,,,,,,,,,,,,,,,,,,,,,,,,,,3,0,3,0,1,,,,,,,,,,
,,,,,,,,,,,,5f08dafa392f74145122c0ee,13/10/1999,2020-08-27_18h40.23.296,proactive3.1,2020.1.2,Win32,60,5f47c29a48bd2a1e651a6eb7,5f47ede75080c61345c5990b,4,,,,,,,,,,,,,,,,,,,,,,,,,,,,,,,,,,,,,,,,,,,,,,,,,,,,,,,,,,,,,,,,,,,,,,,,,,,,,,,,,,,,,,,,,,,,,,,,,,,,,,,,,,,,,,,,,,,,,,0,0,0,0,1,,,,,
,,,,,,,,,,,,5f08dafa392f74145122c0ee,13/10/1999,2020-08-27_18h40.23.296,proactive3.1,2020.1.2,Win32,60,5f47c29a48bd2a1e651a6eb7,5f47ede75080c61345c5990b,4,,,,,,,,,,,,,,,,,,,,,,,,,,,,,,,,,,,,,,,,,,,,,,,,,,,,,,,,,,,,,,,,,,,,,,,,,,,,,,,,,,,,,,,,,,,,,,,,,,,,,,,,,,,,,,,,,,,,,,1,0,1,0,1,,,,,
,,,,,,,,,,,,5f08dafa392f74145122c0ee,13/10/1999,2020-08-27_18h40.23.296,proactive3.1,2020.1.2,Win32,60,5f47c29a48bd2a1e651a6eb7,5f47ede75080c61345c5990b,4,,,,,,,,,,,,,,,,,,,,,,,,,,,,,,,,,,,,,,,,,,,,,,,,,,,,,,,,,,,,,,,,,,,,,,,,,,,,,,,,,,,,,,,,,,,,,,,,,,,,,,,,,,,,,,,,,,,,,,2,0,2,0,1,,,,,
,,,,,,,,,,,,5f08dafa392f74145122c0ee,13/10/1999,2020-08-27_18h40.23.296,proactive3.1,2020.1.2,Win32,60,5f47c29a48bd2a1e651a6eb7,5f47ede75080c61345c5990b,4,,,,,,,,,,,,,,,,,1,,,,,,,,,,,,,,,,,,,,,,,,,,,,,,,,,,,,,,,,,,,,,,,,,,,,,,,,,,,?,0.00103,3,FALSE,?,0.00077,0,FALSE,?,0.000685,1,FALSE,?,0.000555,2,FALSE,,,,,,HOTEL,megaphone,stimuli/images/PICTURE_655.png,new-new,GODS,windmill,stimuli/images/PICTURE_675.png,new-new,PHOTO,spoon,stimuli/images/PICTURE_564.png,new-new,CLOCK,sunflower,stimuli/images/PICTURE_141.png,new-new,,,,,,,,,,,0,61,61,11,1
,,,,,,,,,,,,5f08dafa392f74145122c0ee,13/10/1999,2020-08-27_18h40.23.296,proactive3.1,2020.1.2,Win32,60,5f47c29a48bd2a1e651a6eb7,5f47ede75080c61345c5990b,4,,,,,,,,,,,,,,,,,,,,,,,,,,,,,,,,,,,,,,,,,,stimuli/search/b.png,stimuli/search/t.png,stimuli/search/b.png,stimuli/search/t.png,stimuli/search/b.png,stimuli/search/l.png,stimuli/search/t.png,stimuli/search/b.png,"[-0.23833333333333334,0.3573965627135545]","[-0.17833333333333334,0.38869314430948754]","[0.17833333333333334,0.390366740421414]","[0.23833333333333334,0.3582465415261181]","[0.17833333333333334,-0.37892791392254815]","[0.23833333333333334,-0.35557796509122397]","[-0.23833333333333334,-0.3713563561731215]","[-0.17833333333333334,-0.3377902169946964]",0,,,,,,,,,,,,,,,,,,,,,,,,,,,,,,,,,,,,,,,,,,,,,,,,,,,,,,,0,0,0,0,1,,,,,,,,,,
,,,,,,,,,,,,5f08dafa392f74145122c0ee,13/10/1999,2020-08-27_18h40.23.296,proactive3.1,2020.1.2,Win32,60,5f47c29a48bd2a1e651a6eb7,5f47ede75080c61345c5990b,4,,,,,,,,,,,,,,,,,,,,,,,,,,,,,,,,,,,,,,,,,,stimuli/search/r.png,stimuli/search/t.png,stimuli/search/b.png,stimuli/search/t.png,stimuli/search/t.png,stimuli/search/b.png,stimuli/search/b.png,stimuli/search/t.png,"[-0.23833333333333334,0.3509043375660786]","[-0.17833333333333334,0.40346703528791406]","[0.17833333333333334,0.37065733668734835]","[0.23833333333333334,0.3803482718926776]","[0.17833333333333334,-0.4023550957489901]","[0.23833333333333334,-0.3816942884352851]","[-0.23833333333333334,-0.4093877027501741]","[-0.17833333333333334,-0.3672215549141621]",1,,,,,,,,,,,,,,,,,,,,,,,,,,,,,,,,,,,,,,,,,,,,,,,,,,,,,,,1,0,1,0,1,,,,,,,,,,
,,,,,,,,,,,,5f08dafa392f74145122c0ee,13/10/1999,2020-08-27_18h40.23.296,proactive3.1,2020.1.2,Win32,60,5f47c29a48bd2a1e651a6eb7,5f47ede75080c61345c5990b,4,,,,,,,,,,,,,,,,,,,,,,,,,,,,,,,,,,,,,,,,,,stimuli/search/b.png,stimuli/search/t.png,stimuli/search/t.png,stimuli/search/b.png,stimuli/search/l.png,stimuli/search/b.png,stimuli/search/t.png,stimuli/search/b.png,"[-0.23833333333333334,0.37443014025144317]","[-0.17833333333333334,0.34388842172049544]","[0.17833333333333334,0.41262694610800066]","[0.23833333333333334,0.35203287806428574]","[0.17833333333333334,-0.4007386448299338]","[0.23833333333333334,-0.3644372464434439]","[-0.23833333333333334,-0.40109384114236823]","[-0.17833333333333334,-0.3453831219496497]",0,,,,,,,,,,,,,,,,,,,,,,,,,,,,,,,,,,,,,,,,,,,,,,,,,,,,,,,2,0,2,0,1,,,,,,,,,,
,,,,,,,,,,,,5f08dafa392f74145122c0ee,13/10/1999,2020-08-27_18h40.23.296,proactive3.1,2020.1.2,Win32,60,5f47c29a48bd2a1e651a6eb7,5f47ede75080c61345c5990b,4,,,,,,,,,,,,,,,,,,,,,,,,,,,,,,,,,,,,,,,,,,stimuli/search/b.png,stimuli/search/t.png,stimuli/search/b.png,stimuli/search/t.png,stimuli/search/l.png,stimuli/search/t.png,stimuli/search/t.png,stimuli/search/b.png,"[-0.23833333333333334,0.4131176591537469]","[-0.17833333333333334,0.3546506812119011]","[0.17833333333333334,0.35389446808401226]","[0.23833333333333334,0.35384700266967173]","[0.17833333333333334,-0.32770964468928065]","[0.23833333333333334,-0.3740300116569133]","[-0.23833333333333334,-0.392123065379417]","[-0.17833333333333334,-0.3490644501910743]",0,,,,,,,,,,,,,,,,,,,,,,,,,,,,,,,,,,,,,,,,,,,,,,,,,,,,,,,3,0,3,0,1,,,,,,,,,,
,,,,,,,,,,,,5f08dafa392f74145122c0ee,13/10/1999,2020-08-27_18h40.23.296,proactive3.1,2020.1.2,Win32,60,5f47c29a48bd2a1e651a6eb7,5f47ede75080c61345c5990b,4,,,,,,,,,,,,,,,,,,,,,,,,,,,,,,,,,,,,,,,,,,,,,,,,,,,,,,,,,,,,,,,,,,,,,,,,,,,,,,,,,,,,,,,,,,,,,,,,,,,,,,,,,,,,,,,,,,,,,,0,0,0,0,1,,,,,
,,,,,,,,,,,,5f08dafa392f74145122c0ee,13/10/1999,2020-08-27_18h40.23.296,proactive3.1,2020.1.2,Win32,60,5f47c29a48bd2a1e651a6eb7,5f47ede75080c61345c5990b,4,,,,,,,,,,,,,,,,,,,,,,,,,,,,,,,,,,,,,,,,,,,,,,,,,,,,,,,,,,,,,,,,,,,,,,,,,,,,,,,,,,,,,,,,,,,,,,,,,,,,,,,,,,,,,,,,,,,,,,1,0,1,0,1,,,,,
,,,,,,,,,,,,5f08dafa392f74145122c0ee,13/10/1999,2020-08-27_18h40.23.296,proactive3.1,2020.1.2,Win32,60,5f47c29a48bd2a1e651a6eb7,5f47ede75080c61345c5990b,4,,,,,,,,,,,,,,,,,,,,,,,,,,,,,,,,,,,,,,,,,,,,,,,,,,,,,,,,,,,,,,,,,,,,,,,,,,,,,,,,,,,,,,,,,,,,,,,,,,,,,,,,,,,,,,,,,,,,,,2,0,2,0,1,,,,,
,,,,,,,,,,,,5f08dafa392f74145122c0ee,13/10/1999,2020-08-27_18h40.23.296,proactive3.1,2020.1.2,Win32,60,5f47c29a48bd2a1e651a6eb7,5f47ede75080c61345c5990b,4,,,,,,,,,,,,,,,,,5,,,,,,,,,,,,,,,,,,,,,,,,,,,,,,,,,,,,,,,,,,,,,,,,,,,,,,,,,,,?,0.00147,2,FALSE,?,0.00165,3,FALSE,?,0.00147,0,FALSE,?,0.001065,1,FALSE,,,,,,CLIENT,telephone,stimuli/images/PICTURE_509.png,old-new,DEMON,bolt,stimuli/images/PICTURE_296.png,new-new,RIVER,motorbike,stimuli/images/PICTURE_470.png,mis-match,GIRL,basket,stimuli/images/PICTURE_487.png,match,,,,,,,,,,,0,62,62,73,1
,,,,,,,,,,,,5f08dafa392f74145122c0ee,13/10/1999,2020-08-27_18h40.23.296,proactive3.1,2020.1.2,Win32,60,5f47c29a48bd2a1e651a6eb7,5f47ede75080c61345c5990b,4,,,,,,,,,,,,,,,,,,,,,,,,,,,,,,,,,,,,,,,,,,stimuli/search/l.png,stimuli/search/t.png,stimuli/search/t.png,stimuli/search/b.png,stimuli/search/b.png,stimuli/search/t.png,stimuli/search/b.png,stimuli/search/t.png,"[-0.23833333333333334,0.3468263727144633]","[-0.17833333333333334,0.3839203139461442]","[0.17833333333333334,0.3902230042758022]","[0.23833333333333334,0.33499746252406976]","[0.17833333333333334,-0.3407498854893902]","[0.23833333333333334,-0.3317569145283006]","[-0.23833333333333334,-0.32741095001925397]","[-0.17833333333333334,-0.3562026872288505]",0,,,,,,,,,,,,,,,,,,,,,,,,,,,,,,,,,,,,,,,,,,,,,,,,,,,,,,,0,0,0,0,1,,,,,,,,,,
,,,,,,,,,,,,5f08dafa392f74145122c0ee,13/10/1999,2020-08-27_18h40.23.296,proactive3.1,2020.1.2,Win32,60,5f47c29a48bd2a1e651a6eb7,5f47ede75080c61345c5990b,4,,,,,,,,,,,,,,,,,,,,,,,,,,,,,,,,,,,,,,,,,,stimuli/search/l.png,stimuli/search/b.png,stimuli/search/b.png,stimuli/search/t.png,stimuli/search/b.png,stimuli/search/t.png,stimuli/search/t.png,stimuli/search/b.png,"[-0.23833333333333334,0.38210873705779497]","[-0.17833333333333334,0.3744484936416575]","[0.17833333333333334,0.33359693286252456]","[0.23833333333333334,0.3386433491878955]","[0.17833333333333334,-0.4134286627045171]","[0.23833333333333334,-0.39095502345426925]","[-0.23833333333333334,-0.40771740964414815]","[-0.17833333333333334,-0.34239821412404625]",0,,,,,,,,,,,,,,,,,,,,,,,,,,,,,,,,,,,,,,,,,,,,,,,,,,,,,,,1,0,1,0,1,,,,,,,,,,
,,,,,,,,,,,,5f08dafa392f74145122c0ee,13/10/1999,2020-08-27_18h40.23.296,proactive3.1,2020.1.2,Win32,60,5f47c29a48bd2a1e651a6eb7,5f47ede75080c61345c5990b,4,,,,,,,,,,,,,,,,,,,,,,,,,,,,,,,,,,,,,,,,,,stimuli/search/b.png,stimuli/search/t.png,stimuli/search/b.png,stimuli/search/t.png,stimuli/search/l.png,stimuli/search/t.png,stimuli/search/t.png,stimuli/search/b.png,"[-0.23833333333333334,0.3684182425394325]","[-0.17833333333333334,0.39177857777996233]","[0.17833333333333334,0.33852719850667506]","[0.23833333333333334,0.3845141259269689]","[0.17833333333333334,-0.3641160986737337]","[0.23833333333333334,-0.37482004348648945]","[-0.23833333333333334,-0.3880780351307646]","[-0.17833333333333334,-0.40887626633191676]",0,,,,,,,,,,,,,,,,,,,,,,,,,,,,,,,,,,,,,,,,,,,,,,,,,,,,,,,2,0,2,0,1,,,,,,,,,,
,,,,,,,,,,,,5f08dafa392f74145122c0ee,13/10/1999,2020-08-27_18h40.23.296,proactive3.1,2020.1.2,Win32,60,5f47c29a48bd2a1e651a6eb7,5f47ede75080c61345c5990b,4,,,,,,,,,,,,,,,,,,,,,,,,,,,,,,,,,,,,,,,,,,stimuli/search/b.png,stimuli/search/t.png,stimuli/search/b.png,stimuli/search/t.png,stimuli/search/b.png,stimuli/search/l.png,stimuli/search/t.png,stimuli/search/b.png,"[-0.23833333333333334,0.3884873076552144]","[-0.17833333333333334,0.3642704604802108]","[0.17833333333333334,0.4038766067579759]","[0.23833333333333334,0.3932936665176889]","[0.17833333333333334,-0.37513343334321336]","[0.23833333333333334,-0.3501997140446209]","[-0.23833333333333334,-0.3435691825012624]","[-0.17833333333333334,-0.39798707660280075]",0,,,,,,,,,,,,,,,,,,,,,,,,,,,,,,,,,,,,,,,,,,,,,,,,,,,,,,,3,0,3,0,1,,,,,,,,,,
,,,,,,,,,,,,5f08dafa392f74145122c0ee,13/10/1999,2020-08-27_18h40.23.296,proactive3.1,2020.1.2,Win32,60,5f47c29a48bd2a1e651a6eb7,5f47ede75080c61345c5990b,4,,,,,,,,,,,,,,,,,,,,,,,,,,,,,,,,,,,,,,,,,,,,,,,,,,,,,,,,,,,,,,,,,,,,,,,,,,,,,,,,,,,,,,,,,,,,,,,,,,,,,,,,,,,,,,,,,,,,,,0,0,0,0,1,,,,,
,,,,,,,,,,,,5f08dafa392f74145122c0ee,13/10/1999,2020-08-27_18h40.23.296,proactive3.1,2020.1.2,Win32,60,5f47c29a48bd2a1e651a6eb7,5f47ede75080c61345c5990b,4,,,,,,,,,,,,,,,,,,,,,,,,,,,,,,,,,,,,,,,,,,,,,,,,,,,,,,,,,,,,,,,,,,,,,,,,,,,,,,,,,,,,,,,,,,,,,,,,,,,,,,,,,,,,,,,,,,,,,,1,0,1,0,1,,,,,
,,,,,,,,,,,,5f08dafa392f74145122c0ee,13/10/1999,2020-08-27_18h40.23.296,proactive3.1,2020.1.2,Win32,60,5f47c29a48bd2a1e651a6eb7,5f47ede75080c61345c5990b,4,,,,,,,,,,,,,,,,,,,,,,,,,,,,,,,,,,,,,,,,,,,,,,,,,,,,,,,,,,,,,,,,,,,,,,,,,,,,,,,,,,,,,,,,,,,,,,,,,,,,,,,,,,,,,,,,,,,,,,2,0,2,0,1,,,,,
,,,,,,,,,,,,5f08dafa392f74145122c0ee,13/10/1999,2020-08-27_18h40.23.296,proactive3.1,2020.1.2,Win32,60,5f47c29a48bd2a1e651a6eb7,5f47ede75080c61345c5990b,4,,,,,,,,,,,,,,,,,6,,,,,,,,,,,,,,,,,,,,,,,,,,,,,,,,,,,,,,,,,,,,,,,,,,,,,,,,,,,?,0.001525,3,FALSE,?,0.001055,2,FALSE,?,0.003235,0,FALSE,?,0.00111,1,FALSE,,,,,,TOILET,scissors,stimuli/images/PICTURE_453.png,mis-match,WRITER,rug,stimuli/images/PICTURE_491.png,match,ARTIST,daisy,stimuli/images/PICTURE_667.png,new-new,DOZEN,wheelbarrow,stimuli/images/PICTURE_160.png,old-new,,,,,,,,,,,0,63,63,85,1
,,,,,,,,,,,,5f08dafa392f74145122c0ee,13/10/1999,2020-08-27_18h40.23.296,proactive3.1,2020.1.2,Win32,60,5f47c29a48bd2a1e651a6eb7,5f47ede75080c61345c5990b,4,,,,,,,,,,,,,,,,,,,,,,,,,,,,,,,,,,,,,,,,,,stimuli/search/t.png,stimuli/search/b.png,stimuli/search/t.png,stimuli/search/b.png,stimuli/search/r.png,stimuli/search/b.png,stimuli/search/b.png,stimuli/search/t.png,"[-0.23833333333333334,0.3553958113958084]","[-0.17833333333333334,0.3922658854449666]","[0.17833333333333334,0.4164051439682147]","[0.23833333333333334,0.35508470094274325]","[0.17833333333333334,-0.32917729196598455]","[0.23833333333333334,-0.38392775144461166]","[-0.23833333333333334,-0.3290798561391794]","[-0.17833333333333334,-0.37494494845976734]",1,0,,,,,,1.040635,,,,,,,,,,,,,,,,,,,,,,,,,,,,,,,,,,,,,,,,,,,,,,,,0,0,0,0,1,,,,,,,,,,
,,,,,,,,,,,,5f08dafa392f74145122c0ee,13/10/1999,2020-08-27_18h40.23.296,proactive3.1,2020.1.2,Win32,60,5f47c29a48bd2a1e651a6eb7,5f47ede75080c61345c5990b,4,,,,,,,,,,,,,,,,,,,,,,,,,,,,,,,,,,,,,,,,,,stimuli/search/b.png,stimuli/search/t.png,stimuli/search/t.png,stimuli/search/l.png,stimuli/search/b.png,stimuli/search/t.png,stimuli/search/b.png,stimuli/search/t.png,"[-0.23833333333333334,0.40963933574525163]","[-0.17833333333333334,0.40354397254122554]","[0.17833333333333334,0.4005514549161865]","[0.23833333333333334,0.4146727789480491]","[0.17833333333333334,-0.3815461675336916]","[0.23833333333333334,-0.32722328222201635]","[-0.23833333333333334,-0.4024311143904953]","[-0.17833333333333334,-0.3321290637431366]",0,1,,,,,,1.703375,,,,,,,,,,,,,,,,,,,,,,,,,,,,,,,,,,,,,,,,,,,,,,,,1,0,1,0,1,,,,,,,,,,
,,,,,,,,,,,,5f08dafa392f74145122c0ee,13/10/1999,2020-08-27_18h40.23.296,proactive3.1,2020.1.2,Win32,60,5f47c29a48bd2a1e651a6eb7,5f47ede75080c61345c5990b,4,,,,,,,,,,,,,,,,,,,,,,,,,,,,,,,,,,,,,,,,,,stimuli/search/l.png,stimuli/search/t.png,stimuli/search/b.png,stimuli/search/t.png,stimuli/search/b.png,stimuli/search/t.png,stimuli/search/b.png,stimuli/search/t.png,"[-0.23833333333333334,0.37207358664815265]","[-0.17833333333333334,0.3882118169636831]","[0.17833333333333334,0.3695239035756714]","[0.23833333333333334,0.39371329987184445]","[0.17833333333333334,-0.36699344557986463]","[0.23833333333333334,-0.3810118625827841]","[-0.23833333333333334,-0.34845918401693954]","[-0.17833333333333334,-0.40675149439212316]",0,0,,,,,,1.637855,,,,,,,,,,,,,,,,,,,,,,,,,,,,,,,,,,,,,,,,,,,,,,,,2,0,2,0,1,,,,,,,,,,
,,,,,,,,,,,,5f08dafa392f74145122c0ee,13/10/1999,2020-08-27_18h40.23.296,proactive3.1,2020.1.2,Win32,60,5f47c29a48bd2a1e651a6eb7,5f47ede75080c61345c5990b,4,,,,,,,,,,,,,,,,,,,,,,,,,,,,,,,,,,,,,,,,,,stimuli/search/t.png,stimuli/search/b.png,stimuli/search/b.png,stimuli/search/t.png,stimuli/search/b.png,stimuli/search/r.png,stimuli/search/t.png,stimuli/search/b.png,"[-0.23833333333333334,0.41243872399204873]","[-0.17833333333333334,0.38559105888669143]","[0.17833333333333334,0.38616203790660225]","[0.23833333333333334,0.37425231731878333]","[0.17833333333333334,-0.3281086000590646]","[0.23833333333333334,-0.33497023756479244]","[-0.23833333333333334,-0.36273883125522355]","[-0.17833333333333334,-0.39930331617842335]",1,1,,,,,,1.92511,,,,,,,,,,,,,,,,,,,,,,,,,,,,,,,,,,,,,,,,,,,,,,,,3,0,3,0,1,,,,,,,,,,
,,,,,,,,,,,,5f08dafa392f74145122c0ee,13/10/1999,2020-08-27_18h40.23.296,proactive3.1,2020.1.2,Win32,60,5f47c29a48bd2a1e651a6eb7,5f47ede75080c61345c5990b,4,,,,,,,,,,,,,,,,,,,,,,,,,,,,,,,,,,,,,,,,,,,,,,,,,,,,,,,,,,,,,,,,,,,,,,,,,,,,,,,,,,,,,,,,,,,,,,,,,,,,,,,,,,,,,,,,,,,,,,0,0,0,0,1,,,,,
,,,,,,,,,,,,5f08dafa392f74145122c0ee,13/10/1999,2020-08-27_18h40.23.296,proactive3.1,2020.1.2,Win32,60,5f47c29a48bd2a1e651a6eb7,5f47ede75080c61345c5990b,4,,,,,,,,,,,,,,,,,,,,,,,,,,,,,,,,,,,,,,,,,,,,,,,,,,,,,,,,,,,,,,,,,,,,,,,,,,,,,,,,,,,,,,,,,,,,,,,,,,,,,,,,,,,,,,,,,,,,,,1,0,1,0,1,,,,,
,,,,,,,,,,,,5f08dafa392f74145122c0ee,13/10/1999,2020-08-27_18h40.23.296,proactive3.1,2020.1.2,Win32,60,5f47c29a48bd2a1e651a6eb7,5f47ede75080c61345c5990b,4,,,,,,,,,,,,,,,,,,,,,,,,,,,,,,,,,,,,,,,,,,,,,,,,,,,,,,,,,,,,,,,,,,,,,,,,,,,,,,,,,,,,,,,,,,,,,,,,,,,,,,,,,,,,,,,,,,,,,,2,0,2,0,1,,,,,
,,,,,,,,,,,,5f08dafa392f74145122c0ee,13/10/1999,2020-08-27_18h40.23.296,proactive3.1,2020.1.2,Win32,60,5f47c29a48bd2a1e651a6eb7,5f47ede75080c61345c5990b,4,,,,,,,,,,,,,,,,,4,,,,,,,,,,,,,,,,,,,,,,,,,,,,,,,,,,,,,,,,,,,,,,,,,,,,,,,,,,,MILE,3.85079,1,TRUE,BELT,5.568795,2,TRUE,SPRIT,2.73361,0,FALSE,TIME,8.788295,3,FALSE,,,,,,SPIRIT,ring,stimuli/images/PICTURE_744.png,new-new,MILE,map,stimuli/images/PICTURE_677.png,match,STYLE,telephone,stimuli/images/PICTURE_509.png,mis-match,BELT,boot,stimuli/images/PICTURE_215.png,old-new,,,,,,,,,,,0,64,64,55,1
,,,,,,,,,,,,5f08dafa392f74145122c0ee,13/10/1999,2020-08-27_18h40.23.296,proactive3.1,2020.1.2,Win32,60,5f47c29a48bd2a1e651a6eb7,5f47ede75080c61345c5990b,4,,,,,,,,,,,,,,,,,,,,,,,,,,,,,,,,,,,,,,,,,,stimuli/search/b.png,stimuli/search/t.png,stimuli/search/t.png,stimuli/search/b.png,stimuli/search/b.png,stimuli/search/t.png,stimuli/search/r.png,stimuli/search/t.png,"[-0.23833333333333334,0.37011100282641063]","[-0.17833333333333334,0.33764993054266984]","[0.17833333333333334,0.38617870018311246]","[0.23833333333333334,0.3971167093987607]","[0.17833333333333334,-0.4089769568279003]","[0.23833333333333334,-0.39548737786356614]","[-0.23833333333333334,-0.3301624145400919]","[-0.17833333333333334,-0.32607293141230725]",1,,,,,,,,,,,,,,,,,,,,,,,,,,,,,,,,,,,,,,,,,,,,,,,,,,,,,,,0,0,0,0,1,,,,,,,,,,
,,,,,,,,,,,,5f08dafa392f74145122c0ee,13/10/1999,2020-08-27_18h40.23.296,proactive3.1,2020.1.2,Win32,60,5f47c29a48bd2a1e651a6eb7,5f47ede75080c61345c5990b,4,,,,,,,,,,,,,,,,,,,,,,,,,,,,,,,,,,,,,,,,,,stimuli/search/b.png,stimuli/search/t.png,stimuli/search/b.png,stimuli/search/t.png,stimuli/search/r.png,stimuli/search/b.png,stimuli/search/t.png,stimuli/search/b.png,"[-0.23833333333333334,0.37100642882991247]","[-0.17833333333333334,0.3999718960748267]","[0.17833333333333334,0.33005518060079486]","[0.23833333333333334,0.3558109240631236]","[0.17833333333333334,-0.3302355060504916]","[0.23833333333333334,-0.34765093936317365]","[-0.23833333333333334,-0.4128950530651489]","[-0.17833333333333334,-0.37334042563497494]",1,,,,,,,,,,,,,,,,,,,,,,,,,,,,,,,,,,,,,,,,,,,,,,,,,,,,,,,1,0,1,0,1,,,,,,,,,,
,,,,,,,,,,,,5f08dafa392f74145122c0ee,13/10/1999,2020-08-27_18h40.23.296,proactive3.1,2020.1.2,Win32,60,5f47c29a48bd2a1e651a6eb7,5f47ede75080c61345c5990b,4,,,,,,,,,,,,,,,,,,,,,,,,,,,,,,,,,,,,,,,,,,stimuli/search/t.png,stimuli/search/b.png,stimuli/search/b.png,stimuli/search/t.png,stimuli/search/b.png,stimuli/search/l.png,stimuli/search/t.png,stimuli/search/b.png,"[-0.23833333333333334,0.3244949303376115]","[-0.17833333333333334,0.3443311779099438]","[0.17833333333333334,0.39482890794598263]","[0.23833333333333334,0.38525550655031277]","[0.17833333333333334,-0.3308998209312714]","[0.23833333333333334,-0.3734278553901899]","[-0.23833333333333334,-0.41479306528118715]","[-0.17833333333333334,-0.36578137042549674]",0,,,,,,,,,,,,,,,,,,,,,,,,,,,,,,,,,,,,,,,,,,,,,,,,,,,,,,,2,0,2,0,1,,,,,,,,,,
,,,,,,,,,,,,5f08dafa392f74145122c0ee,13/10/1999,2020-08-27_18h40.23.296,proactive3.1,2020.1.2,Win32,60,5f47c29a48bd2a1e651a6eb7,5f47ede75080c61345c5990b,4,,,,,,,,,,,,,,,,,,,,,,,,,,,,,,,,,,,,,,,,,,stimuli/search/l.png,stimuli/search/t.png,stimuli/search/t.png,stimuli/search/b.png,stimuli/search/b.png,stimuli/search/t.png,stimuli/search/b.png,stimuli/search/t.png,"[-0.23833333333333334,0.33087783467962506]","[-0.17833333333333334,0.3904427839499394]","[0.17833333333333334,0.3459547698448067]","[0.23833333333333334,0.4000672911792878]","[0.17833333333333334,-0.376660044651321]","[0.23833333333333334,-0.4048533997363872]","[-0.23833333333333334,-0.40035417078435576]","[-0.17833333333333334,-0.3812521608437139]",0,,,,,,,,,,,,,,,,,,,,,,,,,,,,,,,,,,,,,,,,,,,,,,,,,,,,,,,3,0,3,0,1,,,,,,,,,,
,,,,,,,,,,,,5f08dafa392f74145122c0ee,13/10/1999,2020-08-27_18h40.23.296,proactive3.1,2020.1.2,Win32,60,5f47c29a48bd2a1e651a6eb7,5f47ede75080c61345c5990b,4,,,,,,,,,,,,,,,,,,,,,,,,,,,,,,,,,,,,,,,,,,,,,,,,,,,,,,,,,,,,,,,,,,,,,,,,,,,,,,,,,,,,,,,,,,,,,,,,,,,,,,,,,,,,,,,,,,,,,,0,0,0,0,1,,,,,
,,,,,,,,,,,,5f08dafa392f74145122c0ee,13/10/1999,2020-08-27_18h40.23.296,proactive3.1,2020.1.2,Win32,60,5f47c29a48bd2a1e651a6eb7,5f47ede75080c61345c5990b,4,,,,,,,,,,,,,,,,,,,,,,,,,,,,,,,,,,,,,,,,,,,,,,,,,,,,,,,,,,,,,,,,,,,,,,,,,,,,,,,,,,,,,,,,,,,,,,,,,,,,,,,,,,,,,,,,,,,,,,1,0,1,0,1,,,,,
,,,,,,,,,,,,5f08dafa392f74145122c0ee,13/10/1999,2020-08-27_18h40.23.296,proactive3.1,2020.1.2,Win32,60,5f47c29a48bd2a1e651a6eb7,5f47ede75080c61345c5990b,4,,,,,,,,,,,,,,,,,,,,,,,,,,,,,,,,,,,,,,,,,,,,,,,,,,,,,,,,,,,,,,,,,,,,,,,,,,,,,,,,,,,,,,,,,,,,,,,,,,,,,,,,,,,,,,,,,,,,,,2,0,2,0,1,,,,,
,,,,,,,,,,,,5f08dafa392f74145122c0ee,13/10/1999,2020-08-27_18h40.23.296,proactive3.1,2020.1.2,Win32,60,5f47c29a48bd2a1e651a6eb7,5f47ede75080c61345c5990b,4,,,,,,,,,,,,,,,,,1,,,,,,,,,,,,,,,,,,,,,,,,,,,,,,,,,,,,,,,,,,,,,,,,,,,,,,,,,,,?,0.00088,1,FALSE,?,0.000625,2,FALSE,?,0.000575,3,FALSE,?,0.00056,0,FALSE,,,,,,HONEY,taxi,stimuli/images/PICTURE_302.png,new-new,DOZEN,anchor,stimuli/images/PICTURE_405.png,old-new,NATION,wheelbarrow,stimuli/images/PICTURE_160.png,mis-match,NIGHT,cap,stimuli/images/PICTURE_203.png,match,,,,,,,,,,,0,65,65,1,1
,,,,,,,,,,,,5f08dafa392f74145122c0ee,13/10/1999,2020-08-27_18h40.23.296,proactive3.1,2020.1.2,Win32,60,5f47c29a48bd2a1e651a6eb7,5f47ede75080c61345c5990b,4,,,,,,,,,,,,,,,,,,,,,,,,,,,,,,,,,,,,,,,,,,stimuli/search/t.png,stimuli/search/b.png,stimuli/search/t.png,stimuli/search/b.png,stimuli/search/b.png,stimuli/search/l.png,stimuli/search/b.png,stimuli/search/t.png,"[-0.23833333333333334,0.37698514819484114]","[-0.17833333333333334,0.33131064235138435]","[0.17833333333333334,0.3264496065486867]","[0.23833333333333334,0.3421081946731376]","[0.17833333333333334,-0.37893327379952696]","[0.23833333333333334,-0.40621717769756793]","[-0.23833333333333334,-0.40289324460671994]","[-0.17833333333333334,-0.4071089584081379]",0,,,,,,,,,,,,,,,,,,,,,,,,,,,,,,,,,,,,,,,,,,,,,,,,,,,,,,,0,0,0,0,1,,,,,,,,,,
,,,,,,,,,,,,5f08dafa392f74145122c0ee,13/10/1999,2020-08-27_18h40.23.296,proactive3.1,2020.1.2,Win32,60,5f47c29a48bd2a1e651a6eb7,5f47ede75080c61345c5990b,4,,,,,,,,,,,,,,,,,,,,,,,,,,,,,,,,,,,,,,,,,,stimuli/search/b.png,stimuli/search/t.png,stimuli/search/t.png,stimuli/search/b.png,stimuli/search/b.png,stimuli/search/l.png,stimuli/search/b.png,stimuli/search/t.png,"[-0.23833333333333334,0.3564859873757609]","[-0.17833333333333334,0.3708068477547762]","[0.17833333333333334,0.3704641773126927]","[0.23833333333333334,0.32736834774244616]","[0.17833333333333334,-0.3433544814469822]","[0.23833333333333334,-0.32419460116170656]","[-0.23833333333333334,-0.3323075541137452]","[-0.17833333333333334,-0.37575285139135994]",0,,,,,,,,,,,,,,,,,,,,,,,,,,,,,,,,,,,,,,,,,,,,,,,,,,,,,,,1,0,1,0,1,,,,,,,,,,
,,,,,,,,,,,,5f08dafa392f74145122c0ee,13/10/1999,2020-08-27_18h40.23.296,proactive3.1,2020.1.2,Win32,60,5f47c29a48bd2a1e651a6eb7,5f47ede75080c61345c5990b,4,,,,,,,,,,,,,,,,,,,,,,,,,,,,,,,,,,,,,,,,,,stimuli/search/t.png,stimuli/search/b.png,stimuli/search/t.png,stimuli/search/b.png,stimuli/search/l.png,stimuli/search/b.png,stimuli/search/b.png,stimuli/search/t.png,"[-0.23833333333333334,0.3286020829244129]","[-0.17833333333333334,0.40359951407078476]","[0.17833333333333334,0.39061232731471446]","[0.23833333333333334,0.35116455516866396]","[0.17833333333333334,-0.35835521047419916]","[0.23833333333333334,-0.3399684792411381]","[-0.23833333333333334,-0.3293808564279803]","[-0.17833333333333334,-0.3832445879781]",0,,,,,,,,,,,,,,,,,,,,,,,,,,,,,,,,,,,,,,,,,,,,,,,,,,,,,,,2,0,2,0,1,,,,,,,,,,
,,,,,,,,,,,,5f08dafa392f74145122c0ee,13/10/1999,2020-08-27_18h40.23.296,proactive3.1,2020.1.2,Win32,60,5f47c29a48bd2a1e651a6eb7,5f47ede75080c61345c5990b,4,,,,,,,,,,,,,,,,,,,,,,,,,,,,,,,,,,,,,,,,,,stimuli/search/b.png,stimuli/search/t.png,stimuli/search/t.png,stimuli/search/l.png,stimuli/search/t.png,stimuli/search/b.png,stimuli/search/t.png,stimuli/search/b.png,"[-0.23833333333333334,0.40816459262789845]","[-0.17833333333333334,0.3396743489296027]","[0.17833333333333334,0.38803375761112024]","[0.23833333333333334,0.34054658705129326]","[0.17833333333333334,-0.3268848747810367]","[0.23833333333333334,-0.3745128176571902]","[-0.23833333333333334,-0.3511906579625874]","[-0.17833333333333334,-0.36507681272304016]",0,,,,,,,,,,,,,,,,,,,,,,,,,,,,,,,,,,,,,,,,,,,,,,,,,,,,,,,3,0,3,0,1,,,,,,,,,,
,,,,,,,,,,,,5f08dafa392f74145122c0ee,13/10/1999,2020-08-27_18h40.23.296,proactive3.1,2020.1.2,Win32,60,5f47c29a48bd2a1e651a6eb7,5f47ede75080c61345c5990b,4,,,,,,,,,,,,,,,,,,,,,,,,,,,,,,,,,,,,,,,,,,,,,,,,,,,,,,,,,,,,,,,,,,,,,,,,,,,,,,,,,,,,,,,,,,,,,,,,,,,,,,,,,,,,,,,,,,,,,,0,0,0,0,1,,,,,
,,,,,,,,,,,,5f08dafa392f74145122c0ee,13/10/1999,2020-08-27_18h40.23.296,proactive3.1,2020.1.2,Win32,60,5f47c29a48bd2a1e651a6eb7,5f47ede75080c61345c5990b,4,,,,,,,,,,,,,,,,,,,,,,,,,,,,,,,,,,,,,,,,,,,,,,,,,,,,,,,,,,,,,,,,,,,,,,,,,,,,,,,,,,,,,,,,,,,,,,,,,,,,,,,,,,,,,,,,,,,,,,1,0,1,0,1,,,,,
,,,,,,,,,,,,5f08dafa392f74145122c0ee,13/10/1999,2020-08-27_18h40.23.296,proactive3.1,2020.1.2,Win32,60,5f47c29a48bd2a1e651a6eb7,5f47ede75080c61345c5990b,4,,,,,,,,,,,,,,,,,,,,,,,,,,,,,,,,,,,,,,,,,,,,,,,,,,,,,,,,,,,,,,,,,,,,,,,,,,,,,,,,,,,,,,,,,,,,,,,,,,,,,,,,,,,,,,,,,,,,,,2,0,2,0,1,,,,,
,,,,,,,,,,,,5f08dafa392f74145122c0ee,13/10/1999,2020-08-27_18h40.23.296,proactive3.1,2020.1.2,Win32,60,5f47c29a48bd2a1e651a6eb7,5f47ede75080c61345c5990b,4,,,,,,,,,,,,,,,,,1,,,,,,,,,,,,,,,,,,,,,,,,,,,,,,,,,,,,,,,,,,,,,,,,,,,,,,,,,,,?,0.0011,3,FALSE,?,0.00094,0,FALSE,?,0.00106,2,FALSE,?,0.000955,1,FALSE,,,,,,MILLER,balcony,stimuli/images/PICTURE_63.png,new-new,DANGER,tray,stimuli/images/PICTURE_151.png,new-new,SPEECH,motorbike,stimuli/images/PICTURE_470.png,new-new,TEAR,shovel,stimuli/images/PICTURE_255.png,new-new,,,,,,,,,,,0,66,66,15,1
,,,,,,,,,,,,5f08dafa392f74145122c0ee,13/10/1999,2020-08-27_18h40.23.296,proactive3.1,2020.1.2,Win32,60,5f47c29a48bd2a1e651a6eb7,5f47ede75080c61345c5990b,4,,,,,,,,,,,,,,,,,,,,,,,,,,,,,,,,,,,,,,,,,,stimuli/search/b.png,stimuli/search/t.png,stimuli/search/b.png,stimuli/search/t.png,stimuli/search/t.png,stimuli/search/r.png,stimuli/search/b.png,stimuli/search/t.png,"[-0.23833333333333334,0.38528127049375177]","[-0.17833333333333334,0.37760725582839255]","[0.17833333333333334,0.3465840391540125]","[0.23833333333333334,0.32560349861814897]","[0.17833333333333334,-0.3252425524195017]","[0.23833333333333334,-0.4025097607475741]","[-0.23833333333333334,-0.3273268657308612]","[-0.17833333333333334,-0.36572806219890064]",1,,,,,,,,,,,,,,,,,,,,,,,,,,,,,,,,,,,,,,,,,,,,,,,,,,,,,,,0,0,0,0,1,,,,,,,,,,
,,,,,,,,,,,,5f08dafa392f74145122c0ee,13/10/1999,2020-08-27_18h40.23.296,proactive3.1,2020.1.2,Win32,60,5f47c29a48bd2a1e651a6eb7,5f47ede75080c61345c5990b,4,,,,,,,,,,,,,,,,,,,,,,,,,,,,,,,,,,,,,,,,,,stimuli/search/b.png,stimuli/search/t.png,stimuli/search/t.png,stimuli/search/r.png,stimuli/search/t.png,stimuli/search/b.png,stimuli/search/t.png,stimuli/search/b.png,"[-0.23833333333333334,0.41168065904544177]","[-0.17833333333333334,0.3244733934762027]","[0.17833333333333334,0.3605687417810587]","[0.23833333333333334,0.36653480257557625]","[0.17833333333333334,-0.3756026847791896]","[0.23833333333333334,-0.35673552406354375]","[-0.23833333333333334,-0.4069476067837915]","[-0.17833333333333334,-0.3676164668334955]",1,,,,,,,,,,,,,,,,,,,,,,,,,,,,,,,,,,,,,,,,,,,,,,,,,,,,,,,1,0,1,0,1,,,,,,,,,,
,,,,,,,,,,,,5f08dafa392f74145122c0ee,13/10/1999,2020-08-27_18h40.23.296,proactive3.1,2020.1.2,Win32,60,5f47c29a48bd2a1e651a6eb7,5f47ede75080c61345c5990b,4,,,,,,,,,,,,,,,,,,,,,,,,,,,,,,,,,,,,,,,,,,stimuli/search/t.png,stimuli/search/l.png,stimuli/search/b.png,stimuli/search/t.png,stimuli/search/b.png,stimuli/search/t.png,stimuli/search/t.png,stimuli/search/b.png,"[-0.23833333333333334,0.33105341798638854]","[-0.17833333333333334,0.37322506068209205]","[0.17833333333333334,0.35205771859729207]","[0.23833333333333334,0.3321281123052546]","[0.17833333333333334,-0.3990135334043623]","[0.23833333333333334,-0.3850223417420378]","[-0.23833333333333334,-0.3458361554690798]","[-0.17833333333333334,-0.3836653531274274]",0,,,,,,,,,,,,,,,,,,,,,,,,,,,,,,,,,,,,,,,,,,,,,,,,,,,,,,,2,0,2,0,1,,,,,,,,,,
,,,,,,,,,,,,5f08dafa392f74145122c0ee,13/10/1999,2020-08-27_18h40.23.296,proactive3.1,2020.1.2,Win32,60,5f47c29a48bd2a1e651a6eb7,5f47ede75080c61345c5990b,4,,,,,,,,,,,,,,,,,,,,,,,,,,,,,,,,,,,,,,,,,,stimuli/search/b.png,stimuli/search/t.png,stimuli/search/l.png,stimuli/search/b.png,stimuli/search/t.png,stimuli/search/b.png,stimuli/search/t.png,stimuli/search/b.png,"[-0.23833333333333334,0.3532218509381783]","[-0.17833333333333334,0.3818497789059111]","[0.17833333333333334,0.3829904490535482]","[0.23833333333333334,0.3272767364442576]","[0.17833333333333334,-0.35343140273296475]","[0.23833333333333334,-0.3523763406197985]","[-0.23833333333333334,-0.4075828104933123]","[-0.17833333333333334,-0.40637638860825265]",0,,,,,,,,,,,,,,,,,,,,,,,,,,,,,,,,,,,,,,,,,,,,,,,,,,,,,,,3,0,3,0,1,,,,,,,,,,
,,,,,,,,,,,,5f08dafa392f74145122c0ee,13/10/1999,2020-08-27_18h40.23.296,proactive3.1,2020.1.2,Win32,60,5f47c29a48bd2a1e651a6eb7,5f47ede75080c61345c5990b,4,,,,,,,,,,,,,,,,,,,,,,,,,,,,,,,,,,,,,,,,,,,,,,,,,,,,,,,,,,,,,,,,,,,,,,,,,,,,,,,,,,,,,,,,,,,,,,,,,,,,,,,,,,,,,,,,,,,,,,0,0,0,0,1,,,,,
,,,,,,,,,,,,5f08dafa392f74145122c0ee,13/10/1999,2020-08-27_18h40.23.296,proactive3.1,2020.1.2,Win32,60,5f47c29a48bd2a1e651a6eb7,5f47ede75080c61345c5990b,4,,,,,,,,,,,,,,,,,,,,,,,,,,,,,,,,,,,,,,,,,,,,,,,,,,,,,,,,,,,,,,,,,,,,,,,,,,,,,,,,,,,,,,,,,,,,,,,,,,,,,,,,,,,,,,,,,,,,,,1,0,1,0,1,,,,,
,,,,,,,,,,,,5f08dafa392f74145122c0ee,13/10/1999,2020-08-27_18h40.23.296,proactive3.1,2020.1.2,Win32,60,5f47c29a48bd2a1e651a6eb7,5f47ede75080c61345c5990b,4,,,,,,,,,,,,,,,,,,,,,,,,,,,,,,,,,,,,,,,,,,,,,,,,,,,,,,,,,,,,,,,,,,,,,,,,,,,,,,,,,,,,,,,,,,,,,,,,,,,,,,,,,,,,,,,,,,,,,,2,0,2,0,1,,,,,
,,,,,,,,,,,,5f08dafa392f74145122c0ee,13/10/1999,2020-08-27_18h40.23.296,proactive3.1,2020.1.2,Win32,60,5f47c29a48bd2a1e651a6eb7,5f47ede75080c61345c5990b,4,,,,,,,,,,,,,,,,,3,,,,,,,,,,,,,,,,,,,,,,,,,,,,,,,,,,,,,,,,,,,,,,,,,,,,,,,,,,,?,0.00065,1,FALSE,?,0.000945,0,FALSE,?,0.00079,2,FALSE,?,0.00065,3,FALSE,,,,,,YARD,monkey,stimuli/images/PICTURE_708.png,match,DIRT,scissors,stimuli/images/PICTURE_453.png,old-new,MILE,taxi,stimuli/images/PICTURE_302.png,new-new,SPEECH,carrot,stimuli/images/PICTURE_285.png,mis-match,,,,,,,,,,,0,67,67,35,1
,,,,,,,,,,,,5f08dafa392f74145122c0ee,13/10/1999,2020-08-27_18h40.23.296,proactive3.1,2020.1.2,Win32,60,5f47c29a48bd2a1e651a6eb7,5f47ede75080c61345c5990b,4,,,,,,,,,,,,,,,,,,,,,,,,,,,,,,,,,,,,,,,,,,stimuli/search/b.png,stimuli/search/t.png,stimuli/search/t.png,stimuli/search/b.png,stimuli/search/t.png,stimuli/search/l.png,stimuli/search/b.png,stimuli/search/t.png,"[-0.23833333333333334,0.33071437245245183]","[-0.17833333333333334,0.3711999668544966]","[0.17833333333333334,0.39475205328577145]","[0.23833333333333334,0.3415251333407415]","[0.17833333333333334,-0.39313528847502116]","[0.23833333333333334,-0.34814834401808953]","[-0.23833333333333334,-0.3369217203240843]","[-0.17833333333333334,-0.3246553367820247]",0,,,,,,,,,,,,,,,,,,,,,,,,,,,,,,,,,,,,,,,,,,,,,,,,,,,,,,,0,0,0,0,1,,,,,,,,,,
,,,,,,,,,,,,5f08dafa392f74145122c0ee,13/10/1999,2020-08-27_18h40.23.296,proactive3.1,2020.1.2,Win32,60,5f47c29a48bd2a1e651a6eb7,5f47ede75080c61345c5990b,4,,,,,,,,,,,,,,,,,,,,,,,,,,,,,,,,,,,,,,,,,,stimuli/search/b.png,stimuli/search/t.png,stimuli/search/t.png,stimuli/search/b.png,stimuli/search/b.png,stimuli/search/l.png,stimuli/search/t.png,stimuli/search/b.png,"[-0.23833333333333334,0.3765857535780367]","[-0.17833333333333334,0.3683462563479108]","[0.17833333333333334,0.39597707978012103]","[0.23833333333333334,0.3425049309863627]","[0.17833333333333334,-0.39418617699468333]","[0.23833333333333334,-0.3322797725878276]","[-0.23833333333333334,-0.40321589687266723]","[-0.17833333333333334,-0.401772649132059]",0,,,,,,,,,,,,,,,,,,,,,,,,,,,,,,,,,,,,,,,,,,,,,,,,,,,,,,,1,0,1,0,1,,,,,,,,,,
,,,,,,,,,,,,5f08dafa392f74145122c0ee,13/10/1999,2020-08-27_18h40.23.296,proactive3.1,2020.1.2,Win32,60,5f47c29a48bd2a1e651a6eb7,5f47ede75080c61345c5990b,4,,,,,,,,,,,,,,,,,,,,,,,,,,,,,,,,,,,,,,,,,,stimuli/search/t.png,stimuli/search/b.png,stimuli/search/t.png,stimuli/search/b.png,stimuli/search/l.png,stimuli/search/b.png,stimuli/search/b.png,stimuli/search/t.png,"[-0.23833333333333334,0.3615271579298247]","[-0.17833333333333334,0.37882423897009404]","[0.17833333333333334,0.36363789190513945]","[0.23833333333333334,0.37070998957072565]","[0.17833333333333334,-0.33814946294131865]","[0.23833333333333334,-0.37681623730210617]","[-0.23833333333333334,-0.38485505504215967]","[-0.17833333333333334,-0.3614129001153463]",0,,,,,,,,,,,,,,,,,,,,,,,,,,,,,,,,,,,,,,,,,,,,,,,,,,,,,,,2,0,2,0,1,,,,,,,,,,
,,,,,,,,,,,,5f08dafa392f74145122c0ee,13/10/1999,2020-08-27_18h40.23.296,proactive3.1,2020.1.2,Win32,60,5f47c29a48bd2a1e651a6eb7,5f47ede75080c61345c5990b,4,,,,,,,,,,,,,,,,,,,,,,,,,,,,,,,,,,,,,,,,,,stimuli/search/r.png,stimuli/search/t.png,stimuli/search/t.png,stimuli/search/b.png,stimuli/search/b.png,stimuli/search/t.png,stimuli/search/b.png,stimuli/search/t.png,"[-0.23833333333333334,0.38356094757599407]","[-0.17833333333333334,0.3389572027148451]","[0.17833333333333334,0.36369492251510627]","[0.23833333333333334,0.40478159624352444]","[0.17833333333333334,-0.38868826841457754]","[0.23833333333333334,-0.35467702838897075]","[-0.23833333333333334,-0.40993351218699203]","[-0.17833333333333334,-0.4137685206120278]",1,,,,,,,,,,,,,,,,,,,,,,,,,,,,,,,,,,,,,,,,,,,,,,,,,,,,,,,3,0,3,0,1,,,,,,,,,,
,,,,,,,,,,,,5f08dafa392f74145122c0ee,13/10/1999,2020-08-27_18h40.23.296,proactive3.1,2020.1.2,Win32,60,5f47c29a48bd2a1e651a6eb7,5f47ede75080c61345c5990b,4,,,,,,,,,,,,,,,,,,,,,,,,,,,,,,,,,,,,,,,,,,,,,,,,,,,,,,,,,,,,,,,,,,,,,,,,,,,,,,,,,,,,,,,,,,,,,,,,,,,,,,,,,,,,,,,,,,,,,,0,0,0,0,1,,,,,
,,,,,,,,,,,,5f08dafa392f74145122c0ee,13/10/1999,2020-08-27_18h40.23.296,proactive3.1,2020.1.2,Win32,60,5f47c29a48bd2a1e651a6eb7,5f47ede75080c61345c5990b,4,,,,,,,,,,,,,,,,,,,,,,,,,,,,,,,,,,,,,,,,,,,,,,,,,,,,,,,,,,,,,,,,,,,,,,,,,,,,,,,,,,,,,,,,,,,,,,,,,,,,,,,,,,,,,,,,,,,,,,1,0,1,0,1,,,,,
,,,,,,,,,,,,5f08dafa392f74145122c0ee,13/10/1999,2020-08-27_18h40.23.296,proactive3.1,2020.1.2,Win32,60,5f47c29a48bd2a1e651a6eb7,5f47ede75080c61345c5990b,4,,,,,,,,,,,,,,,,,,,,,,,,,,,,,,,,,,,,,,,,,,,,,,,,,,,,,,,,,,,,,,,,,,,,,,,,,,,,,,,,,,,,,,,,,,,,,,,,,,,,,,,,,,,,,,,,,,,,,,2,0,2,0,1,,,,,
,,,,,,,,,,,,5f08dafa392f74145122c0ee,13/10/1999,2020-08-27_18h40.23.296,proactive3.1,2020.1.2,Win32,60,5f47c29a48bd2a1e651a6eb7,5f47ede75080c61345c5990b,4,,,,,,,,,,,,,,,,,1,,,,,,,,,,,,,,,,,,,,,,,,,,,,,,,,,,,,,,,,,,,,,,,,,,,,,,,,,,,?,0.002945,0,FALSE,?,0.00117,1,FALSE,?,0.00702,2,FALSE,?,0.001555,3,FALSE,,,,,,CANDY,perfume,stimuli/images/PICTURE_314.png,mis-match,CLIENT,monkey,stimuli/images/PICTURE_708.png,match,STYLE,pear,stimuli/images/PICTURE_42.png,new-new,LIFE,wheel,stimuli/images/PICTURE_504.png,old-new,,,,,,,,,,,0,68,68,6,1
,,,,,,,,,,,,5f08dafa392f74145122c0ee,13/10/1999,2020-08-27_18h40.23.296,proactive3.1,2020.1.2,Win32,60,5f47c29a48bd2a1e651a6eb7,5f47ede75080c61345c5990b,4,,,,,,,,,,,,,,,,,,,,,,,,,,,,,,,,,,,,,,,,,,stimuli/search/b.png,stimuli/search/t.png,stimuli/search/b.png,stimuli/search/t.png,stimuli/search/t.png,stimuli/search/b.png,stimuli/search/l.png,stimuli/search/t.png,"[-0.23833333333333334,0.3688623822373502]","[-0.17833333333333334,0.3547820412097388]","[0.17833333333333334,0.37308580586926526]","[0.23833333333333334,0.39272154922358987]","[0.17833333333333334,-0.40025903172640587]","[0.23833333333333334,-0.3961670285722735]","[-0.23833333333333334,-0.35799054594820884]","[-0.17833333333333334,-0.3395761645796372]",0,,,,,,,,,,,,,,,,,,,,,,,,,,,,,,,,,,,,,,,,,,,,,,,,,,,,,,,0,0,0,0,1,,,,,,,,,,
,,,,,,,,,,,,5f08dafa392f74145122c0ee,13/10/1999,2020-08-27_18h40.23.296,proactive3.1,2020.1.2,Win32,60,5f47c29a48bd2a1e651a6eb7,5f47ede75080c61345c5990b,4,,,,,,,,,,,,,,,,,,,,,,,,,,,,,,,,,,,,,,,,,,stimuli/search/t.png,stimuli/search/b.png,stimuli/search/b.png,stimuli/search/t.png,stimuli/search/t.png,stimuli/search/b.png,stimuli/search/l.png,stimuli/search/b.png,"[-0.23833333333333334,0.3362555834459338]","[-0.17833333333333334,0.37757640723835884]","[0.17833333333333334,0.3427299765310734]","[0.23833333333333334,0.41317663530484167]","[0.17833333333333334,-0.36178441417503104]","[0.23833333333333334,-0.3703955941834782]","[-0.23833333333333334,-0.3457626724871443]","[-0.17833333333333334,-0.3720306351319276]",0,,,,,,,,,,,,,,,,,,,,,,,,,,,,,,,,,,,,,,,,,,,,,,,,,,,,,,,1,0,1,0,1,,,,,,,,,,
,,,,,,,,,,,,5f08dafa392f74145122c0ee,13/10/1999,2020-08-27_18h40.23.296,proactive3.1,2020.1.2,Win32,60,5f47c29a48bd2a1e651a6eb7,5f47ede75080c61345c5990b,4,,,,,,,,,,,,,,,,,,,,,,,,,,,,,,,,,,,,,,,,,,stimuli/search/r.png,stimuli/search/t.png,stimuli/search/t.png,stimuli/search/b.png,stimuli/search/b.png,stimuli/search/t.png,stimuli/search/t.png,stimuli/search/b.png,"[-0.23833333333333334,0.4118488943978601]","[-0.17833333333333334,0.34104385193403247]","[0.17833333333333334,0.33809430559710013]","[0.23833333333333334,0.3698026361662828]","[0.17833333333333334,-0.39751996266051126]","[0.23833333333333334,-0.3877653857637812]","[-0.23833333333333334,-0.334486786442162]","[-0.17833333333333334,-0.3361852106637108]",1,,,,,,,,,,,,,,,,,,,,,,,,,,,,,,,,,,,,,,,,,,,,,,,,,,,,,,,2,0,2,0,1,,,,,,,,,,
,,,,,,,,,,,,5f08dafa392f74145122c0ee,13/10/1999,2020-08-27_18h40.23.296,proactive3.1,2020.1.2,Win32,60,5f47c29a48bd2a1e651a6eb7,5f47ede75080c61345c5990b,4,,,,,,,,,,,,,,,,,,,,,,,,,,,,,,,,,,,,,,,,,,stimuli/search/b.png,stimuli/search/t.png,stimuli/search/b.png,stimuli/search/l.png,stimuli/search/t.png,stimuli/search/b.png,stimuli/search/b.png,stimuli/search/t.png,"[-0.23833333333333334,0.3457950399990555]","[-0.17833333333333334,0.34392090727554964]","[0.17833333333333334,0.3432863028830779]","[0.23833333333333334,0.36880379814719]","[0.17833333333333334,-0.32947183327317797]","[0.23833333333333334,-0.34567649501816455]","[-0.23833333333333334,-0.37248311629380065]","[-0.17833333333333334,-0.3786061509889723]",0,,,,,,,,,,,,,,,,,,,,,,,,,,,,,,,,,,,,,,,,,,,,,,,,,,,,,,,3,0,3,0,1,,,,,,,,,,
,,,,,,,,,,,,5f08dafa392f74145122c0ee,13/10/1999,2020-08-27_18h40.23.296,proactive3.1,2020.1.2,Win32,60,5f47c29a48bd2a1e651a6eb7,5f47ede75080c61345c5990b,4,,,,,,,,,,,,,,,,,,,,,,,,,,,,,,,,,,,,,,,,,,,,,,,,,,,,,,,,,,,,,,,,,,,,,,,,,,,,,,,,,,,,,,,,,,,,,,,,,,,,,,,,,,,,,,,,,,,,,,0,0,0,0,1,,,,,
,,,,,,,,,,,,5f08dafa392f74145122c0ee,13/10/1999,2020-08-27_18h40.23.296,proactive3.1,2020.1.2,Win32,60,5f47c29a48bd2a1e651a6eb7,5f47ede75080c61345c5990b,4,,,,,,,,,,,,,,,,,,,,,,,,,,,,,,,,,,,,,,,,,,,,,,,,,,,,,,,,,,,,,,,,,,,,,,,,,,,,,,,,,,,,,,,,,,,,,,,,,,,,,,,,,,,,,,,,,,,,,,1,0,1,0,1,,,,,
,,,,,,,,,,,,5f08dafa392f74145122c0ee,13/10/1999,2020-08-27_18h40.23.296,proactive3.1,2020.1.2,Win32,60,5f47c29a48bd2a1e651a6eb7,5f47ede75080c61345c5990b,4,,,,,,,,,,,,,,,,,,,,,,,,,,,,,,,,,,,,,,,,,,,,,,,,,,,,,,,,,,,,,,,,,,,,,,,,,,,,,,,,,,,,,,,,,,,,,,,,,,,,,,,,,,,,,,,,,,,,,,2,0,2,0,1,,,,,
,,,,,,,,,,,,5f08dafa392f74145122c0ee,13/10/1999,2020-08-27_18h40.23.296,proactive3.1,2020.1.2,Win32,60,5f47c29a48bd2a1e651a6eb7,5f47ede75080c61345c5990b,4,,,,,,,,,,,,,,,,,3,,,,,,,,,,,,,,,,,,,,,,,,,,,,,,,,,,,,,,,,,,,,,,,,,,,,,,,,,,,?,0.00404,3,FALSE,?,0.001475,1,FALSE,?,0.00146,0,FALSE,?,0.002995,2,FALSE,,,,,,SYSTEM,sun,stimuli/images/PICTURE_488.png,new-new,ARTIST,calendar,stimuli/images/PICTURE_108.png,mis-match,LETTER,mirror,stimuli/images/PICTURE_340.png,match,TEAR,hanger,stimuli/images/PICTURE_147.png,old-new,,,,,,,,,,,0,69,69,41,1
,,,,,,,,,,,,5f08dafa392f74145122c0ee,13/10/1999,2020-08-27_18h40.23.296,proactive3.1,2020.1.2,Win32,60,5f47c29a48bd2a1e651a6eb7,5f47ede75080c61345c5990b,4,,,,,,,,,,,,,,,,,,,,,,,,,,,,,,,,,,,,,,,,,,stimuli/search/b.png,stimuli/search/t.png,stimuli/search/b.png,stimuli/search/t.png,stimuli/search/r.png,stimuli/search/t.png,stimuli/search/b.png,stimuli/search/t.png,"[-0.23833333333333334,0.3358661092147307]","[-0.17833333333333334,0.3860146818114204]","[0.17833333333333334,0.3346229527630606]","[0.23833333333333334,0.33708115242886477]","[0.17833333333333334,-0.39079152385564964]","[0.23833333333333334,-0.34513703519172917]","[-0.23833333333333334,-0.38331035748983144]","[-0.17833333333333334,-0.3408864829602483]",1,,,,,,,,,,,,,,,,,,,,,,,,,,,,,,,,,,,,,,,,,,,,,,,,,,,,,,,0,0,0,0,1,,,,,,,,,,
,,,,,,,,,,,,5f08dafa392f74145122c0ee,13/10/1999,2020-08-27_18h40.23.296,proactive3.1,2020.1.2,Win32,60,5f47c29a48bd2a1e651a6eb7,5f47ede75080c61345c5990b,4,,,,,,,,,,,,,,,,,,,,,,,,,,,,,,,,,,,,,,,,,,stimuli/search/t.png,stimuli/search/b.png,stimuli/search/b.png,stimuli/search/t.png,stimuli/search/b.png,stimuli/search/l.png,stimuli/search/b.png,stimuli/search/t.png,"[-0.23833333333333334,0.3300435063710486]","[-0.17833333333333334,0.39852889286930754]","[0.17833333333333334,0.37330346352736865]","[0.23833333333333334,0.33698279163339934]","[0.17833333333333334,-0.3315142835082497]","[0.23833333333333334,-0.3954670983866335]","[-0.23833333333333334,-0.35511950329277814]","[-0.17833333333333334,-0.3658689331242557]",0,,,,,,,,,,,,,,,,,,,,,,,,,,,,,,,,,,,,,,,,,,,,,,,,,,,,,,,1,0,1,0,1,,,,,,,,,,
,,,,,,,,,,,,5f08dafa392f74145122c0ee,13/10/1999,2020-08-27_18h40.23.296,proactive3.1,2020.1.2,Win32,60,5f47c29a48bd2a1e651a6eb7,5f47ede75080c61345c5990b,4,,,,,,,,,,,,,,,,,,,,,,,,,,,,,,,,,,,,,,,,,,stimuli/search/b.png,stimuli/search/r.png,stimuli/search/b.png,stimuli/search/t.png,stimuli/search/t.png,stimuli/search/b.png,stimuli/search/t.png,stimuli/search/b.png,"[-0.23833333333333334,0.3665689217694632]","[-0.17833333333333334,0.34489375994284655]","[0.17833333333333334,0.41483363562473863]","[0.23833333333333334,0.34521138229978154]","[0.17833333333333334,-0.4092699470101058]","[0.23833333333333334,-0.3701925473953131]","[-0.23833333333333334,-0.3826852740892955]","[-0.17833333333333334,-0.325555551415443]",1,,,,,,,,,,,,,,,,,,,,,,,,,,,,,,,,,,,,,,,,,,,,,,,,,,,,,,,2,0,2,0,1,,,,,,,,,,
,,,,,,,,,,,,5f08dafa392f74145122c0ee,13/10/1999,2020-08-27_18h40.23.296,proactive3.1,2020.1.2,Win32,60,5f47c29a48bd2a1e651a6eb7,5f47ede75080c61345c5990b,4,,,,,,,,,,,,,,,,,,,,,,,,,,,,,,,,,,,,,,,,,,stimuli/search/l.png,stimuli/search/t.png,stimuli/search/b.png,stimuli/search/t.png,stimuli/search/b.png,stimuli/search/t.png,stimuli/search/t.png,stimuli/search/b.png,"[-0.23833333333333334,0.37721354616475644]","[-0.17833333333333334,0.3675967755313422]","[0.17833333333333334,0.4166102203267141]","[0.23833333333333334,0.41270435771069613]","[0.17833333333333334,-0.39534409061466413]","[0.23833333333333334,-0.3776171843972385]","[-0.23833333333333334,-0.39143603017050316]","[-0.17833333333333334,-0.3364521927951505]",0,,,,,,,,,,,,,,,,,,,,,,,,,,,,,,,,,,,,,,,,,,,,,,,,,,,,,,,3,0,3,0,1,,,,,,,,,,
,,,,,,,,,,,,5f08dafa392f74145122c0ee,13/10/1999,2020-08-27_18h40.23.296,proactive3.1,2020.1.2,Win32,60,5f47c29a48bd2a1e651a6eb7,5f47ede75080c61345c5990b,4,,,,,,,,,,,,,,,,,,,,,,,,,,,,,,,,,,,,,,,,,,,,,,,,,,,,,,,,,,,,,,,,,,,,,,,,,,,,,,,,,,,,,,,,,,,,,,,,,,,,,,,,,,,,,,,,,,,,,,0,0,0,0,1,,,,,
,,,,,,,,,,,,5f08dafa392f74145122c0ee,13/10/1999,2020-08-27_18h40.23.296,proactive3.1,2020.1.2,Win32,60,5f47c29a48bd2a1e651a6eb7,5f47ede75080c61345c5990b,4,,,,,,,,,,,,,,,,,,,,,,,,,,,,,,,,,,,,,,,,,,,,,,,,,,,,,,,,,,,,,,,,,,,,,,,,,,,,,,,,,,,,,,,,,,,,,,,,,,,,,,,,,,,,,,,,,,,,,,1,0,1,0,1,,,,,
,,,,,,,,,,,,5f08dafa392f74145122c0ee,13/10/1999,2020-08-27_18h40.23.296,proactive3.1,2020.1.2,Win32,60,5f47c29a48bd2a1e651a6eb7,5f47ede75080c61345c5990b,4,,,,,,,,,,,,,,,,,,,,,,,,,,,,,,,,,,,,,,,,,,,,,,,,,,,,,,,,,,,,,,,,,,,,,,,,,,,,,,,,,,,,,,,,,,,,,,,,,,,,,,,,,,,,,,,,,,,,,,2,0,2,0,1,,,,,
,,,,,,,,,,,,5f08dafa392f74145122c0ee,13/10/1999,2020-08-27_18h40.23.296,proactive3.1,2020.1.2,Win32,60,5f47c29a48bd2a1e651a6eb7,5f47ede75080c61345c5990b,4,,,,,,,,,,,,,,,,,6,,,,,,,,,,,,,,,,,,,,,,,,,,,,,,,,,,,,,,,,,,,,,,,,,,,,,,,,,,,?,0.00148,2,FALSE,?,0.002135,3,FALSE,?,0.00139,0,FALSE,?,0.002755,1,FALSE,,,,,,BELT,stool,stimuli/images/PICTURE_469.png,new-new,AREA,frame,stimuli/images/PICTURE_33.png,new-new,AGENT,salt,stimuli/images/PICTURE_233.png,new-new,ESTATE,tractor,stimuli/images/PICTURE_74.png,new-new,,,,,,,,,,,0,70,70,92,1
,,,,,,,,,,,,5f08dafa392f74145122c0ee,13/10/1999,2020-08-27_18h40.23.296,proactive3.1,2020.1.2,Win32,60,5f47c29a48bd2a1e651a6eb7,5f47ede75080c61345c5990b,4,,,,,,,,,,,,,,,,,,,,,,,,,,,,,,,,,,,,,,,,,,stimuli/search/b.png,stimuli/search/t.png,stimuli/search/t.png,stimuli/search/b.png,stimuli/search/t.png,stimuli/search/r.png,stimuli/search/b.png,stimuli/search/t.png,"[-0.23833333333333334,0.3856386003038942]","[-0.17833333333333334,0.36569916348734866]","[0.17833333333333334,0.3551155725681493]","[0.23833333333333334,0.36977193196845987]","[0.17833333333333334,-0.3647443896928923]","[0.23833333333333334,-0.41546907724541376]","[-0.23833333333333334,-0.34203075109292863]","[-0.17833333333333334,-0.4128474768706128]",1,,,,,,,,,,,,,,,,,,,,,,,,,,,,,,,,,,,,,,,,,,,,,,,,,,,,,,,0,0,0,0,1,,,,,,,,,,
,,,,,,,,,,,,5f08dafa392f74145122c0ee,13/10/1999,2020-08-27_18h40.23.296,proactive3.1,2020.1.2,Win32,60,5f47c29a48bd2a1e651a6eb7,5f47ede75080c61345c5990b,4,,,,,,,,,,,,,,,,,,,,,,,,,,,,,,,,,,,,,,,,,,stimuli/search/t.png,stimuli/search/b.png,stimuli/search/b.png,stimuli/search/r.png,stimuli/search/b.png,stimuli/search/t.png,stimuli/search/b.png,stimuli/search/t.png,"[-0.23833333333333334,0.40646992554004646]","[-0.17833333333333334,0.3273811835945342]","[0.17833333333333334,0.4137005881391605]","[0.23833333333333334,0.3296495097645554]","[0.17833333333333334,-0.3789590684391394]","[0.23833333333333334,-0.3777031906834003]","[-0.23833333333333334,-0.4051346121818051]","[-0.17833333333333334,-0.394398915244217]",1,,,,,,,,,,,,,,,,,,,,,,,,,,,,,,,,,,,,,,,,,,,,,,,,,,,,,,,1,0,1,0,1,,,,,,,,,,
,,,,,,,,,,,,5f08dafa392f74145122c0ee,13/10/1999,2020-08-27_18h40.23.296,proactive3.1,2020.1.2,Win32,60,5f47c29a48bd2a1e651a6eb7,5f47ede75080c61345c5990b,4,,,,,,,,,,,,,,,,,,,,,,,,,,,,,,,,,,,,,,,,,,stimuli/search/t.png,stimuli/search/b.png,stimuli/search/b.png,stimuli/search/t.png,stimuli/search/b.png,stimuli/search/t.png,stimuli/search/r.png,stimuli/search/b.png,"[-0.23833333333333334,0.3879978444095738]","[-0.17833333333333334,0.3273641498760854]","[0.17833333333333334,0.3866674566134711]","[0.23833333333333334,0.36672321317927564]","[0.17833333333333334,-0.3420592285354268]","[0.23833333333333334,-0.3773591857692072]","[-0.23833333333333334,-0.40247482262502127]","[-0.17833333333333334,-0.3426629538094461]",1,,,,,,,,,,,,,,,,,,,,,,,,,,,,,,,,,,,,,,,,,,,,,,,,,,,,,,,2,0,2,0,1,,,,,,,,,,
,,,,,,,,,,,,5f08dafa392f74145122c0ee,13/10/1999,2020-08-27_18h40.23.296,proactive3.1,2020.1.2,Win32,60,5f47c29a48bd2a1e651a6eb7,5f47ede75080c61345c5990b,4,,,,,,,,,,,,,,,,,,,,,,,,,,,,,,,,,,,,,,,,,,stimuli/search/t.png,stimuli/search/b.png,stimuli/search/t.png,stimuli/search/b.png,stimuli/search/t.png,stimuli/search/r.png,stimuli/search/b.png,stimuli/search/t.png,"[-0.23833333333333334,0.35908815536998717]","[-0.17833333333333334,0.40220874138236423]","[0.17833333333333334,0.3682230459760358]","[0.23833333333333334,0.4135975409579761]","[0.17833333333333334,-0.39947143207896807]","[0.23833333333333334,-0.3856491020584625]","[-0.23833333333333334,-0.373397414269526]","[-0.17833333333333334,-0.37618025234397773]",1,,,,,,,,,,,,,,,,,,,,,,,,,,,,,,,,,,,,,,,,,,,,,,,,,,,,,,,3,0,3,0,1,,,,,,,,,,
,,,,,,,,,,,,5f08dafa392f74145122c0ee,13/10/1999,2020-08-27_18h40.23.296,proactive3.1,2020.1.2,Win32,60,5f47c29a48bd2a1e651a6eb7,5f47ede75080c61345c5990b,4,,,,,,,,,,,,,,,,,,,,,,,,,,,,,,,,,,,,,,,,,,,,,,,,,,,,,,,,,,,,,,,,,,,,,,,,,,,,,,,,,,,,,,,,,,,,,,,,,,,,,,,,,,,,,,,,,,,,,,0,0,0,0,1,,,,,
,,,,,,,,,,,,5f08dafa392f74145122c0ee,13/10/1999,2020-08-27_18h40.23.296,proactive3.1,2020.1.2,Win32,60,5f47c29a48bd2a1e651a6eb7,5f47ede75080c61345c5990b,4,,,,,,,,,,,,,,,,,,,,,,,,,,,,,,,,,,,,,,,,,,,,,,,,,,,,,,,,,,,,,,,,,,,,,,,,,,,,,,,,,,,,,,,,,,,,,,,,,,,,,,,,,,,,,,,,,,,,,,1,0,1,0,1,,,,,
,,,,,,,,,,,,5f08dafa392f74145122c0ee,13/10/1999,2020-08-27_18h40.23.296,proactive3.1,2020.1.2,Win32,60,5f47c29a48bd2a1e651a6eb7,5f47ede75080c61345c5990b,4,,,,,,,,,,,,,,,,,,,,,,,,,,,,,,,,,,,,,,,,,,,,,,,,,,,,,,,,,,,,,,,,,,,,,,,,,,,,,,,,,,,,,,,,,,,,,,,,,,,,,,,,,,,,,,,,,,,,,,2,0,2,0,1,,,,,
,,,,,,,,,,,,5f08dafa392f74145122c0ee,13/10/1999,2020-08-27_18h40.23.296,proactive3.1,2020.1.2,Win32,60,5f47c29a48bd2a1e651a6eb7,5f47ede75080c61345c5990b,4,,,,,,,,,,,,,,,,,3,,,,,,,,,,,,,,,,,,,,,,,,,,,,,,,,,,,,,,,,,,,,,,,,,,,,,,,,,,,?,0.001295,1,FALSE,?,0.00281,0,FALSE,?,0.0015,2,FALSE,?,0.001355,3,FALSE,,,,,,APPLE,dice,stimuli/images/PICTURE_308.png,new-new,MOMENT,boot,stimuli/images/PICTURE_215.png,old-new,IDEAS,coin,stimuli/images/PICTURE_383.png,mis-match,ROOF,rug,stimuli/images/PICTURE_491.png,match,,,,,,,,,,,0,71,71,36,1
,,,,,,,,,,,,5f08dafa392f74145122c0ee,13/10/1999,2020-08-27_18h40.23.296,proactive3.1,2020.1.2,Win32,60,5f47c29a48bd2a1e651a6eb7,5f47ede75080c61345c5990b,4,,,,,,,,,,,,,,,,,,,,,,,,,,,,,,,,,,,,,,,,,,stimuli/search/t.png,stimuli/search/b.png,stimuli/search/t.png,stimuli/search/b.png,stimuli/search/b.png,stimuli/search/t.png,stimuli/search/b.png,stimuli/search/l.png,"[-0.23833333333333334,0.35282256839389936]","[-0.17833333333333334,0.32619629448068305]","[0.17833333333333334,0.32819132722126665]","[0.23833333333333334,0.4086037337325291]","[0.17833333333333334,-0.38592192594256214]","[0.23833333333333334,-0.40991528827410745]","[-0.23833333333333334,-0.3326579268048144]","[-0.17833333333333334,-0.33033986317306]",0,0,,,,,,1.86967,,,,,,,,,,,,,,,,,,,,,,,,,,,,,,,,,,,,,,,,,,,,,,,,0,0,0,0,1,,,,,,,,,,
,,,,,,,,,,,,5f08dafa392f74145122c0ee,13/10/1999,2020-08-27_18h40.23.296,proactive3.1,2020.1.2,Win32,60,5f47c29a48bd2a1e651a6eb7,5f47ede75080c61345c5990b,4,,,,,,,,,,,,,,,,,,,,,,,,,,,,,,,,,,,,,,,,,,stimuli/search/t.png,stimuli/search/b.png,stimuli/search/b.png,stimuli/search/l.png,stimuli/search/b.png,stimuli/search/t.png,stimuli/search/t.png,stimuli/search/b.png,"[-0.23833333333333334,0.3516383994919079]","[-0.17833333333333334,0.4128103125030609]","[0.17833333333333334,0.38738479799248504]","[0.23833333333333334,0.3662546249033608]","[0.17833333333333334,-0.3359279159964662]","[0.23833333333333334,-0.41280186759458404]","[-0.23833333333333334,-0.3350186839024492]","[-0.17833333333333334,-0.40810677966704145]",0,1,,,,,,0.770255,,,,,,,,,,,,,,,,,,,,,,,,,,,,,,,,,,,,,,,,,,,,,,,,1,0,1,0,1,,,,,,,,,,
,,,,,,,,,,,,5f08dafa392f74145122c0ee,13/10/1999,2020-08-27_18h40.23.296,proactive3.1,2020.1.2,Win32,60,5f47c29a48bd2a1e651a6eb7,5f47ede75080c61345c5990b,4,,,,,,,,,,,,,,,,,,,,,,,,,,,,,,,,,,,,,,,,,,stimuli/search/r.png,stimuli/search/t.png,stimuli/search/b.png,stimuli/search/t.png,stimuli/search/t.png,stimuli/search/b.png,stimuli/search/b.png,stimuli/search/t.png,"[-0.23833333333333334,0.3317905200557691]","[-0.17833333333333334,0.3643473684116907]","[0.17833333333333334,0.38913558985947505]","[0.23833333333333334,0.38149251821015295]","[0.17833333333333334,-0.3599224460204384]","[0.23833333333333334,-0.3642324944424641]","[-0.23833333333333334,-0.3263137330137255]","[-0.17833333333333334,-0.33106417254198567]",1,1,,,,,,1.88577,,,,,,,,,,,,,,,,,,,,,,,,,,,,,,,,,,,,,,,,,,,,,,,,2,0,2,0,1,,,,,,,,,,
,,,,,,,,,,,,5f08dafa392f74145122c0ee,13/10/1999,2020-08-27_18h40.23.296,proactive3.1,2020.1.2,Win32,60,5f47c29a48bd2a1e651a6eb7,5f47ede75080c61345c5990b,4,,,,,,,,,,,,,,,,,,,,,,,,,,,,,,,,,,,,,,,,,,stimuli/search/b.png,stimuli/search/t.png,stimuli/search/b.png,stimuli/search/t.png,stimuli/search/t.png,stimuli/search/b.png,stimuli/search/r.png,stimuli/search/t.png,"[-0.23833333333333334,0.33565754592646274]","[-0.17833333333333334,0.40831467964428475]","[0.17833333333333334,0.38809291863510276]","[0.23833333333333334,0.39815675384639854]","[0.17833333333333334,-0.35378513679731927]","[0.23833333333333334,-0.37939504413746994]","[-0.23833333333333334,-0.3840200412276333]","[-0.17833333333333334,-0.41095743513084415]",1,1,,,,,,0.54383,,,,,,,,,,,,,,,,,,,,,,,,,,,,,,,,,,,,,,,,,,,,,,,,3,0,3,0,1,,,,,,,,,,
,,,,,,,,,,,,5f08dafa392f74145122c0ee,13/10/1999,2020-08-27_18h40.23.296,proactive3.1,2020.1.2,Win32,60,5f47c29a48bd2a1e651a6eb7,5f47ede75080c61345c5990b,4,,,,,,,,,,,,,,,,,,,,,,,,,,,,,,,,,,,,,,,,,,,,,,,,,,,,,,,,,,,,,,,,,,,,,,,,,,,,,,,,,,,,,,,,,,,,,,,,,,,,,,,,,,,,,,,,,,,,,,0,0,0,0,1,,,,,
,,,,,,,,,,,,5f08dafa392f74145122c0ee,13/10/1999,2020-08-27_18h40.23.296,proactive3.1,2020.1.2,Win32,60,5f47c29a48bd2a1e651a6eb7,5f47ede75080c61345c5990b,4,,,,,,,,,,,,,,,,,,,,,,,,,,,,,,,,,,,,,,,,,,,,,,,,,,,,,,,,,,,,,,,,,,,,,,,,,,,,,,,,,,,,,,,,,,,,,,,,,,,,,,,,,,,,,,,,,,,,,,1,0,1,0,1,,,,,
,,,,,,,,,,,,5f08dafa392f74145122c0ee,13/10/1999,2020-08-27_18h40.23.296,proactive3.1,2020.1.2,Win32,60,5f47c29a48bd2a1e651a6eb7,5f47ede75080c61345c5990b,4,,,,,,,,,,,,,,,,,,,,,,,,,,,,,,,,,,,,,,,,,,,,,,,,,,,,,,,,,,,,,,,,,,,,,,,,,,,,,,,,,,,,,,,,,,,,,,,,,,,,,,,,,,,,,,,,,,,,,,2,0,2,0,1,,,,,
,,,,,,,,,,,,5f08dafa392f74145122c0ee,13/10/1999,2020-08-27_18h40.23.296,proactive3.1,2020.1.2,Win32,60,5f47c29a48bd2a1e651a6eb7,5f47ede75080c61345c5990b,4,,,,,,,,,,,,,,,,,4,,,,,,,,,,,,,,,,,,,,,,,,,,,,,,,,,,,,,,,,,,,,,,,,,,,,,,,,,,,PRINCE,4.91909,3,TRUE,SPOON,3.63447,2,FALSE,RIVER,3.133825,1,TRUE,LIFE,2.79954,0,TRUE,,,,,,LIFE,carrot,stimuli/images/PICTURE_285.png,match,RIVER,sun,stimuli/images/PICTURE_488.png,mis-match,PRINCE,perfume,stimuli/images/PICTURE_314.png,old-new,SAKE,spoon,stimuli/images/PICTURE_564.png,new-new,,,,,,,,,,,0,72,72,57,1
,,,,,,,,,,,,5f08dafa392f74145122c0ee,13/10/1999,2020-08-27_18h40.23.296,proactive3.1,2020.1.2,Win32,60,5f47c29a48bd2a1e651a6eb7,5f47ede75080c61345c5990b,4,,,,,,,,,,,,,,,,,,,,,,,,,,,,,,,,,,,,,,,,,,stimuli/search/b.png,stimuli/search/t.png,stimuli/search/b.png,stimuli/search/t.png,stimuli/search/b.png,stimuli/search/l.png,stimuli/search/t.png,stimuli/search/b.png,"[-0.23833333333333334,0.38783567678306213]","[-0.17833333333333334,0.3279264337746816]","[0.17833333333333334,0.34877156940420934]","[0.23833333333333334,0.4018311504771104]","[0.17833333333333334,-0.39596697603939834]","[0.23833333333333334,-0.3322950457288644]","[-0.23833333333333334,-0.3387282604500879]","[-0.17833333333333334,-0.35647857587040027]",0,,,,,,,,,,,,,,,,,,,,,,,,,,,,,,,,,,,,,,,,,,,,,,,,,,,,,,,0,0,0,0,1,,,,,,,,,,
,,,,,,,,,,,,5f08dafa392f74145122c0ee,13/10/1999,2020-08-27_18h40.23.296,proactive3.1,2020.1.2,Win32,60,5f47c29a48bd2a1e651a6eb7,5f47ede75080c61345c5990b,4,,,,,,,,,,,,,,,,,,,,,,,,,,,,,,,,,,,,,,,,,,stimuli/search/t.png,stimuli/search/r.png,stimuli/search/t.png,stimuli/search/b.png,stimuli/search/t.png,stimuli/search/b.png,stimuli/search/t.png,stimuli/search/b.png,"[-0.23833333333333334,0.3370338667284333]","[-0.17833333333333334,0.3975419744022585]","[0.17833333333333334,0.3740992269451746]","[0.23833333333333334,0.33842951357505713]","[0.17833333333333334,-0.4062097495254868]","[0.23833333333333334,-0.3301545531395212]","[-0.23833333333333334,-0.414908295257445]","[-0.17833333333333334,-0.3924074845907795]",1,,,,,,,,,,,,,,,,,,,,,,,,,,,,,,,,,,,,,,,,,,,,,,,,,,,,,,,1,0,1,0,1,,,,,,,,,,
,,,,,,,,,,,,5f08dafa392f74145122c0ee,13/10/1999,2020-08-27_18h40.23.296,proactive3.1,2020.1.2,Win32,60,5f47c29a48bd2a1e651a6eb7,5f47ede75080c61345c5990b,4,,,,,,,,,,,,,,,,,,,,,,,,,,,,,,,,,,,,,,,,,,stimuli/search/b.png,stimuli/search/t.png,stimuli/search/l.png,stimuli/search/t.png,stimuli/search/t.png,stimuli/search/b.png,stimuli/search/t.png,stimuli/search/b.png,"[-0.23833333333333334,0.38731847120766255]","[-0.17833333333333334,0.3286878734526905]","[0.17833333333333334,0.38617155993406377]","[0.23833333333333334,0.4024771652594452]","[0.17833333333333334,-0.3440705947223586]","[0.23833333333333334,-0.3358990372372961]","[-0.23833333333333334,-0.36243491983865295]","[-0.17833333333333334,-0.40130815317111407]",0,,,,,,,,,,,,,,,,,,,,,,,,,,,,,,,,,,,,,,,,,,,,,,,,,,,,,,,2,0,2,0,1,,,,,,,,,,
,,,,,,,,,,,,5f08dafa392f74145122c0ee,13/10/1999,2020-08-27_18h40.23.296,proactive3.1,2020.1.2,Win32,60,5f47c29a48bd2a1e651a6eb7,5f47ede75080c61345c5990b,4,,,,,,,,,,,,,,,,,,,,,,,,,,,,,,,,,,,,,,,,,,stimuli/search/t.png,stimuli/search/b.png,stimuli/search/r.png,stimuli/search/t.png,stimuli/search/b.png,stimuli/search/t.png,stimuli/search/t.png,stimuli/search/b.png,"[-0.23833333333333334,0.33631730949053035]","[-0.17833333333333334,0.3625831476800388]","[0.17833333333333334,0.3796951718059515]","[0.23833333333333334,0.38009672255802246]","[0.17833333333333334,-0.3313560652415896]","[0.23833333333333334,-0.3892250697172494]","[-0.23833333333333334,-0.33951817879999036]","[-0.17833333333333334,-0.3964621105086405]",1,,,,,,,,,,,,,,,,,,,,,,,,,,,,,,,,,,,,,,,,,,,,,,,,,,,,,,,3,0,3,0,1,,,,,,,,,,
,,,,,,,,,,,,5f08dafa392f74145122c0ee,13/10/1999,2020-08-27_18h40.23.296,proactive3.1,2020.1.2,Win32,60,5f47c29a48bd2a1e651a6eb7,5f47ede75080c61345c5990b,4,,,,,,,,,,,,,,,,,,,,,,,,,,,,,,,,,,,,,,,,,,,,,,,,,,,,,,,,,,,,,,,,,,,,,,,,,,,,,,,,,,,,,,,,,,,,,,,,,,,,,,,,,,,,,,,,,,,,,,0,0,0,0,1,,,,,
,,,,,,,,,,,,5f08dafa392f74145122c0ee,13/10/1999,2020-08-27_18h40.23.296,proactive3.1,2020.1.2,Win32,60,5f47c29a48bd2a1e651a6eb7,5f47ede75080c61345c5990b,4,,,,,,,,,,,,,,,,,,,,,,,,,,,,,,,,,,,,,,,,,,,,,,,,,,,,,,,,,,,,,,,,,,,,,,,,,,,,,,,,,,,,,,,,,,,,,,,,,,,,,,,,,,,,,,,,,,,,,,1,0,1,0,1,,,,,
,,,,,,,,,,,,5f08dafa392f74145122c0ee,13/10/1999,2020-08-27_18h40.23.296,proactive3.1,2020.1.2,Win32,60,5f47c29a48bd2a1e651a6eb7,5f47ede75080c61345c5990b,4,,,,,,,,,,,,,,,,,,,,,,,,,,,,,,,,,,,,,,,,,,,,,,,,,,,,,,,,,,,,,,,,,,,,,,,,,,,,,,,,,,,,,,,,,,,,,,,,,,,,,,,,,,,,,,,,,,,,,,2,0,2,0,1,,,,,
,,,,,,,,,,,,5f08dafa392f74145122c0ee,13/10/1999,2020-08-27_18h40.23.296,proactive3.1,2020.1.2,Win32,60,5f47c29a48bd2a1e651a6eb7,5f47ede75080c61345c5990b,4,,,,,,,,,,,,,,,,,5,,,,,,,,,,,,,,,,,,,,,,,,,,,,,,,,,,,,,,,,,,,,,,,,,,,,,,,,,,,?,0.00083,2,FALSE,?,0.00071,0,FALSE,?,0.00127,1,FALSE,?,0.000655,3,FALSE,,,,,,RECORD,frame,stimuli/images/PICTURE_33.png,new-new,SAKE,anchor,stimuli/images/PICTURE_405.png,new-new,DIRT,hanger,stimuli/images/PICTURE_147.png,new-new,PRINCE,cap,stimuli/images/PICTURE_203.png,new-new,,,,,,,,,,,0,73,73,74,1
,,,,,,,,,,,,5f08dafa392f74145122c0ee,13/10/1999,2020-08-27_18h40.23.296,proactive3.1,2020.1.2,Win32,60,5f47c29a48bd2a1e651a6eb7,5f47ede75080c61345c5990b,4,,,,,,,,,,,,,,,,,,,,,,,,,,,,,,,,,,,,,,,,,,stimuli/search/b.png,stimuli/search/t.png,stimuli/search/b.png,stimuli/search/t.png,stimuli/search/b.png,stimuli/search/t.png,stimuli/search/b.png,stimuli/search/r.png,"[-0.23833333333333334,0.3290571991460115]","[-0.17833333333333334,0.34198566794610274]","[0.17833333333333334,0.38498944981383293]","[0.23833333333333334,0.36632734178229953]","[0.17833333333333334,-0.34923641448967324]","[0.23833333333333334,-0.36557660094970007]","[-0.23833333333333334,-0.34348049019564253]","[-0.17833333333333334,-0.383680080069341]",1,,,,,,,,,,,,,,,,,,,,,,,,,,,,,,,,,,,,,,,,,,,,,,,,,,,,,,,0,0,0,0,1,,,,,,,,,,
,,,,,,,,,,,,5f08dafa392f74145122c0ee,13/10/1999,2020-08-27_18h40.23.296,proactive3.1,2020.1.2,Win32,60,5f47c29a48bd2a1e651a6eb7,5f47ede75080c61345c5990b,4,,,,,,,,,,,,,,,,,,,,,,,,,,,,,,,,,,,,,,,,,,stimuli/search/t.png,stimuli/search/b.png,stimuli/search/b.png,stimuli/search/r.png,stimuli/search/t.png,stimuli/search/b.png,stimuli/search/b.png,stimuli/search/t.png,"[-0.23833333333333334,0.3424050321892927]","[-0.17833333333333334,0.3915107731227033]","[0.17833333333333334,0.36545444783256176]","[0.23833333333333334,0.41572569212277266]","[0.17833333333333334,-0.3492930629648008]","[0.23833333333333334,-0.3568458888123839]","[-0.23833333333333334,-0.40713640646143623]","[-0.17833333333333334,-0.4112369997996637]",1,,,,,,,,,,,,,,,,,,,,,,,,,,,,,,,,,,,,,,,,,,,,,,,,,,,,,,,1,0,1,0,1,,,,,,,,,,
,,,,,,,,,,,,5f08dafa392f74145122c0ee,13/10/1999,2020-08-27_18h40.23.296,proactive3.1,2020.1.2,Win32,60,5f47c29a48bd2a1e651a6eb7,5f47ede75080c61345c5990b,4,,,,,,,,,,,,,,,,,,,,,,,,,,,,,,,,,,,,,,,,,,stimuli/search/t.png,stimuli/search/b.png,stimuli/search/b.png,stimuli/search/r.png,stimuli/search/b.png,stimuli/search/t.png,stimuli/search/b.png,stimuli/search/t.png,"[-0.23833333333333334,0.397690450816904]","[-0.17833333333333334,0.34658668516351837]","[0.17833333333333334,0.3886389672823879]","[0.23833333333333334,0.3806653275705086]","[0.17833333333333334,-0.39024933238653636]","[0.23833333333333334,-0.39801513225711305]","[-0.23833333333333334,-0.32920814882920696]","[-0.17833333333333334,-0.37336631450012087]",1,,,,,,,,,,,,,,,,,,,,,,,,,,,,,,,,,,,,,,,,,,,,,,,,,,,,,,,2,0,2,0,1,,,,,,,,,,
,,,,,,,,,,,,5f08dafa392f74145122c0ee,13/10/1999,2020-08-27_18h40.23.296,proactive3.1,2020.1.2,Win32,60,5f47c29a48bd2a1e651a6eb7,5f47ede75080c61345c5990b,4,,,,,,,,,,,,,,,,,,,,,,,,,,,,,,,,,,,,,,,,,,stimuli/search/b.png,stimuli/search/t.png,stimuli/search/b.png,stimuli/search/t.png,stimuli/search/t.png,stimuli/search/b.png,stimuli/search/b.png,stimuli/search/l.png,"[-0.23833333333333334,0.3415137643334365]","[-0.17833333333333334,0.3636770868002736]","[0.17833333333333334,0.3995265800962166]","[0.23833333333333334,0.3614804422729557]","[0.17833333333333334,-0.33833231658664015]","[0.23833333333333334,-0.3680406476714177]","[-0.23833333333333334,-0.3543756308539511]","[-0.17833333333333334,-0.37919896571593154]",0,,,,,,,,,,,,,,,,,,,,,,,,,,,,,,,,,,,,,,,,,,,,,,,,,,,,,,,3,0,3,0,1,,,,,,,,,,
,,,,,,,,,,,,5f08dafa392f74145122c0ee,13/10/1999,2020-08-27_18h40.23.296,proactive3.1,2020.1.2,Win32,60,5f47c29a48bd2a1e651a6eb7,5f47ede75080c61345c5990b,4,,,,,,,,,,,,,,,,,,,,,,,,,,,,,,,,,,,,,,,,,,,,,,,,,,,,,,,,,,,,,,,,,,,,,,,,,,,,,,,,,,,,,,,,,,,,,,,,,,,,,,,,,,,,,,,,,,,,,,0,0,0,0,1,,,,,
,,,,,,,,,,,,5f08dafa392f74145122c0ee,13/10/1999,2020-08-27_18h40.23.296,proactive3.1,2020.1.2,Win32,60,5f47c29a48bd2a1e651a6eb7,5f47ede75080c61345c5990b,4,,,,,,,,,,,,,,,,,,,,,,,,,,,,,,,,,,,,,,,,,,,,,,,,,,,,,,,,,,,,,,,,,,,,,,,,,,,,,,,,,,,,,,,,,,,,,,,,,,,,,,,,,,,,,,,,,,,,,,1,0,1,0,1,,,,,
,,,,,,,,,,,,5f08dafa392f74145122c0ee,13/10/1999,2020-08-27_18h40.23.296,proactive3.1,2020.1.2,Win32,60,5f47c29a48bd2a1e651a6eb7,5f47ede75080c61345c5990b,4,,,,,,,,,,,,,,,,,,,,,,,,,,,,,,,,,,,,,,,,,,,,,,,,,,,,,,,,,,,,,,,,,,,,,,,,,,,,,,,,,,,,,,,,,,,,,,,,,,,,,,,,,,,,,,,,,,,,,,2,0,2,0,1,,,,,
,,,,,,,,,,,,5f08dafa392f74145122c0ee,13/10/1999,2020-08-27_18h40.23.296,proactive3.1,2020.1.2,Win32,60,5f47c29a48bd2a1e651a6eb7,5f47ede75080c61345c5990b,4,,,,,,,,,,,,,,,,,2,,,,,,,,,,,,,,,,,,,,,,,,,,,,,,,,,,,,,,,,,,,,,,,,,,,,,,,,,,,?,0.00085,3,FALSE,?,0.00102,1,FALSE,?,0.00063,2,FALSE,?,0.00059,0,FALSE,,,,,,FLIGHT,tyre,stimuli/images/PICTURE_2.png,match,YEAR,telephone,stimuli/images/PICTURE_509.png,mis-match,ARTIST,gorilla,stimuli/images/PICTURE_380.png,old-new,CANDY,cart,stimuli/images/PICTURE_248.png,new-new,,,,,,,,,,,0,74,74,19,1
,,,,,,,,,,,,5f08dafa392f74145122c0ee,13/10/1999,2020-08-27_18h40.23.296,proactive3.1,2020.1.2,Win32,60,5f47c29a48bd2a1e651a6eb7,5f47ede75080c61345c5990b,4,,,,,,,,,,,,,,,,,,,,,,,,,,,,,,,,,,,,,,,,,,stimuli/search/b.png,stimuli/search/t.png,stimuli/search/b.png,stimuli/search/t.png,stimuli/search/b.png,stimuli/search/t.png,stimuli/search/l.png,stimuli/search/b.png,"[-0.23833333333333334,0.3572960134001089]","[-0.17833333333333334,0.3558344359595746]","[0.17833333333333334,0.32438911614124444]","[0.23833333333333334,0.40879732514956135]","[0.17833333333333334,-0.4110416233740559]","[0.23833333333333334,-0.372915412165286]","[-0.23833333333333334,-0.3765169482387545]","[-0.17833333333333334,-0.37829734994517955]",0,,,,,,,,,,,,,,,,,,,,,,,,,,,,,,,,,,,,,,,,,,,,,,,,,,,,,,,0,0,0,0,1,,,,,,,,,,
,,,,,,,,,,,,5f08dafa392f74145122c0ee,13/10/1999,2020-08-27_18h40.23.296,proactive3.1,2020.1.2,Win32,60,5f47c29a48bd2a1e651a6eb7,5f47ede75080c61345c5990b,4,,,,,,,,,,,,,,,,,,,,,,,,,,,,,,,,,,,,,,,,,,stimuli/search/b.png,stimuli/search/t.png,stimuli/search/b.png,stimuli/search/r.png,stimuli/search/b.png,stimuli/search/t.png,stimuli/search/b.png,stimuli/search/t.png,"[-0.23833333333333334,0.41552087705164614]","[-0.17833333333333334,0.3549193305305262]","[0.17833333333333334,0.36414554905762647]","[0.23833333333333334,0.3530688468140493]","[0.17833333333333334,-0.36628381562128687]","[0.23833333333333334,-0.3292812984134441]","[-0.23833333333333334,-0.37919484500887424]","[-0.17833333333333334,-0.34886268017566197]",1,,,,,,,,,,,,,,,,,,,,,,,,,,,,,,,,,,,,,,,,,,,,,,,,,,,,,,,1,0,1,0,1,,,,,,,,,,
,,,,,,,,,,,,5f08dafa392f74145122c0ee,13/10/1999,2020-08-27_18h40.23.296,proactive3.1,2020.1.2,Win32,60,5f47c29a48bd2a1e651a6eb7,5f47ede75080c61345c5990b,4,,,,,,,,,,,,,,,,,,,,,,,,,,,,,,,,,,,,,,,,,,stimuli/search/l.png,stimuli/search/t.png,stimuli/search/b.png,stimuli/search/t.png,stimuli/search/t.png,stimuli/search/b.png,stimuli/search/b.png,stimuli/search/t.png,"[-0.23833333333333334,0.3619344322799932]","[-0.17833333333333334,0.40571619532523656]","[0.17833333333333334,0.3945497035782698]","[0.23833333333333334,0.3646315150801003]","[0.17833333333333334,-0.3304847980565489]","[0.23833333333333334,-0.398480467126802]","[-0.23833333333333334,-0.39472632127880025]","[-0.17833333333333334,-0.37947231129463316]",0,,,,,,,,,,,,,,,,,,,,,,,,,,,,,,,,,,,,,,,,,,,,,,,,,,,,,,,2,0,2,0,1,,,,,,,,,,
,,,,,,,,,,,,5f08dafa392f74145122c0ee,13/10/1999,2020-08-27_18h40.23.296,proactive3.1,2020.1.2,Win32,60,5f47c29a48bd2a1e651a6eb7,5f47ede75080c61345c5990b,4,,,,,,,,,,,,,,,,,,,,,,,,,,,,,,,,,,,,,,,,,,stimuli/search/t.png,stimuli/search/b.png,stimuli/search/t.png,stimuli/search/b.png,stimuli/search/l.png,stimuli/search/t.png,stimuli/search/t.png,stimuli/search/b.png,"[-0.23833333333333334,0.3264043107008999]","[-0.17833333333333334,0.409090462969244]","[0.17833333333333334,0.4045617815110719]","[0.23833333333333334,0.4091531706427261]","[0.17833333333333334,-0.3578588028381999]","[0.23833333333333334,-0.33026641605053103]","[-0.23833333333333334,-0.3912531249753006]","[-0.17833333333333334,-0.3285182848343521]",0,,,,,,,,,,,,,,,,,,,,,,,,,,,,,,,,,,,,,,,,,,,,,,,,,,,,,,,3,0,3,0,1,,,,,,,,,,
,,,,,,,,,,,,5f08dafa392f74145122c0ee,13/10/1999,2020-08-27_18h40.23.296,proactive3.1,2020.1.2,Win32,60,5f47c29a48bd2a1e651a6eb7,5f47ede75080c61345c5990b,4,,,,,,,,,,,,,,,,,,,,,,,,,,,,,,,,,,,,,,,,,,,,,,,,,,,,,,,,,,,,,,,,,,,,,,,,,,,,,,,,,,,,,,,,,,,,,,,,,,,,,,,,,,,,,,,,,,,,,,0,0,0,0,1,,,,,
,,,,,,,,,,,,5f08dafa392f74145122c0ee,13/10/1999,2020-08-27_18h40.23.296,proactive3.1,2020.1.2,Win32,60,5f47c29a48bd2a1e651a6eb7,5f47ede75080c61345c5990b,4,,,,,,,,,,,,,,,,,,,,,,,,,,,,,,,,,,,,,,,,,,,,,,,,,,,,,,,,,,,,,,,,,,,,,,,,,,,,,,,,,,,,,,,,,,,,,,,,,,,,,,,,,,,,,,,,,,,,,,1,0,1,0,1,,,,,
,,,,,,,,,,,,5f08dafa392f74145122c0ee,13/10/1999,2020-08-27_18h40.23.296,proactive3.1,2020.1.2,Win32,60,5f47c29a48bd2a1e651a6eb7,5f47ede75080c61345c5990b,4,,,,,,,,,,,,,,,,,,,,,,,,,,,,,,,,,,,,,,,,,,,,,,,,,,,,,,,,,,,,,,,,,,,,,,,,,,,,,,,,,,,,,,,,,,,,,,,,,,,,,,,,,,,,,,,,,,,,,,2,0,2,0,1,,,,,
,,,,,,,,,,,,5f08dafa392f74145122c0ee,13/10/1999,2020-08-27_18h40.23.296,proactive3.1,2020.1.2,Win32,60,5f47c29a48bd2a1e651a6eb7,5f47ede75080c61345c5990b,4,,,,,,,,,,,,,,,,,6,,,,,,,,,,,,,,,,,,,,,,,,,,,,,,,,,,,,,,,,,,,,,,,,,,,,,,,,,,,?,0.001885,3,FALSE,?,0.000835,0,FALSE,?,0.00094,2,FALSE,?,0.00085,1,FALSE,,,,,,PLENTY,monkey,stimuli/images/PICTURE_708.png,mis-match,FLESH,balcony,stimuli/images/PICTURE_63.png,new-new,PILLS,hanger,stimuli/images/PICTURE_147.png,old-new,DUDE,pepper,stimuli/images/PICTURE_348.png,match,,,,,,,,,,,0,75,75,81,1
,,,,,,,,,,,,5f08dafa392f74145122c0ee,13/10/1999,2020-08-27_18h40.23.296,proactive3.1,2020.1.2,Win32,60,5f47c29a48bd2a1e651a6eb7,5f47ede75080c61345c5990b,4,,,,,,,,,,,,,,,,,,,,,,,,,,,,,,,,,,,,,,,,,,stimuli/search/b.png,stimuli/search/r.png,stimuli/search/t.png,stimuli/search/b.png,stimuli/search/b.png,stimuli/search/t.png,stimuli/search/b.png,stimuli/search/t.png,"[-0.23833333333333334,0.3460294382676844]","[-0.17833333333333334,0.3747045641792894]","[0.17833333333333334,0.3886880062200564]","[0.23833333333333334,0.3875955275768954]","[0.17833333333333334,-0.4045625560131124]","[0.23833333333333334,-0.3351634317276241]","[-0.23833333333333334,-0.33623280299079966]","[-0.17833333333333334,-0.3254825932540375]",1,,,,,,,,,,,,,,,,,,,,,,,,,,,,,,,,,,,,,,,,,,,,,,,,,,,,,,,0,0,0,0,1,,,,,,,,,,
,,,,,,,,,,,,5f08dafa392f74145122c0ee,13/10/1999,2020-08-27_18h40.23.296,proactive3.1,2020.1.2,Win32,60,5f47c29a48bd2a1e651a6eb7,5f47ede75080c61345c5990b,4,,,,,,,,,,,,,,,,,,,,,,,,,,,,,,,,,,,,,,,,,,stimuli/search/t.png,stimuli/search/b.png,stimuli/search/b.png,stimuli/search/t.png,stimuli/search/t.png,stimuli/search/r.png,stimuli/search/b.png,stimuli/search/t.png,"[-0.23833333333333334,0.36516320927405865]","[-0.17833333333333334,0.34885065126159176]","[0.17833333333333334,0.39830729659554426]","[0.23833333333333334,0.40961402971844635]","[0.17833333333333334,-0.3523105594957692]","[0.23833333333333334,-0.36661275796840104]","[-0.23833333333333334,-0.38029878545622303]","[-0.17833333333333334,-0.3527630715592026]",1,,,,,,,,,,,,,,,,,,,,,,,,,,,,,,,,,,,,,,,,,,,,,,,,,,,,,,,1,0,1,0,1,,,,,,,,,,
,,,,,,,,,,,,5f08dafa392f74145122c0ee,13/10/1999,2020-08-27_18h40.23.296,proactive3.1,2020.1.2,Win32,60,5f47c29a48bd2a1e651a6eb7,5f47ede75080c61345c5990b,4,,,,,,,,,,,,,,,,,,,,,,,,,,,,,,,,,,,,,,,,,,stimuli/search/b.png,stimuli/search/t.png,stimuli/search/t.png,stimuli/search/b.png,stimuli/search/l.png,stimuli/search/b.png,stimuli/search/b.png,stimuli/search/t.png,"[-0.23833333333333334,0.3929952057301129]","[-0.17833333333333334,0.36430471795300345]","[0.17833333333333334,0.36888356414213913]","[0.23833333333333334,0.41384930917602786]","[0.17833333333333334,-0.3424224426401518]","[0.23833333333333334,-0.388969626546699]","[-0.23833333333333334,-0.3975052695221381]","[-0.17833333333333334,-0.37344266412061955]",0,,,,,,,,,,,,,,,,,,,,,,,,,,,,,,,,,,,,,,,,,,,,,,,,,,,,,,,2,0,2,0,1,,,,,,,,,,
,,,,,,,,,,,,5f08dafa392f74145122c0ee,13/10/1999,2020-08-27_18h40.23.296,proactive3.1,2020.1.2,Win32,60,5f47c29a48bd2a1e651a6eb7,5f47ede75080c61345c5990b,4,,,,,,,,,,,,,,,,,,,,,,,,,,,,,,,,,,,,,,,,,,stimuli/search/b.png,stimuli/search/t.png,stimuli/search/t.png,stimuli/search/b.png,stimuli/search/r.png,stimuli/search/b.png,stimuli/search/t.png,stimuli/search/b.png,"[-0.23833333333333334,0.38525039065039474]","[-0.17833333333333334,0.39099936079312136]","[0.17833333333333334,0.3713628068965233]","[0.23833333333333334,0.3653456677447183]","[0.17833333333333334,-0.3363947442806385]","[0.23833333333333334,-0.32917661172138896]","[-0.23833333333333334,-0.37722923510599854]","[-0.17833333333333334,-0.36285144510564576]",1,,,,,,,,,,,,,,,,,,,,,,,,,,,,,,,,,,,,,,,,,,,,,,,,,,,,,,,3,0,3,0,1,,,,,,,,,,
,,,,,,,,,,,,5f08dafa392f74145122c0ee,13/10/1999,2020-08-27_18h40.23.296,proactive3.1,2020.1.2,Win32,60,5f47c29a48bd2a1e651a6eb7,5f47ede75080c61345c5990b,4,,,,,,,,,,,,,,,,,,,,,,,,,,,,,,,,,,,,,,,,,,,,,,,,,,,,,,,,,,,,,,,,,,,,,,,,,,,,,,,,,,,,,,,,,,,,,,,,,,,,,,,,,,,,,,,,,,,,,,0,0,0,0,1,,,,,
,,,,,,,,,,,,5f08dafa392f74145122c0ee,13/10/1999,2020-08-27_18h40.23.296,proactive3.1,2020.1.2,Win32,60,5f47c29a48bd2a1e651a6eb7,5f47ede75080c61345c5990b,4,,,,,,,,,,,,,,,,,,,,,,,,,,,,,,,,,,,,,,,,,,,,,,,,,,,,,,,,,,,,,,,,,,,,,,,,,,,,,,,,,,,,,,,,,,,,,,,,,,,,,,,,,,,,,,,,,,,,,,1,0,1,0,1,,,,,
,,,,,,,,,,,,5f08dafa392f74145122c0ee,13/10/1999,2020-08-27_18h40.23.296,proactive3.1,2020.1.2,Win32,60,5f47c29a48bd2a1e651a6eb7,5f47ede75080c61345c5990b,4,,,,,,,,,,,,,,,,,,,,,,,,,,,,,,,,,,,,,,,,,,,,,,,,,,,,,,,,,,,,,,,,,,,,,,,,,,,,,,,,,,,,,,,,,,,,,,,,,,,,,,,,,,,,,,,,,,,,,,2,0,2,0,1,,,,,
,,,,,,,,,,,,5f08dafa392f74145122c0ee,13/10/1999,2020-08-27_18h40.23.296,proactive3.1,2020.1.2,Win32,60,5f47c29a48bd2a1e651a6eb7,5f47ede75080c61345c5990b,4,,,,,,,,,,,,,,,,,6,,,,,,,,,,,,,,,,,,,,,,,,,,,,,,,,,,,,,,,,,,,,,,,,,,,,,,,,,,,?,0.000905,0,FALSE,?,0.000785,2,FALSE,?,0.0007,1,FALSE,?,0.0008,3,FALSE,,,,,,GLASS,crown,stimuli/images/PICTURE_32.png,old-new,SYSTEM,sunflower,stimuli/images/PICTURE_141.png,new-new,FLIGHT,pawn,stimuli/images/PICTURE_356.png,mis-match,THING,bench,stimuli/images/PICTURE_449.png,match,,,,,,,,,,,0,76,76,87,1
,,,,,,,,,,,,5f08dafa392f74145122c0ee,13/10/1999,2020-08-27_18h40.23.296,proactive3.1,2020.1.2,Win32,60,5f47c29a48bd2a1e651a6eb7,5f47ede75080c61345c5990b,4,,,,,,,,,,,,,,,,,,,,,,,,,,,,,,,,,,,,,,,,,,stimuli/search/b.png,stimuli/search/t.png,stimuli/search/t.png,stimuli/search/b.png,stimuli/search/b.png,stimuli/search/t.png,stimuli/search/b.png,stimuli/search/l.png,"[-0.23833333333333334,0.3511429349669419]","[-0.17833333333333334,0.40182878620459106]","[0.17833333333333334,0.3996064796162659]","[0.23833333333333334,0.3515306618907013]","[0.17833333333333334,-0.3907470881862702]","[0.23833333333333334,-0.33700556677425625]","[-0.23833333333333334,-0.35506761102448675]","[-0.17833333333333334,-0.38990734104527114]",0,,,,,,,,,,,,,,,,,,,,,,,,,,,,,,,,,,,,,,,,,,,,,,,,,,,,,,,0,0,0,0,1,,,,,,,,,,
,,,,,,,,,,,,5f08dafa392f74145122c0ee,13/10/1999,2020-08-27_18h40.23.296,proactive3.1,2020.1.2,Win32,60,5f47c29a48bd2a1e651a6eb7,5f47ede75080c61345c5990b,4,,,,,,,,,,,,,,,,,,,,,,,,,,,,,,,,,,,,,,,,,,stimuli/search/t.png,stimuli/search/b.png,stimuli/search/l.png,stimuli/search/b.png,stimuli/search/b.png,stimuli/search/t.png,stimuli/search/t.png,stimuli/search/b.png,"[-0.23833333333333334,0.41144510405170875]","[-0.17833333333333334,0.3480673574008692]","[0.17833333333333334,0.41158463609837087]","[0.23833333333333334,0.3808642757889029]","[0.17833333333333334,-0.402146671700811]","[0.23833333333333334,-0.3532226728858452]","[-0.23833333333333334,-0.39386397542020907]","[-0.17833333333333334,-0.37759267560958926]",0,,,,,,,,,,,,,,,,,,,,,,,,,,,,,,,,,,,,,,,,,,,,,,,,,,,,,,,1,0,1,0,1,,,,,,,,,,
,,,,,,,,,,,,5f08dafa392f74145122c0ee,13/10/1999,2020-08-27_18h40.23.296,proactive3.1,2020.1.2,Win32,60,5f47c29a48bd2a1e651a6eb7,5f47ede75080c61345c5990b,4,,,,,,,,,,,,,,,,,,,,,,,,,,,,,,,,,,,,,,,,,,stimuli/search/b.png,stimuli/search/r.png,stimuli/search/b.png,stimuli/search/t.png,stimuli/search/t.png,stimuli/search/b.png,stimuli/search/t.png,stimuli/search/b.png,"[-0.23833333333333334,0.37020317061781893]","[-0.17833333333333334,0.3357571713087743]","[0.17833333333333334,0.3922167678880053]","[0.23833333333333334,0.3941515136915214]","[0.17833333333333334,-0.3304139779351346]","[0.23833333333333334,-0.33697186583671723]","[-0.23833333333333334,-0.402750802015246]","[-0.17833333333333334,-0.38755649456929675]",1,,,,,,,,,,,,,,,,,,,,,,,,,,,,,,,,,,,,,,,,,,,,,,,,,,,,,,,2,0,2,0,1,,,,,,,,,,
,,,,,,,,,,,,5f08dafa392f74145122c0ee,13/10/1999,2020-08-27_18h40.23.296,proactive3.1,2020.1.2,Win32,60,5f47c29a48bd2a1e651a6eb7,5f47ede75080c61345c5990b,4,,,,,,,,,,,,,,,,,,,,,,,,,,,,,,,,,,,,,,,,,,stimuli/search/r.png,stimuli/search/t.png,stimuli/search/b.png,stimuli/search/t.png,stimuli/search/t.png,stimuli/search/b.png,stimuli/search/t.png,stimuli/search/b.png,"[-0.23833333333333334,0.37697498736022067]","[-0.17833333333333334,0.41533814868225877]","[0.17833333333333334,0.36250325526715566]","[0.23833333333333334,0.35417158716430885]","[0.17833333333333334,-0.3770718437748579]","[0.23833333333333334,-0.3733206235897593]","[-0.23833333333333334,-0.37424417172057783]","[-0.17833333333333334,-0.40809815018799345]",1,,,,,,,,,,,,,,,,,,,,,,,,,,,,,,,,,,,,,,,,,,,,,,,,,,,,,,,3,0,3,0,1,,,,,,,,,,
,,,,,,,,,,,,5f08dafa392f74145122c0ee,13/10/1999,2020-08-27_18h40.23.296,proactive3.1,2020.1.2,Win32,60,5f47c29a48bd2a1e651a6eb7,5f47ede75080c61345c5990b,4,,,,,,,,,,,,,,,,,,,,,,,,,,,,,,,,,,,,,,,,,,,,,,,,,,,,,,,,,,,,,,,,,,,,,,,,,,,,,,,,,,,,,,,,,,,,,,,,,,,,,,,,,,,,,,,,,,,,,,0,0,0,0,1,,,,,
,,,,,,,,,,,,5f08dafa392f74145122c0ee,13/10/1999,2020-08-27_18h40.23.296,proactive3.1,2020.1.2,Win32,60,5f47c29a48bd2a1e651a6eb7,5f47ede75080c61345c5990b,4,,,,,,,,,,,,,,,,,,,,,,,,,,,,,,,,,,,,,,,,,,,,,,,,,,,,,,,,,,,,,,,,,,,,,,,,,,,,,,,,,,,,,,,,,,,,,,,,,,,,,,,,,,,,,,,,,,,,,,1,0,1,0,1,,,,,
,,,,,,,,,,,,5f08dafa392f74145122c0ee,13/10/1999,2020-08-27_18h40.23.296,proactive3.1,2020.1.2,Win32,60,5f47c29a48bd2a1e651a6eb7,5f47ede75080c61345c5990b,4,,,,,,,,,,,,,,,,,,,,,,,,,,,,,,,,,,,,,,,,,,,,,,,,,,,,,,,,,,,,,,,,,,,,,,,,,,,,,,,,,,,,,,,,,,,,,,,,,,,,,,,,,,,,,,,,,,,,,,2,0,2,0,1,,,,,
,,,,,,,,,,,,5f08dafa392f74145122c0ee,13/10/1999,2020-08-27_18h40.23.296,proactive3.1,2020.1.2,Win32,60,5f47c29a48bd2a1e651a6eb7,5f47ede75080c61345c5990b,4,,,,,,,,,,,,,,,,,3,,,,,,,,,,,,,,,,,,,,,,,,,,,,,,,,,,,,,,,,,,,,,,,,,,,,,,,,,,,?,0.000675,1,FALSE,?,0.0007,3,FALSE,?,0.00074,2,FALSE,?,0.000725,0,FALSE,,,,,,HONEY,kettle,stimuli/images/PICTURE_750.png,old-new,PLENTY,salt,stimuli/images/PICTURE_233.png,mis-match,STYLE,suitcase,stimuli/images/PICTURE_95.png,match,CLOCK,pear,stimuli/images/PICTURE_42.png,new-new,,,,,,,,,,,0,77,77,40,1
,,,,,,,,,,,,5f08dafa392f74145122c0ee,13/10/1999,2020-08-27_18h40.23.296,proactive3.1,2020.1.2,Win32,60,5f47c29a48bd2a1e651a6eb7,5f47ede75080c61345c5990b,4,,,,,,,,,,,,,,,,,,,,,,,,,,,,,,,,,,,,,,,,,,stimuli/search/b.png,stimuli/search/t.png,stimuli/search/r.png,stimuli/search/t.png,stimuli/search/b.png,stimuli/search/t.png,stimuli/search/b.png,stimuli/search/t.png,"[-0.23833333333333334,0.3773400699908602]","[-0.17833333333333334,0.37702688847735094]","[0.17833333333333334,0.3330054281904854]","[0.23833333333333334,0.33058639896070674]","[0.17833333333333334,-0.3656830094334612]","[0.23833333333333334,-0.40224576241672966]","[-0.23833333333333334,-0.3480072953905994]","[-0.17833333333333334,-0.3417749772012014]",1,,,,,,,,,,,,,,,,,,,,,,,,,,,,,,,,,,,,,,,,,,,,,,,,,,,,,,,0,0,0,0,1,,,,,,,,,,
,,,,,,,,,,,,5f08dafa392f74145122c0ee,13/10/1999,2020-08-27_18h40.23.296,proactive3.1,2020.1.2,Win32,60,5f47c29a48bd2a1e651a6eb7,5f47ede75080c61345c5990b,4,,,,,,,,,,,,,,,,,,,,,,,,,,,,,,,,,,,,,,,,,,stimuli/search/b.png,stimuli/search/t.png,stimuli/search/t.png,stimuli/search/b.png,stimuli/search/t.png,stimuli/search/l.png,stimuli/search/t.png,stimuli/search/b.png,"[-0.23833333333333334,0.3413708662158384]","[-0.17833333333333334,0.40649630771456197]","[0.17833333333333334,0.3889122012153749]","[0.23833333333333334,0.3976614318014692]","[0.17833333333333334,-0.3780338368635961]","[0.23833333333333334,-0.37286057403857986]","[-0.23833333333333334,-0.39305073436636867]","[-0.17833333333333334,-0.33035169525957225]",0,,,,,,,,,,,,,,,,,,,,,,,,,,,,,,,,,,,,,,,,,,,,,,,,,,,,,,,1,0,1,0,1,,,,,,,,,,
,,,,,,,,,,,,5f08dafa392f74145122c0ee,13/10/1999,2020-08-27_18h40.23.296,proactive3.1,2020.1.2,Win32,60,5f47c29a48bd2a1e651a6eb7,5f47ede75080c61345c5990b,4,,,,,,,,,,,,,,,,,,,,,,,,,,,,,,,,,,,,,,,,,,stimuli/search/t.png,stimuli/search/b.png,stimuli/search/t.png,stimuli/search/b.png,stimuli/search/t.png,stimuli/search/b.png,stimuli/search/b.png,stimuli/search/l.png,"[-0.23833333333333334,0.4067046007492995]","[-0.17833333333333334,0.35162770972144153]","[0.17833333333333334,0.39217090780894037]","[0.23833333333333334,0.32448118153136113]","[0.17833333333333334,-0.40147966582633304]","[0.23833333333333334,-0.3541095637308174]","[-0.23833333333333334,-0.34455285400195546]","[-0.17833333333333334,-0.3885672742877018]",0,,,,,,,,,,,,,,,,,,,,,,,,,,,,,,,,,,,,,,,,,,,,,,,,,,,,,,,2,0,2,0,1,,,,,,,,,,
,,,,,,,,,,,,5f08dafa392f74145122c0ee,13/10/1999,2020-08-27_18h40.23.296,proactive3.1,2020.1.2,Win32,60,5f47c29a48bd2a1e651a6eb7,5f47ede75080c61345c5990b,4,,,,,,,,,,,,,,,,,,,,,,,,,,,,,,,,,,,,,,,,,,stimuli/search/l.png,stimuli/search/b.png,stimuli/search/b.png,stimuli/search/t.png,stimuli/search/t.png,stimuli/search/b.png,stimuli/search/b.png,stimuli/search/t.png,"[-0.23833333333333334,0.3903702603823066]","[-0.17833333333333334,0.4122442122909522]","[0.17833333333333334,0.40114344323778756]","[0.23833333333333334,0.40975830950652115]","[0.17833333333333334,-0.3322575681182345]","[0.23833333333333334,-0.3442857800408946]","[-0.23833333333333334,-0.36057697083361623]","[-0.17833333333333334,-0.35049241270928394]",0,,,,,,,,,,,,,,,,,,,,,,,,,,,,,,,,,,,,,,,,,,,,,,,,,,,,,,,3,0,3,0,1,,,,,,,,,,
,,,,,,,,,,,,5f08dafa392f74145122c0ee,13/10/1999,2020-08-27_18h40.23.296,proactive3.1,2020.1.2,Win32,60,5f47c29a48bd2a1e651a6eb7,5f47ede75080c61345c5990b,4,,,,,,,,,,,,,,,,,,,,,,,,,,,,,,,,,,,,,,,,,,,,,,,,,,,,,,,,,,,,,,,,,,,,,,,,,,,,,,,,,,,,,,,,,,,,,,,,,,,,,,,,,,,,,,,,,,,,,,0,0,0,0,1,,,,,
,,,,,,,,,,,,5f08dafa392f74145122c0ee,13/10/1999,2020-08-27_18h40.23.296,proactive3.1,2020.1.2,Win32,60,5f47c29a48bd2a1e651a6eb7,5f47ede75080c61345c5990b,4,,,,,,,,,,,,,,,,,,,,,,,,,,,,,,,,,,,,,,,,,,,,,,,,,,,,,,,,,,,,,,,,,,,,,,,,,,,,,,,,,,,,,,,,,,,,,,,,,,,,,,,,,,,,,,,,,,,,,,1,0,1,0,1,,,,,
,,,,,,,,,,,,5f08dafa392f74145122c0ee,13/10/1999,2020-08-27_18h40.23.296,proactive3.1,2020.1.2,Win32,60,5f47c29a48bd2a1e651a6eb7,5f47ede75080c61345c5990b,4,,,,,,,,,,,,,,,,,,,,,,,,,,,,,,,,,,,,,,,,,,,,,,,,,,,,,,,,,,,,,,,,,,,,,,,,,,,,,,,,,,,,,,,,,,,,,,,,,,,,,,,,,,,,,,,,,,,,,,2,0,2,0,1,,,,,
,,,,,,,,,,,,5f08dafa392f74145122c0ee,13/10/1999,2020-08-27_18h40.23.296,proactive3.1,2020.1.2,Win32,60,5f47c29a48bd2a1e651a6eb7,5f47ede75080c61345c5990b,4,,,,,,,,,,,,,,,,,1,,,,,,,,,,,,,,,,,,,,,,,,,,,,,,,,,,,,,,,,,,,,,,,,,,,,,,,,,,,?,0.00078,0,FALSE,?,0.000635,2,FALSE,?,0.00057,1,FALSE,?,0.00119,3,FALSE,,,,,,SERIES,helmet,stimuli/images/PICTURE_327.png,match,FAMILY,diamond,stimuli/images/PICTURE_85.png,mis-match,THING,hanger,stimuli/images/PICTURE_147.png,old-new,CARS,candle,stimuli/images/PICTURE_68.png,new-new,,,,,,,,,,,0,78,78,5,1
,,,,,,,,,,,,5f08dafa392f74145122c0ee,13/10/1999,2020-08-27_18h40.23.296,proactive3.1,2020.1.2,Win32,60,5f47c29a48bd2a1e651a6eb7,5f47ede75080c61345c5990b,4,,,,,,,,,,,,,,,,,,,,,,,,,,,,,,,,,,,,,,,,,,stimuli/search/b.png,stimuli/search/r.png,stimuli/search/b.png,stimuli/search/t.png,stimuli/search/b.png,stimuli/search/t.png,stimuli/search/b.png,stimuli/search/t.png,"[-0.23833333333333334,0.32716888758802587]","[-0.17833333333333334,0.3693428428592307]","[0.17833333333333334,0.4157343548317599]","[0.23833333333333334,0.3704180117374005]","[0.17833333333333334,-0.35332170072526153]","[0.23833333333333334,-0.34036313897213993]","[-0.23833333333333334,-0.40453023007336986]","[-0.17833333333333334,-0.3954051918166023]",1,,,,,,,,,,,,,,,,,,,,,,,,,,,,,,,,,,,,,,,,,,,,,,,,,,,,,,,0,0,0,0,1,,,,,,,,,,
,,,,,,,,,,,,5f08dafa392f74145122c0ee,13/10/1999,2020-08-27_18h40.23.296,proactive3.1,2020.1.2,Win32,60,5f47c29a48bd2a1e651a6eb7,5f47ede75080c61345c5990b,4,,,,,,,,,,,,,,,,,,,,,,,,,,,,,,,,,,,,,,,,,,stimuli/search/t.png,stimuli/search/b.png,stimuli/search/t.png,stimuli/search/r.png,stimuli/search/b.png,stimuli/search/t.png,stimuli/search/t.png,stimuli/search/b.png,"[-0.23833333333333334,0.3477810706844721]","[-0.17833333333333334,0.3474834864514864]","[0.17833333333333334,0.3961348254041192]","[0.23833333333333334,0.35875742094858254]","[0.17833333333333334,-0.4024662040630534]","[0.23833333333333334,-0.35450616448887784]","[-0.23833333333333334,-0.3799329561861191]","[-0.17833333333333334,-0.34393584890537493]",1,,,,,,,,,,,,,,,,,,,,,,,,,,,,,,,,,,,,,,,,,,,,,,,,,,,,,,,1,0,1,0,1,,,,,,,,,,
,,,,,,,,,,,,5f08dafa392f74145122c0ee,13/10/1999,2020-08-27_18h40.23.296,proactive3.1,2020.1.2,Win32,60,5f47c29a48bd2a1e651a6eb7,5f47ede75080c61345c5990b,4,,,,,,,,,,,,,,,,,,,,,,,,,,,,,,,,,,,,,,,,,,stimuli/search/b.png,stimuli/search/t.png,stimuli/search/b.png,stimuli/search/t.png,stimuli/search/t.png,stimuli/search/b.png,stimuli/search/r.png,stimuli/search/t.png,"[-0.23833333333333334,0.402374651612616]","[-0.17833333333333334,0.3951409748113688]","[0.17833333333333334,0.33569401512768987]","[0.23833333333333334,0.39167669101017055]","[0.17833333333333334,-0.3291694294932321]","[0.23833333333333334,-0.38689304269424896]","[-0.23833333333333334,-0.36602384269938737]","[-0.17833333333333334,-0.3951442801128175]",1,,,,,,,,,,,,,,,,,,,,,,,,,,,,,,,,,,,,,,,,,,,,,,,,,,,,,,,2,0,2,0,1,,,,,,,,,,
,,,,,,,,,,,,5f08dafa392f74145122c0ee,13/10/1999,2020-08-27_18h40.23.296,proactive3.1,2020.1.2,Win32,60,5f47c29a48bd2a1e651a6eb7,5f47ede75080c61345c5990b,4,,,,,,,,,,,,,,,,,,,,,,,,,,,,,,,,,,,,,,,,,,stimuli/search/t.png,stimuli/search/b.png,stimuli/search/b.png,stimuli/search/t.png,stimuli/search/b.png,stimuli/search/t.png,stimuli/search/r.png,stimuli/search/t.png,"[-0.23833333333333334,0.3967275119010469]","[-0.17833333333333334,0.34024539518202357]","[0.17833333333333334,0.3461491627847009]","[0.23833333333333334,0.3519027812020169]","[0.17833333333333334,-0.3584630809950299]","[0.23833333333333334,-0.3430728477630384]","[-0.23833333333333334,-0.37696684540475073]","[-0.17833333333333334,-0.4018930547402348]",1,,,,,,,,,,,,,,,,,,,,,,,,,,,,,,,,,,,,,,,,,,,,,,,,,,,,,,,3,0,3,0,1,,,,,,,,,,
,,,,,,,,,,,,5f08dafa392f74145122c0ee,13/10/1999,2020-08-27_18h40.23.296,proactive3.1,2020.1.2,Win32,60,5f47c29a48bd2a1e651a6eb7,5f47ede75080c61345c5990b,4,,,,,,,,,,,,,,,,,,,,,,,,,,,,,,,,,,,,,,,,,,,,,,,,,,,,,,,,,,,,,,,,,,,,,,,,,,,,,,,,,,,,,,,,,,,,,,,,,,,,,,,,,,,,,,,,,,,,,,0,0,0,0,1,,,,,
,,,,,,,,,,,,5f08dafa392f74145122c0ee,13/10/1999,2020-08-27_18h40.23.296,proactive3.1,2020.1.2,Win32,60,5f47c29a48bd2a1e651a6eb7,5f47ede75080c61345c5990b,4,,,,,,,,,,,,,,,,,,,,,,,,,,,,,,,,,,,,,,,,,,,,,,,,,,,,,,,,,,,,,,,,,,,,,,,,,,,,,,,,,,,,,,,,,,,,,,,,,,,,,,,,,,,,,,,,,,,,,,1,0,1,0,1,,,,,
,,,,,,,,,,,,5f08dafa392f74145122c0ee,13/10/1999,2020-08-27_18h40.23.296,proactive3.1,2020.1.2,Win32,60,5f47c29a48bd2a1e651a6eb7,5f47ede75080c61345c5990b,4,,,,,,,,,,,,,,,,,,,,,,,,,,,,,,,,,,,,,,,,,,,,,,,,,,,,,,,,,,,,,,,,,,,,,,,,,,,,,,,,,,,,,,,,,,,,,,,,,,,,,,,,,,,,,,,,,,,,,,2,0,2,0,1,,,,,
,,,,,,,,,,,,5f08dafa392f74145122c0ee,13/10/1999,2020-08-27_18h40.23.296,proactive3.1,2020.1.2,Win32,60,5f47c29a48bd2a1e651a6eb7,5f47ede75080c61345c5990b,4,,,,,,,,,,,,,,,,,2,,,,,,,,,,,,,,,,,,,,,,,,,,,,,,,,,,,,,,,,,,,,,,,,,,,,,,,,,,,?,0.00073,2,FALSE,?,0.000655,1,FALSE,?,0.00099,3,FALSE,?,0.000775,0,FALSE,,,,,,CARS,motorbike,stimuli/images/PICTURE_470.png,new-new,BOYS,monkey,stimuli/images/PICTURE_708.png,new-new,MILE,dice,stimuli/images/PICTURE_308.png,new-new,SPIRIT,tractor,stimuli/images/PICTURE_74.png,new-new,,,,,,,,,,,0,79,79,31,1
,,,,,,,,,,,,5f08dafa392f74145122c0ee,13/10/1999,2020-08-27_18h40.23.296,proactive3.1,2020.1.2,Win32,60,5f47c29a48bd2a1e651a6eb7,5f47ede75080c61345c5990b,4,,,,,,,,,,,,,,,,,,,,,,,,,,,,,,,,,,,,,,,,,,stimuli/search/t.png,stimuli/search/r.png,stimuli/search/b.png,stimuli/search/t.png,stimuli/search/b.png,stimuli/search/t.png,stimuli/search/t.png,stimuli/search/b.png,"[-0.23833333333333334,0.3343939273705504]","[-0.17833333333333334,0.3672486541339825]","[0.17833333333333334,0.3595771527089365]","[0.23833333333333334,0.3452181660068627]","[0.17833333333333334,-0.3465289404525259]","[0.23833333333333334,-0.33233938118899864]","[-0.23833333333333334,-0.3435387734218205]","[-0.17833333333333334,-0.34361628759746143]",1,,,,,,,,,,,,,,,,,,,,,,,,,,,,,,,,,,,,,,,,,,,,,,,,,,,,,,,0,0,0,0,1,,,,,,,,,,
,,,,,,,,,,,,5f08dafa392f74145122c0ee,13/10/1999,2020-08-27_18h40.23.296,proactive3.1,2020.1.2,Win32,60,5f47c29a48bd2a1e651a6eb7,5f47ede75080c61345c5990b,4,,,,,,,,,,,,,,,,,,,,,,,,,,,,,,,,,,,,,,,,,,stimuli/search/t.png,stimuli/search/b.png,stimuli/search/t.png,stimuli/search/b.png,stimuli/search/b.png,stimuli/search/t.png,stimuli/search/b.png,stimuli/search/r.png,"[-0.23833333333333334,0.3888667469446288]","[-0.17833333333333334,0.3815300507612033]","[0.17833333333333334,0.3924669209479264]","[0.23833333333333334,0.40827266651554467]","[0.17833333333333334,-0.33001364349092877]","[0.23833333333333334,-0.394100896069148]","[-0.23833333333333334,-0.35912736253806565]","[-0.17833333333333334,-0.33107047777578746]",1,,,,,,,,,,,,,,,,,,,,,,,,,,,,,,,,,,,,,,,,,,,,,,,,,,,,,,,1,0,1,0,1,,,,,,,,,,
,,,,,,,,,,,,5f08dafa392f74145122c0ee,13/10/1999,2020-08-27_18h40.23.296,proactive3.1,2020.1.2,Win32,60,5f47c29a48bd2a1e651a6eb7,5f47ede75080c61345c5990b,4,,,,,,,,,,,,,,,,,,,,,,,,,,,,,,,,,,,,,,,,,,stimuli/search/t.png,stimuli/search/b.png,stimuli/search/t.png,stimuli/search/b.png,stimuli/search/t.png,stimuli/search/b.png,stimuli/search/b.png,stimuli/search/l.png,"[-0.23833333333333334,0.40343736544877173]","[-0.17833333333333334,0.41167748238479496]","[0.17833333333333334,0.39786257232143435]","[0.23833333333333334,0.39215341641233636]","[0.17833333333333334,-0.41607369728251314]","[0.23833333333333334,-0.32748139006674526]","[-0.23833333333333334,-0.4149293643205223]","[-0.17833333333333334,-0.3934310355664589]",0,,,,,,,,,,,,,,,,,,,,,,,,,,,,,,,,,,,,,,,,,,,,,,,,,,,,,,,2,0,2,0,1,,,,,,,,,,
,,,,,,,,,,,,5f08dafa392f74145122c0ee,13/10/1999,2020-08-27_18h40.23.296,proactive3.1,2020.1.2,Win32,60,5f47c29a48bd2a1e651a6eb7,5f47ede75080c61345c5990b,4,,,,,,,,,,,,,,,,,,,,,,,,,,,,,,,,,,,,,,,,,,stimuli/search/b.png,stimuli/search/t.png,stimuli/search/b.png,stimuli/search/t.png,stimuli/search/t.png,stimuli/search/l.png,stimuli/search/b.png,stimuli/search/t.png,"[-0.23833333333333334,0.3327467342996974]","[-0.17833333333333334,0.3265180435350785]","[0.17833333333333334,0.36682445593787727]","[0.23833333333333334,0.32719651801112415]","[0.17833333333333334,-0.4114091126819825]","[0.23833333333333334,-0.3939007897047946]","[-0.23833333333333334,-0.35618479803336905]","[-0.17833333333333334,-0.3533517247825172]",0,,,,,,,,,,,,,,,,,,,,,,,,,,,,,,,,,,,,,,,,,,,,,,,,,,,,,,,3,0,3,0,1,,,,,,,,,,
,,,,,,,,,,,,5f08dafa392f74145122c0ee,13/10/1999,2020-08-27_18h40.23.296,proactive3.1,2020.1.2,Win32,60,5f47c29a48bd2a1e651a6eb7,5f47ede75080c61345c5990b,4,,,,,,,,,,,,,,,,,,,,,,,,,,,,,,,,,,,,,,,,,,,,,,,,,,,,,,,,,,,,,,,,,,,,,,,,,,,,,,,,,,,,,,,,,,,,,,,,,,,,,,,,,,,,,,,,,,,,,,0,0,0,0,1,,,,,
,,,,,,,,,,,,5f08dafa392f74145122c0ee,13/10/1999,2020-08-27_18h40.23.296,proactive3.1,2020.1.2,Win32,60,5f47c29a48bd2a1e651a6eb7,5f47ede75080c61345c5990b,4,,,,,,,,,,,,,,,,,,,,,,,,,,,,,,,,,,,,,,,,,,,,,,,,,,,,,,,,,,,,,,,,,,,,,,,,,,,,,,,,,,,,,,,,,,,,,,,,,,,,,,,,,,,,,,,,,,,,,,1,0,1,0,1,,,,,
,,,,,,,,,,,,5f08dafa392f74145122c0ee,13/10/1999,2020-08-27_18h40.23.296,proactive3.1,2020.1.2,Win32,60,5f47c29a48bd2a1e651a6eb7,5f47ede75080c61345c5990b,4,,,,,,,,,,,,,,,,,,,,,,,,,,,,,,,,,,,,,,,,,,,,,,,,,,,,,,,,,,,,,,,,,,,,,,,,,,,,,,,,,,,,,,,,,,,,,,,,,,,,,,,,,,,,,,,,,,,,,,2,0,2,0,1,,,,,
,,,,,,,,,,,,5f08dafa392f74145122c0ee,13/10/1999,2020-08-27_18h40.23.296,proactive3.1,2020.1.2,Win32,60,5f47c29a48bd2a1e651a6eb7,5f47ede75080c61345c5990b,4,,,,,,,,,,,,,,,,,2,,,,,,,,,,,,,,,,,,,,,,,,,,,,,,,,,,,,,,,,,,,,,,,,,,,,,,,,,,,?,0.00085,3,FALSE,?,0.00077,1,FALSE,?,0.00066,2,FALSE,?,0.00093,0,FALSE,,,,,,SALE,kettle,stimuli/images/PICTURE_750.png,new-new,SYSTEM,peg,stimuli/images/PICTURE_467.png,new-new,HOUSE,goose,stimuli/images/PICTURE_685.png,new-new,ESTATE,dart,stimuli/images/PICTURE_123.png,new-new,,,,,,,,,,,0,80,80,26,1
,,,,,,,,,,,,5f08dafa392f74145122c0ee,13/10/1999,2020-08-27_18h40.23.296,proactive3.1,2020.1.2,Win32,60,5f47c29a48bd2a1e651a6eb7,5f47ede75080c61345c5990b,4,,,,,,,,,,,,,,,,,,,,,,,,,,,,,,,,,,,,,,,,,,stimuli/search/t.png,stimuli/search/b.png,stimuli/search/t.png,stimuli/search/b.png,stimuli/search/t.png,stimuli/search/l.png,stimuli/search/t.png,stimuli/search/b.png,"[-0.23833333333333334,0.4019691983575521]","[-0.17833333333333334,0.38455944187771723]","[0.17833333333333334,0.37091731357930857]","[0.23833333333333334,0.39953695471520256]","[0.17833333333333334,-0.3446230894690326]","[0.23833333333333334,-0.3789270725562395]","[-0.23833333333333334,-0.3813969090793309]","[-0.17833333333333334,-0.4087547488518191]",0,0,,,,,,1.601175,,,,,,,,,,,,,,,,,,,,,,,,,,,,,,,,,,,,,,,,,,,,,,,,0,0,0,0,1,,,,,,,,,,
,,,,,,,,,,,,5f08dafa392f74145122c0ee,13/10/1999,2020-08-27_18h40.23.296,proactive3.1,2020.1.2,Win32,60,5f47c29a48bd2a1e651a6eb7,5f47ede75080c61345c5990b,4,,,,,,,,,,,,,,,,,,,,,,,,,,,,,,,,,,,,,,,,,,stimuli/search/b.png,stimuli/search/t.png,stimuli/search/b.png,stimuli/search/t.png,stimuli/search/t.png,stimuli/search/b.png,stimuli/search/t.png,stimuli/search/r.png,"[-0.23833333333333334,0.3244906610412064]","[-0.17833333333333334,0.38256875414328123]","[0.17833333333333334,0.35692296662446554]","[0.23833333333333334,0.3983885679854448]","[0.17833333333333334,-0.38019586027012103]","[0.23833333333333334,-0.36631462228990613]","[-0.23833333333333334,-0.3850053971491392]","[-0.17833333333333334,-0.367199561209867]",1,1,,,,,,1.80246,,,,,,,,,,,,,,,,,,,,,,,,,,,,,,,,,,,,,,,,,,,,,,,,1,0,1,0,1,,,,,,,,,,
,,,,,,,,,,,,5f08dafa392f74145122c0ee,13/10/1999,2020-08-27_18h40.23.296,proactive3.1,2020.1.2,Win32,60,5f47c29a48bd2a1e651a6eb7,5f47ede75080c61345c5990b,4,,,,,,,,,,,,,,,,,,,,,,,,,,,,,,,,,,,,,,,,,,stimuli/search/t.png,stimuli/search/b.png,stimuli/search/b.png,stimuli/search/t.png,stimuli/search/l.png,stimuli/search/t.png,stimuli/search/b.png,stimuli/search/t.png,"[-0.23833333333333334,0.39413799530520915]","[-0.17833333333333334,0.35555593420242043]","[0.17833333333333334,0.40534962675878966]","[0.23833333333333334,0.3833910692664761]","[0.17833333333333334,-0.39799557054590223]","[0.23833333333333334,-0.3261659805631825]","[-0.23833333333333334,-0.4056554747216208]","[-0.17833333333333334,-0.40687187338462966]",0,0,,,,,,1.462705,,,,,,,,,,,,,,,,,,,,,,,,,,,,,,,,,,,,,,,,,,,,,,,,2,0,2,0,1,,,,,,,,,,
,,,,,,,,,,,,5f08dafa392f74145122c0ee,13/10/1999,2020-08-27_18h40.23.296,proactive3.1,2020.1.2,Win32,60,5f47c29a48bd2a1e651a6eb7,5f47ede75080c61345c5990b,4,,,,,,,,,,,,,,,,,,,,,,,,,,,,,,,,,,,,,,,,,,stimuli/search/b.png,stimuli/search/t.png,stimuli/search/r.png,stimuli/search/t.png,stimuli/search/t.png,stimuli/search/b.png,stimuli/search/t.png,stimuli/search/b.png,"[-0.23833333333333334,0.40070963591715164]","[-0.17833333333333334,0.335032572789514]","[0.17833333333333334,0.3904364472384945]","[0.23833333333333334,0.37114747414488897]","[0.17833333333333334,-0.357967384598602]","[0.23833333333333334,-0.34681925319197415]","[-0.23833333333333334,-0.3997037257959904]","[-0.17833333333333334,-0.3607914576955307]",1,1,,,,,,1.852315,,,,,,,,,,,,,,,,,,,,,,,,,,,,,,,,,,,,,,,,,,,,,,,,3,0,3,0,1,,,,,,,,,,
,,,,,,,,,,,,5f08dafa392f74145122c0ee,13/10/1999,2020-08-27_18h40.23.296,proactive3.1,2020.1.2,Win32,60,5f47c29a48bd2a1e651a6eb7,5f47ede75080c61345c5990b,4,,,,,,,,,,,,,,,,,,,,,,,,,,,,,,,,,,,,,,,,,,,,,,,,,,,,,,,,,,,,,,,,,,,,,,,,,,,,,,,,,,,,,,,,,,,,,,,,,,,,,,,,,,,,,,,,,,,,,,0,0,0,0,1,,,,,
,,,,,,,,,,,,5f08dafa392f74145122c0ee,13/10/1999,2020-08-27_18h40.23.296,proactive3.1,2020.1.2,Win32,60,5f47c29a48bd2a1e651a6eb7,5f47ede75080c61345c5990b,4,,,,,,,,,,,,,,,,,,,,,,,,,,,,,,,,,,,,,,,,,,,,,,,,,,,,,,,,,,,,,,,,,,,,,,,,,,,,,,,,,,,,,,,,,,,,,,,,,,,,,,,,,,,,,,,,,,,,,,1,0,1,0,1,,,,,
,,,,,,,,,,,,5f08dafa392f74145122c0ee,13/10/1999,2020-08-27_18h40.23.296,proactive3.1,2020.1.2,Win32,60,5f47c29a48bd2a1e651a6eb7,5f47ede75080c61345c5990b,4,,,,,,,,,,,,,,,,,,,,,,,,,,,,,,,,,,,,,,,,,,,,,,,,,,,,,,,,,,,,,,,,,,,,,,,,,,,,,,,,,,,,,,,,,,,,,,,,,,,,,,,,,,,,,,,,,,,,,,2,0,2,0,1,,,,,
,,,,,,,,,,,,5f08dafa392f74145122c0ee,13/10/1999,2020-08-27_18h40.23.296,proactive3.1,2020.1.2,Win32,60,5f47c29a48bd2a1e651a6eb7,5f47ede75080c61345c5990b,4,,,,,,,,,,,,,,,,,4,,,,,,,,,,,,,,,,,,,,,,,,,,,,,,,,,,,,,,,,,,,,,,,,,,,,,,,,,,,YARD,2.533175,3,FALSE,GALAXY,5.186115,2,FALSE,FLOWER,3.85113,0,FALSE,SPARROW,5.28528,1,FALSE,,,,,,BOYS,daisy,stimuli/images/PICTURE_667.png,new-new,YARD,goose,stimuli/images/PICTURE_685.png,new-new,GLASS,tractor,stimuli/images/PICTURE_74.png,new-new,NATION,planet,stimuli/images/PICTURE_18.png,new-new,,,,,,,,,,,0,81,81,62,1
,,,,,,,,,,,,5f08dafa392f74145122c0ee,13/10/1999,2020-08-27_18h40.23.296,proactive3.1,2020.1.2,Win32,60,5f47c29a48bd2a1e651a6eb7,5f47ede75080c61345c5990b,4,,,,,,,,,,,,,,,,,,,,,,,,,,,,,,,,,,,,,,,,,,stimuli/search/t.png,stimuli/search/b.png,stimuli/search/r.png,stimuli/search/t.png,stimuli/search/t.png,stimuli/search/b.png,stimuli/search/b.png,stimuli/search/t.png,"[-0.23833333333333334,0.3443994049017919]","[-0.17833333333333334,0.3849038637485431]","[0.17833333333333334,0.3858148226856738]","[0.23833333333333334,0.41580717727013194]","[0.17833333333333334,-0.3304219247470266]","[0.23833333333333334,-0.3749056945015029]","[-0.23833333333333334,-0.4079202395944637]","[-0.17833333333333334,-0.38693737707605597]",1,1,,,,,,1.83675,,,,,,,,,,,,,,,,,,,,,,,,,,,,,,,,,,,,,,,,,,,,,,,,0,0,0,0,1,,,,,,,,,,
,,,,,,,,,,,,5f08dafa392f74145122c0ee,13/10/1999,2020-08-27_18h40.23.296,proactive3.1,2020.1.2,Win32,60,5f47c29a48bd2a1e651a6eb7,5f47ede75080c61345c5990b,4,,,,,,,,,,,,,,,,,,,,,,,,,,,,,,,,,,,,,,,,,,stimuli/search/b.png,stimuli/search/l.png,stimuli/search/b.png,stimuli/search/t.png,stimuli/search/b.png,stimuli/search/t.png,stimuli/search/b.png,stimuli/search/t.png,"[-0.23833333333333334,0.33132192133788585]","[-0.17833333333333334,0.37493196441987825]","[0.17833333333333334,0.35817604586588175]","[0.23833333333333334,0.3319844256151346]","[0.17833333333333334,-0.3249970506188331]","[0.23833333333333334,-0.3654182257825029]","[-0.23833333333333334,-0.38407346920294533]","[-0.17833333333333334,-0.3807456803678757]",0,0,,,,,,1.78139,,,,,,,,,,,,,,,,,,,,,,,,,,,,,,,,,,,,,,,,,,,,,,,,1,0,1,0,1,,,,,,,,,,
,,,,,,,,,,,,5f08dafa392f74145122c0ee,13/10/1999,2020-08-27_18h40.23.296,proactive3.1,2020.1.2,Win32,60,5f47c29a48bd2a1e651a6eb7,5f47ede75080c61345c5990b,4,,,,,,,,,,,,,,,,,,,,,,,,,,,,,,,,,,,,,,,,,,stimuli/search/b.png,stimuli/search/l.png,stimuli/search/t.png,stimuli/search/b.png,stimuli/search/b.png,stimuli/search/t.png,stimuli/search/t.png,stimuli/search/b.png,"[-0.23833333333333334,0.3752116878655675]","[-0.17833333333333334,0.3643938695824117]","[0.17833333333333334,0.37577827256710455]","[0.23833333333333334,0.32529533220568274]","[0.17833333333333334,-0.3371723441879373]","[0.23833333333333334,-0.32674837394018025]","[-0.23833333333333334,-0.3962223016014316]","[-0.17833333333333334,-0.3455295248291242]",0,1,,,,,,0.699975,,,,,,,,,,,,,,,,,,,,,,,,,,,,,,,,,,,,,,,,,,,,,,,,2,0,2,0,1,,,,,,,,,,
,,,,,,,,,,,,5f08dafa392f74145122c0ee,13/10/1999,2020-08-27_18h40.23.296,proactive3.1,2020.1.2,Win32,60,5f47c29a48bd2a1e651a6eb7,5f47ede75080c61345c5990b,4,,,,,,,,,,,,,,,,,,,,,,,,,,,,,,,,,,,,,,,,,,stimuli/search/l.png,stimuli/search/t.png,stimuli/search/b.png,stimuli/search/t.png,stimuli/search/t.png,stimuli/search/b.png,stimuli/search/t.png,stimuli/search/b.png,"[-0.23833333333333334,0.3996198658521219]","[-0.17833333333333334,0.3725985755971138]","[0.17833333333333334,0.37982485581391245]","[0.23833333333333334,0.32762198155600203]","[0.17833333333333334,-0.3565205130663156]","[0.23833333333333334,-0.357015479506482]","[-0.23833333333333334,-0.35949384528104256]","[-0.17833333333333334,-0.3486076110325449]",0,0,,,,,,1.086775,,,,,,,,,,,,,,,,,,,,,,,,,,,,,,,,,,,,,,,,,,,,,,,,3,0,3,0,1,,,,,,,,,,
,,,,,,,,,,,,5f08dafa392f74145122c0ee,13/10/1999,2020-08-27_18h40.23.296,proactive3.1,2020.1.2,Win32,60,5f47c29a48bd2a1e651a6eb7,5f47ede75080c61345c5990b,4,,,,,,,,,,,,,,,,,,,,,,,,,,,,,,,,,,,,,,,,,,,,,,,,,,,,,,,,,,,,,,,,,,,,,,,,,,,,,,,,,,,,,,,,,,,,,,,,,,,,,,,,,,,,,,,,,,,,,,0,0,0,0,1,,,,,
,,,,,,,,,,,,5f08dafa392f74145122c0ee,13/10/1999,2020-08-27_18h40.23.296,proactive3.1,2020.1.2,Win32,60,5f47c29a48bd2a1e651a6eb7,5f47ede75080c61345c5990b,4,,,,,,,,,,,,,,,,,,,,,,,,,,,,,,,,,,,,,,,,,,,,,,,,,,,,,,,,,,,,,,,,,,,,,,,,,,,,,,,,,,,,,,,,,,,,,,,,,,,,,,,,,,,,,,,,,,,,,,1,0,1,0,1,,,,,
,,,,,,,,,,,,5f08dafa392f74145122c0ee,13/10/1999,2020-08-27_18h40.23.296,proactive3.1,2020.1.2,Win32,60,5f47c29a48bd2a1e651a6eb7,5f47ede75080c61345c5990b,4,,,,,,,,,,,,,,,,,,,,,,,,,,,,,,,,,,,,,,,,,,,,,,,,,,,,,,,,,,,,,,,,,,,,,,,,,,,,,,,,,,,,,,,,,,,,,,,,,,,,,,,,,,,,,,,,,,,,,,2,0,2,0,1,,,,,
,,,,,,,,,,,,5f08dafa392f74145122c0ee,13/10/1999,2020-08-27_18h40.23.296,proactive3.1,2020.1.2,Win32,60,5f47c29a48bd2a1e651a6eb7,5f47ede75080c61345c5990b,4,,,,,,,,,,,,,,,,,4,,,,,,,,,,,,,,,,,,,,,,,,,,,,,,,,,,,,,,,,,,,,,,,,,,,,,,,,,,,JEWEL,6.302375,1,FALSE,HANGER,7.58633,0,FALSE,FAM,9.988935,3,FALSE,LUGGAGE,3.250635,2,FALSE,,,,,,COPS,hanger,stimuli/images/PICTURE_147.png,old-new,ESTATE,diamond,stimuli/images/PICTURE_85.png,new-new,FAMILY,dice,stimuli/images/PICTURE_308.png,match,ROOF,suitcase,stimuli/images/PICTURE_95.png,mis-match,,,,,,,,,,,0,82,82,50,1
,,,,,,,,,,,,5f08dafa392f74145122c0ee,13/10/1999,2020-08-27_18h40.23.296,proactive3.1,2020.1.2,Win32,60,5f47c29a48bd2a1e651a6eb7,5f47ede75080c61345c5990b,4,,,,,,,,,,,,,,,,,,,,,,,,,,,,,,,,,,,,,,,,,,stimuli/search/b.png,stimuli/search/r.png,stimuli/search/t.png,stimuli/search/b.png,stimuli/search/b.png,stimuli/search/t.png,stimuli/search/t.png,stimuli/search/b.png,"[-0.23833333333333334,0.38630952319300693]","[-0.17833333333333334,0.37999262185503024]","[0.17833333333333334,0.4010578844962706]","[0.23833333333333334,0.3829525864396789]","[0.17833333333333334,-0.32560872090275395]","[0.23833333333333334,-0.39846795908582494]","[-0.23833333333333334,-0.3787197796059643]","[-0.17833333333333334,-0.39784643281527543]",1,0,,,,,,0.999585,,,,,,,,,,,,,,,,,,,,,,,,,,,,,,,,,,,,,,,,,,,,,,,,0,0,0,0,1,,,,,,,,,,
,,,,,,,,,,,,5f08dafa392f74145122c0ee,13/10/1999,2020-08-27_18h40.23.296,proactive3.1,2020.1.2,Win32,60,5f47c29a48bd2a1e651a6eb7,5f47ede75080c61345c5990b,4,,,,,,,,,,,,,,,,,,,,,,,,,,,,,,,,,,,,,,,,,,stimuli/search/t.png,stimuli/search/r.png,stimuli/search/b.png,stimuli/search/t.png,stimuli/search/b.png,stimuli/search/t.png,stimuli/search/b.png,stimuli/search/t.png,"[-0.23833333333333334,0.3375328164214844]","[-0.17833333333333334,0.39602490147418246]","[0.17833333333333334,0.3691261657403668]","[0.23833333333333334,0.3790049134277579]","[0.17833333333333334,-0.345129577633134]","[0.23833333333333334,-0.3916227347331084]","[-0.23833333333333334,-0.3947068612437058]","[-0.17833333333333334,-0.36523382428112855]",1,1,,,,,,1.653165,,,,,,,,,,,,,,,,,,,,,,,,,,,,,,,,,,,,,,,,,,,,,,,,1,0,1,0,1,,,,,,,,,,
,,,,,,,,,,,,5f08dafa392f74145122c0ee,13/10/1999,2020-08-27_18h40.23.296,proactive3.1,2020.1.2,Win32,60,5f47c29a48bd2a1e651a6eb7,5f47ede75080c61345c5990b,4,,,,,,,,,,,,,,,,,,,,,,,,,,,,,,,,,,,,,,,,,,stimuli/search/t.png,stimuli/search/b.png,stimuli/search/t.png,stimuli/search/b.png,stimuli/search/t.png,stimuli/search/b.png,stimuli/search/r.png,stimuli/search/b.png,"[-0.23833333333333334,0.3934055637441604]","[-0.17833333333333334,0.3661193299701745]","[0.17833333333333334,0.3667409368624944]","[0.23833333333333334,0.33309194565841055]","[0.17833333333333334,-0.4086870154212303]","[0.23833333333333334,-0.37748827519497674]","[-0.23833333333333334,-0.3786488136172123]","[-0.17833333333333334,-0.38220470055737926]",1,0,,,,,,1.6223,,,,,,,,,,,,,,,,,,,,,,,,,,,,,,,,,,,,,,,,,,,,,,,,2,0,2,0,1,,,,,,,,,,
,,,,,,,,,,,,5f08dafa392f74145122c0ee,13/10/1999,2020-08-27_18h40.23.296,proactive3.1,2020.1.2,Win32,60,5f47c29a48bd2a1e651a6eb7,5f47ede75080c61345c5990b,4,,,,,,,,,,,,,,,,,,,,,,,,,,,,,,,,,,,,,,,,,,stimuli/search/b.png,stimuli/search/t.png,stimuli/search/t.png,stimuli/search/b.png,stimuli/search/b.png,stimuli/search/t.png,stimuli/search/r.png,stimuli/search/t.png,"[-0.23833333333333334,0.4021384992252616]","[-0.17833333333333334,0.39148845778729624]","[0.17833333333333334,0.3430509025303324]","[0.23833333333333334,0.3452713115619712]","[0.17833333333333334,-0.39171126182195365]","[0.23833333333333334,-0.3978157289982776]","[-0.23833333333333334,-0.3842463976121912]","[-0.17833333333333334,-0.3853334533291651]",1,1,,,,,,1.169395,,,,,,,,,,,,,,,,,,,,,,,,,,,,,,,,,,,,,,,,,,,,,,,,3,0,3,0,1,,,,,,,,,,
,,,,,,,,,,,,5f08dafa392f74145122c0ee,13/10/1999,2020-08-27_18h40.23.296,proactive3.1,2020.1.2,Win32,60,5f47c29a48bd2a1e651a6eb7,5f47ede75080c61345c5990b,4,,,,,,,,,,,,,,,,,,,,,,,,,,,,,,,,,,,,,,,,,,,,,,,,,,,,,,,,,,,,,,,,,,,,,,,,,,,,,,,,,,,,,,,,,,,,,,,,,,,,,,,,,,,,,,,,,,,,,,0,0,0,0,1,,,,,
,,,,,,,,,,,,5f08dafa392f74145122c0ee,13/10/1999,2020-08-27_18h40.23.296,proactive3.1,2020.1.2,Win32,60,5f47c29a48bd2a1e651a6eb7,5f47ede75080c61345c5990b,4,,,,,,,,,,,,,,,,,,,,,,,,,,,,,,,,,,,,,,,,,,,,,,,,,,,,,,,,,,,,,,,,,,,,,,,,,,,,,,,,,,,,,,,,,,,,,,,,,,,,,,,,,,,,,,,,,,,,,,1,0,1,0,1,,,,,
,,,,,,,,,,,,5f08dafa392f74145122c0ee,13/10/1999,2020-08-27_18h40.23.296,proactive3.1,2020.1.2,Win32,60,5f47c29a48bd2a1e651a6eb7,5f47ede75080c61345c5990b,4,,,,,,,,,,,,,,,,,,,,,,,,,,,,,,,,,,,,,,,,,,,,,,,,,,,,,,,,,,,,,,,,,,,,,,,,,,,,,,,,,,,,,,,,,,,,,,,,,,,,,,,,,,,,,,,,,,,,,,2,0,2,0,1,,,,,
,,,,,,,,,,,,5f08dafa392f74145122c0ee,13/10/1999,2020-08-27_18h40.23.296,proactive3.1,2020.1.2,Win32,60,5f47c29a48bd2a1e651a6eb7,5f47ede75080c61345c5990b,4,,,,,,,,,,,,,,,,,4,,,,,,,,,,,,,,,,,,,,,,,,,,,,,,,,,,,,,,,,,,,,,,,,,,,,,,,,,,,AREA,4.684145,1,FALSE,LUGGAGE,5.10191,0,FALSE,SERIES,3.01727,3,TRUE,CHESS,3.717735,2,FALSE,,,,,,BATH,anchor,stimuli/images/PICTURE_405.png,old-new,NIGHT,tyre,stimuli/images/PICTURE_2.png,mis-match,SERIES,rug,stimuli/images/PICTURE_491.png,match,DEMON,pawn,stimuli/images/PICTURE_356.png,new-new,,,,,,,,,,,0,83,83,49,1
,,,,,,,,,,,,5f08dafa392f74145122c0ee,13/10/1999,2020-08-27_18h40.23.296,proactive3.1,2020.1.2,Win32,60,5f47c29a48bd2a1e651a6eb7,5f47ede75080c61345c5990b,4,,,,,,,,,,,,,,,,,,,,,,,,,,,,,,,,,,,,,,,,,,stimuli/search/t.png,stimuli/search/b.png,stimuli/search/t.png,stimuli/search/b.png,stimuli/search/b.png,stimuli/search/t.png,stimuli/search/t.png,stimuli/search/r.png,"[-0.23833333333333334,0.3953845067788607]","[-0.17833333333333334,0.36559536363251044]","[0.17833333333333334,0.4007593973706377]","[0.23833333333333334,0.3712063248761012]","[0.17833333333333334,-0.3722585127071286]","[0.23833333333333334,-0.4132861872470648]","[-0.23833333333333334,-0.3363044828513266]","[-0.17833333333333334,-0.3590538996780934]",1,,,,,,,,,,,,,,,,,,,,,,,,,,,,,,,,,,,,,,,,,,,,,,,,,,,,,,,0,0,0,0,1,,,,,,,,,,
,,,,,,,,,,,,5f08dafa392f74145122c0ee,13/10/1999,2020-08-27_18h40.23.296,proactive3.1,2020.1.2,Win32,60,5f47c29a48bd2a1e651a6eb7,5f47ede75080c61345c5990b,4,,,,,,,,,,,,,,,,,,,,,,,,,,,,,,,,,,,,,,,,,,stimuli/search/b.png,stimuli/search/t.png,stimuli/search/t.png,stimuli/search/b.png,stimuli/search/t.png,stimuli/search/b.png,stimuli/search/b.png,stimuli/search/l.png,"[-0.23833333333333334,0.39375177321762966]","[-0.17833333333333334,0.3525761498262191]","[0.17833333333333334,0.36255267192293916]","[0.23833333333333334,0.3763455631332956]","[0.17833333333333334,-0.3288654221299268]","[0.23833333333333334,-0.4164243384335911]","[-0.23833333333333334,-0.34443235843507297]","[-0.17833333333333334,-0.3938299193614109]",0,,,,,,,,,,,,,,,,,,,,,,,,,,,,,,,,,,,,,,,,,,,,,,,,,,,,,,,1,0,1,0,1,,,,,,,,,,
,,,,,,,,,,,,5f08dafa392f74145122c0ee,13/10/1999,2020-08-27_18h40.23.296,proactive3.1,2020.1.2,Win32,60,5f47c29a48bd2a1e651a6eb7,5f47ede75080c61345c5990b,4,,,,,,,,,,,,,,,,,,,,,,,,,,,,,,,,,,,,,,,,,,stimuli/search/b.png,stimuli/search/t.png,stimuli/search/t.png,stimuli/search/b.png,stimuli/search/l.png,stimuli/search/t.png,stimuli/search/t.png,stimuli/search/b.png,"[-0.23833333333333334,0.36059055586810745]","[-0.17833333333333334,0.37756573846066716]","[0.17833333333333334,0.4001480711040687]","[0.23833333333333334,0.367137658885832]","[0.17833333333333334,-0.3667770339489]","[0.23833333333333334,-0.3925352211051909]","[-0.23833333333333334,-0.41617998311207577]","[-0.17833333333333334,-0.40622171709019284]",0,,,,,,,,,,,,,,,,,,,,,,,,,,,,,,,,,,,,,,,,,,,,,,,,,,,,,,,2,0,2,0,1,,,,,,,,,,
,,,,,,,,,,,,5f08dafa392f74145122c0ee,13/10/1999,2020-08-27_18h40.23.296,proactive3.1,2020.1.2,Win32,60,5f47c29a48bd2a1e651a6eb7,5f47ede75080c61345c5990b,4,,,,,,,,,,,,,,,,,,,,,,,,,,,,,,,,,,,,,,,,,,stimuli/search/t.png,stimuli/search/b.png,stimuli/search/b.png,stimuli/search/l.png,stimuli/search/t.png,stimuli/search/b.png,stimuli/search/t.png,stimuli/search/b.png,"[-0.23833333333333334,0.37118508550051876]","[-0.17833333333333334,0.37817583221461315]","[0.17833333333333334,0.35209867255205685]","[0.23833333333333334,0.3762163747922732]","[0.17833333333333334,-0.37036841416571004]","[0.23833333333333334,-0.32947744550149044]","[-0.23833333333333334,-0.3249477454596391]","[-0.17833333333333334,-0.33326570677992784]",0,,,,,,,,,,,,,,,,,,,,,,,,,,,,,,,,,,,,,,,,,,,,,,,,,,,,,,,3,0,3,0,1,,,,,,,,,,
,,,,,,,,,,,,5f08dafa392f74145122c0ee,13/10/1999,2020-08-27_18h40.23.296,proactive3.1,2020.1.2,Win32,60,5f47c29a48bd2a1e651a6eb7,5f47ede75080c61345c5990b,4,,,,,,,,,,,,,,,,,,,,,,,,,,,,,,,,,,,,,,,,,,,,,,,,,,,,,,,,,,,,,,,,,,,,,,,,,,,,,,,,,,,,,,,,,,,,,,,,,,,,,,,,,,,,,,,,,,,,,,0,0,0,0,1,,,,,
,,,,,,,,,,,,5f08dafa392f74145122c0ee,13/10/1999,2020-08-27_18h40.23.296,proactive3.1,2020.1.2,Win32,60,5f47c29a48bd2a1e651a6eb7,5f47ede75080c61345c5990b,4,,,,,,,,,,,,,,,,,,,,,,,,,,,,,,,,,,,,,,,,,,,,,,,,,,,,,,,,,,,,,,,,,,,,,,,,,,,,,,,,,,,,,,,,,,,,,,,,,,,,,,,,,,,,,,,,,,,,,,1,0,1,0,1,,,,,
,,,,,,,,,,,,5f08dafa392f74145122c0ee,13/10/1999,2020-08-27_18h40.23.296,proactive3.1,2020.1.2,Win32,60,5f47c29a48bd2a1e651a6eb7,5f47ede75080c61345c5990b,4,,,,,,,,,,,,,,,,,,,,,,,,,,,,,,,,,,,,,,,,,,,,,,,,,,,,,,,,,,,,,,,,,,,,,,,,,,,,,,,,,,,,,,,,,,,,,,,,,,,,,,,,,,,,,,,,,,,,,,2,0,2,0,1,,,,,
,,,,,,,,,,,,5f08dafa392f74145122c0ee,13/10/1999,2020-08-27_18h40.23.296,proactive3.1,2020.1.2,Win32,60,5f47c29a48bd2a1e651a6eb7,5f47ede75080c61345c5990b,4,,,,,,,,,,,,,,,,,1,,,,,,,,,,,,,,,,,,,,,,,,,,,,,,,,,,,,,,,,,,,,,,,,,,,,,,,,,,,?,0.001305,0,FALSE,?,0.00086,2,FALSE,?,0.000655,3,FALSE,?,0.000675,1,FALSE,,,,,,KIND,kettle,stimuli/images/PICTURE_750.png,new-new,WEAPON,bench,stimuli/images/PICTURE_449.png,new-new,DUDE,tractor,stimuli/images/PICTURE_74.png,new-new,MILE,calendar,stimuli/images/PICTURE_108.png,new-new,,,,,,,,,,,0,84,84,14,1
,,,,,,,,,,,,5f08dafa392f74145122c0ee,13/10/1999,2020-08-27_18h40.23.296,proactive3.1,2020.1.2,Win32,60,5f47c29a48bd2a1e651a6eb7,5f47ede75080c61345c5990b,4,,,,,,,,,,,,,,,,,,,,,,,,,,,,,,,,,,,,,,,,,,stimuli/search/r.png,stimuli/search/b.png,stimuli/search/b.png,stimuli/search/t.png,stimuli/search/b.png,stimuli/search/t.png,stimuli/search/t.png,stimuli/search/b.png,"[-0.23833333333333334,0.33211790037359495]","[-0.17833333333333334,0.34948103073188175]","[0.17833333333333334,0.3332827277244364]","[0.23833333333333334,0.3606722821641856]","[0.17833333333333334,-0.41057831893352836]","[0.23833333333333334,-0.3939257518212]","[-0.23833333333333334,-0.389120121598308]","[-0.17833333333333334,-0.37799814517439856]",1,,,,,,,,,,,,,,,,,,,,,,,,,,,,,,,,,,,,,,,,,,,,,,,,,,,,,,,0,0,0,0,1,,,,,,,,,,
,,,,,,,,,,,,5f08dafa392f74145122c0ee,13/10/1999,2020-08-27_18h40.23.296,proactive3.1,2020.1.2,Win32,60,5f47c29a48bd2a1e651a6eb7,5f47ede75080c61345c5990b,4,,,,,,,,,,,,,,,,,,,,,,,,,,,,,,,,,,,,,,,,,,stimuli/search/r.png,stimuli/search/b.png,stimuli/search/b.png,stimuli/search/t.png,stimuli/search/t.png,stimuli/search/b.png,stimuli/search/b.png,stimuli/search/t.png,"[-0.23833333333333334,0.3603073839311428]","[-0.17833333333333334,0.40805446321608974]","[0.17833333333333334,0.3558547797093873]","[0.23833333333333334,0.3428773158159247]","[0.17833333333333334,-0.32934570649282713]","[0.23833333333333334,-0.39732575741215015]","[-0.23833333333333334,-0.4059888237797002]","[-0.17833333333333334,-0.4130458040511828]",1,,,,,,,,,,,,,,,,,,,,,,,,,,,,,,,,,,,,,,,,,,,,,,,,,,,,,,,1,0,1,0,1,,,,,,,,,,
,,,,,,,,,,,,5f08dafa392f74145122c0ee,13/10/1999,2020-08-27_18h40.23.296,proactive3.1,2020.1.2,Win32,60,5f47c29a48bd2a1e651a6eb7,5f47ede75080c61345c5990b,4,,,,,,,,,,,,,,,,,,,,,,,,,,,,,,,,,,,,,,,,,,stimuli/search/t.png,stimuli/search/b.png,stimuli/search/b.png,stimuli/search/t.png,stimuli/search/t.png,stimuli/search/b.png,stimuli/search/b.png,stimuli/search/r.png,"[-0.23833333333333334,0.39442898931283643]","[-0.17833333333333334,0.37109038529440364]","[0.17833333333333334,0.4088028665962365]","[0.23833333333333334,0.34837272772450506]","[0.17833333333333334,-0.33176324860350936]","[0.23833333333333334,-0.374708589733391]","[-0.23833333333333334,-0.34084918870608705]","[-0.17833333333333334,-0.39774900424331117]",1,,,,,,,,,,,,,,,,,,,,,,,,,,,,,,,,,,,,,,,,,,,,,,,,,,,,,,,2,0,2,0,1,,,,,,,,,,
,,,,,,,,,,,,5f08dafa392f74145122c0ee,13/10/1999,2020-08-27_18h40.23.296,proactive3.1,2020.1.2,Win32,60,5f47c29a48bd2a1e651a6eb7,5f47ede75080c61345c5990b,4,,,,,,,,,,,,,,,,,,,,,,,,,,,,,,,,,,,,,,,,,,stimuli/search/t.png,stimuli/search/b.png,stimuli/search/t.png,stimuli/search/b.png,stimuli/search/t.png,stimuli/search/b.png,stimuli/search/l.png,stimuli/search/t.png,"[-0.23833333333333334,0.3774106890489079]","[-0.17833333333333334,0.40437939746790563]","[0.17833333333333334,0.3247523454388746]","[0.23833333333333334,0.3494709911358525]","[0.17833333333333334,-0.39715974638287505]","[0.23833333333333334,-0.36067005297410504]","[-0.23833333333333334,-0.3967329607347035]","[-0.17833333333333334,-0.3616848884155509]",0,,,,,,,,,,,,,,,,,,,,,,,,,,,,,,,,,,,,,,,,,,,,,,,,,,,,,,,3,0,3,0,1,,,,,,,,,,
,,,,,,,,,,,,5f08dafa392f74145122c0ee,13/10/1999,2020-08-27_18h40.23.296,proactive3.1,2020.1.2,Win32,60,5f47c29a48bd2a1e651a6eb7,5f47ede75080c61345c5990b,4,,,,,,,,,,,,,,,,,,,,,,,,,,,,,,,,,,,,,,,,,,,,,,,,,,,,,,,,,,,,,,,,,,,,,,,,,,,,,,,,,,,,,,,,,,,,,,,,,,,,,,,,,,,,,,,,,,,,,,0,0,0,0,1,,,,,
,,,,,,,,,,,,5f08dafa392f74145122c0ee,13/10/1999,2020-08-27_18h40.23.296,proactive3.1,2020.1.2,Win32,60,5f47c29a48bd2a1e651a6eb7,5f47ede75080c61345c5990b,4,,,,,,,,,,,,,,,,,,,,,,,,,,,,,,,,,,,,,,,,,,,,,,,,,,,,,,,,,,,,,,,,,,,,,,,,,,,,,,,,,,,,,,,,,,,,,,,,,,,,,,,,,,,,,,,,,,,,,,1,0,1,0,1,,,,,
,,,,,,,,,,,,5f08dafa392f74145122c0ee,13/10/1999,2020-08-27_18h40.23.296,proactive3.1,2020.1.2,Win32,60,5f47c29a48bd2a1e651a6eb7,5f47ede75080c61345c5990b,4,,,,,,,,,,,,,,,,,,,,,,,,,,,,,,,,,,,,,,,,,,,,,,,,,,,,,,,,,,,,,,,,,,,,,,,,,,,,,,,,,,,,,,,,,,,,,,,,,,,,,,,,,,,,,,,,,,,,,,2,0,2,0,1,,,,,
,,,,,,,,,,,,5f08dafa392f74145122c0ee,13/10/1999,2020-08-27_18h40.23.296,proactive3.1,2020.1.2,Win32,60,5f47c29a48bd2a1e651a6eb7,5f47ede75080c61345c5990b,4,,,,,,,,,,,,,,,,,1,,,,,,,,,,,,,,,,,,,,,,,,,,,,,,,,,,,,,,,,,,,,,,,,,,,,,,,,,,,?,0.00082,2,FALSE,?,0.00061,1,FALSE,?,0.000565,0,FALSE,?,0.00061,3,FALSE,,,,,,DIRT,sun,stimuli/images/PICTURE_488.png,new-new,LETTER,microphone,stimuli/images/PICTURE_208.png,new-new,DEATH,pawn,stimuli/images/PICTURE_356.png,new-new,ADVICE,dice,stimuli/images/PICTURE_308.png,new-new,,,,,,,,,,,0,85,85,10,1
,,,,,,,,,,,,5f08dafa392f74145122c0ee,13/10/1999,2020-08-27_18h40.23.296,proactive3.1,2020.1.2,Win32,60,5f47c29a48bd2a1e651a6eb7,5f47ede75080c61345c5990b,4,,,,,,,,,,,,,,,,,,,,,,,,,,,,,,,,,,,,,,,,,,stimuli/search/t.png,stimuli/search/b.png,stimuli/search/b.png,stimuli/search/t.png,stimuli/search/r.png,stimuli/search/b.png,stimuli/search/b.png,stimuli/search/t.png,"[-0.23833333333333334,0.40095143772744285]","[-0.17833333333333334,0.33734638529690725]","[0.17833333333333334,0.3594642894639485]","[0.23833333333333334,0.3704626825536683]","[0.17833333333333334,-0.3743566121863004]","[0.23833333333333334,-0.39429052532846176]","[-0.23833333333333334,-0.39818863748794886]","[-0.17833333333333334,-0.3526855085197706]",1,,,,,,,,,,,,,,,,,,,,,,,,,,,,,,,,,,,,,,,,,,,,,,,,,,,,,,,0,0,0,0,1,,,,,,,,,,
,,,,,,,,,,,,5f08dafa392f74145122c0ee,13/10/1999,2020-08-27_18h40.23.296,proactive3.1,2020.1.2,Win32,60,5f47c29a48bd2a1e651a6eb7,5f47ede75080c61345c5990b,4,,,,,,,,,,,,,,,,,,,,,,,,,,,,,,,,,,,,,,,,,,stimuli/search/b.png,stimuli/search/t.png,stimuli/search/t.png,stimuli/search/b.png,stimuli/search/b.png,stimuli/search/t.png,stimuli/search/r.png,stimuli/search/b.png,"[-0.23833333333333334,0.38632516592474747]","[-0.17833333333333334,0.3491003652052141]","[0.17833333333333334,0.3866334890887604]","[0.23833333333333334,0.3638331571146896]","[0.17833333333333334,-0.37446590283895387]","[0.23833333333333334,-0.3596578760618088]","[-0.23833333333333334,-0.3987252275932418]","[-0.17833333333333334,-0.33048355583855393]",1,,,,,,,,,,,,,,,,,,,,,,,,,,,,,,,,,,,,,,,,,,,,,,,,,,,,,,,1,0,1,0,1,,,,,,,,,,
,,,,,,,,,,,,5f08dafa392f74145122c0ee,13/10/1999,2020-08-27_18h40.23.296,proactive3.1,2020.1.2,Win32,60,5f47c29a48bd2a1e651a6eb7,5f47ede75080c61345c5990b,4,,,,,,,,,,,,,,,,,,,,,,,,,,,,,,,,,,,,,,,,,,stimuli/search/b.png,stimuli/search/t.png,stimuli/search/t.png,stimuli/search/b.png,stimuli/search/t.png,stimuli/search/l.png,stimuli/search/t.png,stimuli/search/b.png,"[-0.23833333333333334,0.3584097227077006]","[-0.17833333333333334,0.4002804944440177]","[0.17833333333333334,0.4063994463993093]","[0.23833333333333334,0.36721531714776584]","[0.17833333333333334,-0.34587807747193494]","[0.23833333333333334,-0.406056084284421]","[-0.23833333333333334,-0.4079028362300139]","[-0.17833333333333334,-0.36623242612466034]",0,,,,,,,,,,,,,,,,,,,,,,,,,,,,,,,,,,,,,,,,,,,,,,,,,,,,,,,2,0,2,0,1,,,,,,,,,,
,,,,,,,,,,,,5f08dafa392f74145122c0ee,13/10/1999,2020-08-27_18h40.23.296,proactive3.1,2020.1.2,Win32,60,5f47c29a48bd2a1e651a6eb7,5f47ede75080c61345c5990b,4,,,,,,,,,,,,,,,,,,,,,,,,,,,,,,,,,,,,,,,,,,stimuli/search/t.png,stimuli/search/b.png,stimuli/search/b.png,stimuli/search/t.png,stimuli/search/b.png,stimuli/search/t.png,stimuli/search/l.png,stimuli/search/t.png,"[-0.23833333333333334,0.38244039712238165]","[-0.17833333333333334,0.3540698936209572]","[0.17833333333333334,0.37518996181220515]","[0.23833333333333334,0.3457409660720123]","[0.17833333333333334,-0.41154585986586845]","[0.23833333333333334,-0.35432925231879686]","[-0.23833333333333334,-0.3612040082069846]","[-0.17833333333333334,-0.3816443625113714]",0,,,,,,,,,,,,,,,,,,,,,,,,,,,,,,,,,,,,,,,,,,,,,,,,,,,,,,,3,0,3,0,1,,,,,,,,,,
,,,,,,,,,,,,5f08dafa392f74145122c0ee,13/10/1999,2020-08-27_18h40.23.296,proactive3.1,2020.1.2,Win32,60,5f47c29a48bd2a1e651a6eb7,5f47ede75080c61345c5990b,4,,,,,,,,,,,,,,,,,,,,,,,,,,,,,,,,,,,,,,,,,,,,,,,,,,,,,,,,,,,,,,,,,,,,,,,,,,,,,,,,,,,,,,,,,,,,,,,,,,,,,,,,,,,,,,,,,,,,,,0,0,0,0,1,,,,,
,,,,,,,,,,,,5f08dafa392f74145122c0ee,13/10/1999,2020-08-27_18h40.23.296,proactive3.1,2020.1.2,Win32,60,5f47c29a48bd2a1e651a6eb7,5f47ede75080c61345c5990b,4,,,,,,,,,,,,,,,,,,,,,,,,,,,,,,,,,,,,,,,,,,,,,,,,,,,,,,,,,,,,,,,,,,,,,,,,,,,,,,,,,,,,,,,,,,,,,,,,,,,,,,,,,,,,,,,,,,,,,,1,0,1,0,1,,,,,
,,,,,,,,,,,,5f08dafa392f74145122c0ee,13/10/1999,2020-08-27_18h40.23.296,proactive3.1,2020.1.2,Win32,60,5f47c29a48bd2a1e651a6eb7,5f47ede75080c61345c5990b,4,,,,,,,,,,,,,,,,,,,,,,,,,,,,,,,,,,,,,,,,,,,,,,,,,,,,,,,,,,,,,,,,,,,,,,,,,,,,,,,,,,,,,,,,,,,,,,,,,,,,,,,,,,,,,,,,,,,,,,2,0,2,0,1,,,,,
,,,,,,,,,,,,5f08dafa392f74145122c0ee,13/10/1999,2020-08-27_18h40.23.296,proactive3.1,2020.1.2,Win32,60,5f47c29a48bd2a1e651a6eb7,5f47ede75080c61345c5990b,4,,,,,,,,,,,,,,,,,3,,,,,,,,,,,,,,,,,,,,,,,,,,,,,,,,,,,,,,,,,,,,,,,,,,,,,,,,,,,?,0.00083,3,FALSE,?,0.00061,0,FALSE,?,0.00074,2,FALSE,?,0.00172,1,FALSE,,,,,,DOZEN,gorilla,stimuli/images/PICTURE_380.png,new-new,FLESH,windmill,stimuli/images/PICTURE_675.png,new-new,LOTS,backpack,stimuli/images/PICTURE_339.png,new-new,CARS,tray,stimuli/images/PICTURE_151.png,new-new,,,,,,,,,,,0,86,86,47,1
,,,,,,,,,,,,5f08dafa392f74145122c0ee,13/10/1999,2020-08-27_18h40.23.296,proactive3.1,2020.1.2,Win32,60,5f47c29a48bd2a1e651a6eb7,5f47ede75080c61345c5990b,4,,,,,,,,,,,,,,,,,,,,,,,,,,,,,,,,,,,,,,,,,,stimuli/search/b.png,stimuli/search/t.png,stimuli/search/t.png,stimuli/search/b.png,stimuli/search/l.png,stimuli/search/t.png,stimuli/search/t.png,stimuli/search/b.png,"[-0.23833333333333334,0.3799476812813611]","[-0.17833333333333334,0.3766506205232538]","[0.17833333333333334,0.37630023667546897]","[0.23833333333333334,0.369575572196779]","[0.17833333333333334,-0.354843101830704]","[0.23833333333333334,-0.35306729045541463]","[-0.23833333333333334,-0.33670035731824927]","[-0.17833333333333334,-0.32429717200191455]",0,,,,,,,,,,,,,,,,,,,,,,,,,,,,,,,,,,,,,,,,,,,,,,,,,,,,,,,0,0,0,0,1,,,,,,,,,,
,,,,,,,,,,,,5f08dafa392f74145122c0ee,13/10/1999,2020-08-27_18h40.23.296,proactive3.1,2020.1.2,Win32,60,5f47c29a48bd2a1e651a6eb7,5f47ede75080c61345c5990b,4,,,,,,,,,,,,,,,,,,,,,,,,,,,,,,,,,,,,,,,,,,stimuli/search/t.png,stimuli/search/b.png,stimuli/search/t.png,stimuli/search/b.png,stimuli/search/t.png,stimuli/search/b.png,stimuli/search/t.png,stimuli/search/l.png,"[-0.23833333333333334,0.40493116380462185]","[-0.17833333333333334,0.39660571987229737]","[0.17833333333333334,0.37332433316622243]","[0.23833333333333334,0.3730425281270054]","[0.17833333333333334,-0.40751699359583815]","[0.23833333333333334,-0.4077523142556205]","[-0.23833333333333334,-0.4020124740034775]","[-0.17833333333333334,-0.33390123718258125]",0,,,,,,,,,,,,,,,,,,,,,,,,,,,,,,,,,,,,,,,,,,,,,,,,,,,,,,,1,0,1,0,1,,,,,,,,,,
,,,,,,,,,,,,5f08dafa392f74145122c0ee,13/10/1999,2020-08-27_18h40.23.296,proactive3.1,2020.1.2,Win32,60,5f47c29a48bd2a1e651a6eb7,5f47ede75080c61345c5990b,4,,,,,,,,,,,,,,,,,,,,,,,,,,,,,,,,,,,,,,,,,,stimuli/search/b.png,stimuli/search/t.png,stimuli/search/l.png,stimuli/search/b.png,stimuli/search/t.png,stimuli/search/b.png,stimuli/search/t.png,stimuli/search/b.png,"[-0.23833333333333334,0.39838826984779624]","[-0.17833333333333334,0.35330770854945587]","[0.17833333333333334,0.3576756822899207]","[0.23833333333333334,0.38239167800317053]","[0.17833333333333334,-0.34839104206488036]","[0.23833333333333334,-0.3410899425273532]","[-0.23833333333333334,-0.4108679612267593]","[-0.17833333333333334,-0.3406464169630733]",0,,,,,,,,,,,,,,,,,,,,,,,,,,,,,,,,,,,,,,,,,,,,,,,,,,,,,,,2,0,2,0,1,,,,,,,,,,
,,,,,,,,,,,,5f08dafa392f74145122c0ee,13/10/1999,2020-08-27_18h40.23.296,proactive3.1,2020.1.2,Win32,60,5f47c29a48bd2a1e651a6eb7,5f47ede75080c61345c5990b,4,,,,,,,,,,,,,,,,,,,,,,,,,,,,,,,,,,,,,,,,,,stimuli/search/b.png,stimuli/search/t.png,stimuli/search/b.png,stimuli/search/t.png,stimuli/search/b.png,stimuli/search/r.png,stimuli/search/b.png,stimuli/search/t.png,"[-0.23833333333333334,0.33985587540656464]","[-0.17833333333333334,0.37438318030306833]","[0.17833333333333334,0.41118571328006687]","[0.23833333333333334,0.39426349010456013]","[0.17833333333333334,-0.38557272051053165]","[0.23833333333333334,-0.3625196261960128]","[-0.23833333333333334,-0.41140288905997474]","[-0.17833333333333334,-0.40413751956608096]",1,,,,,,,,,,,,,,,,,,,,,,,,,,,,,,,,,,,,,,,,,,,,,,,,,,,,,,,3,0,3,0,1,,,,,,,,,,
,,,,,,,,,,,,5f08dafa392f74145122c0ee,13/10/1999,2020-08-27_18h40.23.296,proactive3.1,2020.1.2,Win32,60,5f47c29a48bd2a1e651a6eb7,5f47ede75080c61345c5990b,4,,,,,,,,,,,,,,,,,,,,,,,,,,,,,,,,,,,,,,,,,,,,,,,,,,,,,,,,,,,,,,,,,,,,,,,,,,,,,,,,,,,,,,,,,,,,,,,,,,,,,,,,,,,,,,,,,,,,,,0,0,0,0,1,,,,,
,,,,,,,,,,,,5f08dafa392f74145122c0ee,13/10/1999,2020-08-27_18h40.23.296,proactive3.1,2020.1.2,Win32,60,5f47c29a48bd2a1e651a6eb7,5f47ede75080c61345c5990b,4,,,,,,,,,,,,,,,,,,,,,,,,,,,,,,,,,,,,,,,,,,,,,,,,,,,,,,,,,,,,,,,,,,,,,,,,,,,,,,,,,,,,,,,,,,,,,,,,,,,,,,,,,,,,,,,,,,,,,,1,0,1,0,1,,,,,
,,,,,,,,,,,,5f08dafa392f74145122c0ee,13/10/1999,2020-08-27_18h40.23.296,proactive3.1,2020.1.2,Win32,60,5f47c29a48bd2a1e651a6eb7,5f47ede75080c61345c5990b,4,,,,,,,,,,,,,,,,,,,,,,,,,,,,,,,,,,,,,,,,,,,,,,,,,,,,,,,,,,,,,,,,,,,,,,,,,,,,,,,,,,,,,,,,,,,,,,,,,,,,,,,,,,,,,,,,,,,,,,2,0,2,0,1,,,,,
,,,,,,,,,,,,5f08dafa392f74145122c0ee,13/10/1999,2020-08-27_18h40.23.296,proactive3.1,2020.1.2,Win32,60,5f47c29a48bd2a1e651a6eb7,5f47ede75080c61345c5990b,4,,,,,,,,,,,,,,,,,5,,,,,,,,,,,,,,,,,,,,,,,,,,,,,,,,,,,,,,,,,,,,,,,,,,,,,,,,,,,?,0.000885,1,FALSE,?,0.00131,2,FALSE,?,0.00146,3,FALSE,?,0.001245,0,FALSE,,,,,,NIGHT,goose,stimuli/images/PICTURE_685.png,new-new,CARS,microphone,stimuli/images/PICTURE_208.png,old-new,CLOCK,pencil,stimuli/images/PICTURE_654.png,mis-match,TOILET,diamond,stimuli/images/PICTURE_85.png,match,,,,,,,,,,,0,87,87,72,1
,,,,,,,,,,,,5f08dafa392f74145122c0ee,13/10/1999,2020-08-27_18h40.23.296,proactive3.1,2020.1.2,Win32,60,5f47c29a48bd2a1e651a6eb7,5f47ede75080c61345c5990b,4,,,,,,,,,,,,,,,,,,,,,,,,,,,,,,,,,,,,,,,,,,stimuli/search/t.png,stimuli/search/b.png,stimuli/search/l.png,stimuli/search/t.png,stimuli/search/b.png,stimuli/search/t.png,stimuli/search/b.png,stimuli/search/t.png,"[-0.23833333333333334,0.39861973943773293]","[-0.17833333333333334,0.3753627648545336]","[0.17833333333333334,0.3613258227668332]","[0.23833333333333334,0.37591384863573823]","[0.17833333333333334,-0.3706707063329221]","[0.23833333333333334,-0.36622897164692747]","[-0.23833333333333334,-0.33422832505080113]","[-0.17833333333333334,-0.3734314673287757]",0,,,,,,,,,,,,,,,,,,,,,,,,,,,,,,,,,,,,,,,,,,,,,,,,,,,,,,,0,0,0,0,1,,,,,,,,,,
,,,,,,,,,,,,5f08dafa392f74145122c0ee,13/10/1999,2020-08-27_18h40.23.296,proactive3.1,2020.1.2,Win32,60,5f47c29a48bd2a1e651a6eb7,5f47ede75080c61345c5990b,4,,,,,,,,,,,,,,,,,,,,,,,,,,,,,,,,,,,,,,,,,,stimuli/search/t.png,stimuli/search/b.png,stimuli/search/b.png,stimuli/search/l.png,stimuli/search/b.png,stimuli/search/t.png,stimuli/search/t.png,stimuli/search/b.png,"[-0.23833333333333334,0.35726123734923354]","[-0.17833333333333334,0.37209033524815294]","[0.17833333333333334,0.41616056744485785]","[0.23833333333333334,0.3506542842598344]","[0.17833333333333334,-0.37645883073357606]","[0.23833333333333334,-0.35108885299462467]","[-0.23833333333333334,-0.366738422892109]","[-0.17833333333333334,-0.3782841660210864]",0,,,,,,,,,,,,,,,,,,,,,,,,,,,,,,,,,,,,,,,,,,,,,,,,,,,,,,,1,0,1,0,1,,,,,,,,,,
,,,,,,,,,,,,5f08dafa392f74145122c0ee,13/10/1999,2020-08-27_18h40.23.296,proactive3.1,2020.1.2,Win32,60,5f47c29a48bd2a1e651a6eb7,5f47ede75080c61345c5990b,4,,,,,,,,,,,,,,,,,,,,,,,,,,,,,,,,,,,,,,,,,,stimuli/search/b.png,stimuli/search/l.png,stimuli/search/b.png,stimuli/search/t.png,stimuli/search/t.png,stimuli/search/b.png,stimuli/search/t.png,stimuli/search/b.png,"[-0.23833333333333334,0.3525791552341868]","[-0.17833333333333334,0.3510579975388742]","[0.17833333333333334,0.4076441902506143]","[0.23833333333333334,0.4083912967488771]","[0.17833333333333334,-0.36137102385262176]","[0.23833333333333334,-0.4146553093399335]","[-0.23833333333333334,-0.3576811116439905]","[-0.17833333333333334,-0.3493637841765153]",0,,,,,,,,,,,,,,,,,,,,,,,,,,,,,,,,,,,,,,,,,,,,,,,,,,,,,,,2,0,2,0,1,,,,,,,,,,
,,,,,,,,,,,,5f08dafa392f74145122c0ee,13/10/1999,2020-08-27_18h40.23.296,proactive3.1,2020.1.2,Win32,60,5f47c29a48bd2a1e651a6eb7,5f47ede75080c61345c5990b,4,,,,,,,,,,,,,,,,,,,,,,,,,,,,,,,,,,,,,,,,,,stimuli/search/l.png,stimuli/search/t.png,stimuli/search/b.png,stimuli/search/t.png,stimuli/search/t.png,stimuli/search/b.png,stimuli/search/b.png,stimuli/search/t.png,"[-0.23833333333333334,0.3994286127362859]","[-0.17833333333333334,0.3382176716679328]","[0.17833333333333334,0.3740868618113369]","[0.23833333333333334,0.3888634266790494]","[0.17833333333333334,-0.3747792309280033]","[0.23833333333333334,-0.41478881200314255]","[-0.23833333333333334,-0.3244699443689674]","[-0.17833333333333334,-0.33694866471057644]",0,,,,,,,,,,,,,,,,,,,,,,,,,,,,,,,,,,,,,,,,,,,,,,,,,,,,,,,3,0,3,0,1,,,,,,,,,,
,,,,,,,,,,,,5f08dafa392f74145122c0ee,13/10/1999,2020-08-27_18h40.23.296,proactive3.1,2020.1.2,Win32,60,5f47c29a48bd2a1e651a6eb7,5f47ede75080c61345c5990b,4,,,,,,,,,,,,,,,,,,,,,,,,,,,,,,,,,,,,,,,,,,,,,,,,,,,,,,,,,,,,,,,,,,,,,,,,,,,,,,,,,,,,,,,,,,,,,,,,,,,,,,,,,,,,,,,,,,,,,,0,0,0,0,1,,,,,
,,,,,,,,,,,,5f08dafa392f74145122c0ee,13/10/1999,2020-08-27_18h40.23.296,proactive3.1,2020.1.2,Win32,60,5f47c29a48bd2a1e651a6eb7,5f47ede75080c61345c5990b,4,,,,,,,,,,,,,,,,,,,,,,,,,,,,,,,,,,,,,,,,,,,,,,,,,,,,,,,,,,,,,,,,,,,,,,,,,,,,,,,,,,,,,,,,,,,,,,,,,,,,,,,,,,,,,,,,,,,,,,1,0,1,0,1,,,,,
,,,,,,,,,,,,5f08dafa392f74145122c0ee,13/10/1999,2020-08-27_18h40.23.296,proactive3.1,2020.1.2,Win32,60,5f47c29a48bd2a1e651a6eb7,5f47ede75080c61345c5990b,4,,,,,,,,,,,,,,,,,,,,,,,,,,,,,,,,,,,,,,,,,,,,,,,,,,,,,,,,,,,,,,,,,,,,,,,,,,,,,,,,,,,,,,,,,,,,,,,,,,,,,,,,,,,,,,,,,,,,,,2,0,2,0,1,,,,,
,,,,,,,,,,,,5f08dafa392f74145122c0ee,13/10/1999,2020-08-27_18h40.23.296,proactive3.1,2020.1.2,Win32,60,5f47c29a48bd2a1e651a6eb7,5f47ede75080c61345c5990b,4,,,,,,,,,,,,,,,,,3,,,,,,,,,,,,,,,,,,,,,,,,,,,,,,,,,,,,,,,,,,,,,,,,,,,,,,,,,,,?,0.000825,2,FALSE,?,0.00096,0,FALSE,?,0.00081,3,FALSE,?,0.00063,1,FALSE,,,,,,POLICY,pepper,stimuli/images/PICTURE_348.png,mis-match,JUNGLE,planet,stimuli/images/PICTURE_18.png,old-new,BELT,wheelbarrow,stimuli/images/PICTURE_160.png,new-new,BATH,spoon,stimuli/images/PICTURE_564.png,match,,,,,,,,,,,0,88,88,37,1
,,,,,,,,,,,,5f08dafa392f74145122c0ee,13/10/1999,2020-08-27_18h40.23.296,proactive3.1,2020.1.2,Win32,60,5f47c29a48bd2a1e651a6eb7,5f47ede75080c61345c5990b,4,,,,,,,,,,,,,,,,,,,,,,,,,,,,,,,,,,,,,,,,,,stimuli/search/b.png,stimuli/search/l.png,stimuli/search/b.png,stimuli/search/t.png,stimuli/search/t.png,stimuli/search/b.png,stimuli/search/b.png,stimuli/search/t.png,"[-0.23833333333333334,0.35417036901736665]","[-0.17833333333333334,0.37155554373138744]","[0.17833333333333334,0.4059306714342932]","[0.23833333333333334,0.3456895275973279]","[0.17833333333333334,-0.38015197690948527]","[0.23833333333333334,-0.3737820469704905]","[-0.23833333333333334,-0.333114773239535]","[-0.17833333333333334,-0.3692486183662738]",0,,,,,,,,,,,,,,,,,,,,,,,,,,,,,,,,,,,,,,,,,,,,,,,,,,,,,,,0,0,0,0,1,,,,,,,,,,
,,,,,,,,,,,,5f08dafa392f74145122c0ee,13/10/1999,2020-08-27_18h40.23.296,proactive3.1,2020.1.2,Win32,60,5f47c29a48bd2a1e651a6eb7,5f47ede75080c61345c5990b,4,,,,,,,,,,,,,,,,,,,,,,,,,,,,,,,,,,,,,,,,,,stimuli/search/t.png,stimuli/search/b.png,stimuli/search/t.png,stimuli/search/b.png,stimuli/search/t.png,stimuli/search/b.png,stimuli/search/b.png,stimuli/search/r.png,"[-0.23833333333333334,0.36649347584299014]","[-0.17833333333333334,0.4001259177413121]","[0.17833333333333334,0.3286558960038702]","[0.23833333333333334,0.3739276511147398]","[0.17833333333333334,-0.3286006865517205]","[0.23833333333333334,-0.33691483921960325]","[-0.23833333333333334,-0.41236264521855953]","[-0.17833333333333334,-0.3600746187683381]",1,,,,,,,,,,,,,,,,,,,,,,,,,,,,,,,,,,,,,,,,,,,,,,,,,,,,,,,1,0,1,0,1,,,,,,,,,,
,,,,,,,,,,,,5f08dafa392f74145122c0ee,13/10/1999,2020-08-27_18h40.23.296,proactive3.1,2020.1.2,Win32,60,5f47c29a48bd2a1e651a6eb7,5f47ede75080c61345c5990b,4,,,,,,,,,,,,,,,,,,,,,,,,,,,,,,,,,,,,,,,,,,stimuli/search/b.png,stimuli/search/t.png,stimuli/search/b.png,stimuli/search/t.png,stimuli/search/r.png,stimuli/search/b.png,stimuli/search/t.png,stimuli/search/b.png,"[-0.23833333333333334,0.39286195092173387]","[-0.17833333333333334,0.3949239474130116]","[0.17833333333333334,0.3919970916887737]","[0.23833333333333334,0.3366328118180532]","[0.17833333333333334,-0.3349630152944461]","[0.23833333333333334,-0.3731000784913072]","[-0.23833333333333334,-0.37325485433654426]","[-0.17833333333333334,-0.3326145940575828]",1,,,,,,,,,,,,,,,,,,,,,,,,,,,,,,,,,,,,,,,,,,,,,,,,,,,,,,,2,0,2,0,1,,,,,,,,,,
,,,,,,,,,,,,5f08dafa392f74145122c0ee,13/10/1999,2020-08-27_18h40.23.296,proactive3.1,2020.1.2,Win32,60,5f47c29a48bd2a1e651a6eb7,5f47ede75080c61345c5990b,4,,,,,,,,,,,,,,,,,,,,,,,,,,,,,,,,,,,,,,,,,,stimuli/search/t.png,stimuli/search/b.png,stimuli/search/b.png,stimuli/search/t.png,stimuli/search/t.png,stimuli/search/l.png,stimuli/search/t.png,stimuli/search/b.png,"[-0.23833333333333334,0.3750965087687499]","[-0.17833333333333334,0.3758146275624669]","[0.17833333333333334,0.33050878562198527]","[0.23833333333333334,0.35383012596763674]","[0.17833333333333334,-0.34326973261325694]","[0.23833333333333334,-0.3582324571507224]","[-0.23833333333333334,-0.3485130377091982]","[-0.17833333333333334,-0.33831248834915706]",0,,,,,,,,,,,,,,,,,,,,,,,,,,,,,,,,,,,,,,,,,,,,,,,,,,,,,,,3,0,3,0,1,,,,,,,,,,
,,,,,,,,,,,,5f08dafa392f74145122c0ee,13/10/1999,2020-08-27_18h40.23.296,proactive3.1,2020.1.2,Win32,60,5f47c29a48bd2a1e651a6eb7,5f47ede75080c61345c5990b,4,,,,,,,,,,,,,,,,,,,,,,,,,,,,,,,,,,,,,,,,,,,,,,,,,,,,,,,,,,,,,,,,,,,,,,,,,,,,,,,,,,,,,,,,,,,,,,,,,,,,,,,,,,,,,,,,,,,,,,0,0,0,0,1,,,,,
,,,,,,,,,,,,5f08dafa392f74145122c0ee,13/10/1999,2020-08-27_18h40.23.296,proactive3.1,2020.1.2,Win32,60,5f47c29a48bd2a1e651a6eb7,5f47ede75080c61345c5990b,4,,,,,,,,,,,,,,,,,,,,,,,,,,,,,,,,,,,,,,,,,,,,,,,,,,,,,,,,,,,,,,,,,,,,,,,,,,,,,,,,,,,,,,,,,,,,,,,,,,,,,,,,,,,,,,,,,,,,,,1,0,1,0,1,,,,,
,,,,,,,,,,,,5f08dafa392f74145122c0ee,13/10/1999,2020-08-27_18h40.23.296,proactive3.1,2020.1.2,Win32,60,5f47c29a48bd2a1e651a6eb7,5f47ede75080c61345c5990b,4,,,,,,,,,,,,,,,,,,,,,,,,,,,,,,,,,,,,,,,,,,,,,,,,,,,,,,,,,,,,,,,,,,,,,,,,,,,,,,,,,,,,,,,,,,,,,,,,,,,,,,,,,,,,,,,,,,,,,,2,0,2,0,1,,,,,
,,,,,,,,,,,,5f08dafa392f74145122c0ee,13/10/1999,2020-08-27_18h40.23.296,proactive3.1,2020.1.2,Win32,60,5f47c29a48bd2a1e651a6eb7,5f47ede75080c61345c5990b,4,,,,,,,,,,,,,,,,,3,,,,,,,,,,,,,,,,,,,,,,,,,,,,,,,,,,,,,,,,,,,,,,,,,,,,,,,,,,,?,0.001045,3,FALSE,?,0.00255,1,FALSE,?,0.001005,2,FALSE,?,0.00327,0,FALSE,,,,,,WRITER,cap,stimuli/images/PICTURE_203.png,mis-match,KIND,candle,stimuli/images/PICTURE_68.png,match,WOMEN,microphone,stimuli/images/PICTURE_208.png,old-new,WEAPON,cherry,stimuli/images/PICTURE_692.png,new-new,,,,,,,,,,,0,89,89,39,1
,,,,,,,,,,,,5f08dafa392f74145122c0ee,13/10/1999,2020-08-27_18h40.23.296,proactive3.1,2020.1.2,Win32,60,5f47c29a48bd2a1e651a6eb7,5f47ede75080c61345c5990b,4,,,,,,,,,,,,,,,,,,,,,,,,,,,,,,,,,,,,,,,,,,stimuli/search/t.png,stimuli/search/l.png,stimuli/search/t.png,stimuli/search/b.png,stimuli/search/t.png,stimuli/search/b.png,stimuli/search/b.png,stimuli/search/t.png,"[-0.23833333333333334,0.41006949446936175]","[-0.17833333333333334,0.37347561154465264]","[0.17833333333333334,0.33379552029221937]","[0.23833333333333334,0.38275295554188904]","[0.17833333333333334,-0.352391213630358]","[0.23833333333333334,-0.3337944042204773]","[-0.23833333333333334,-0.35215577715283714]","[-0.17833333333333334,-0.37603231001364834]",0,,,,,,,,,,,,,,,,,,,,,,,,,,,,,,,,,,,,,,,,,,,,,,,,,,,,,,,0,0,0,0,1,,,,,,,,,,
,,,,,,,,,,,,5f08dafa392f74145122c0ee,13/10/1999,2020-08-27_18h40.23.296,proactive3.1,2020.1.2,Win32,60,5f47c29a48bd2a1e651a6eb7,5f47ede75080c61345c5990b,4,,,,,,,,,,,,,,,,,,,,,,,,,,,,,,,,,,,,,,,,,,stimuli/search/t.png,stimuli/search/b.png,stimuli/search/t.png,stimuli/search/b.png,stimuli/search/t.png,stimuli/search/b.png,stimuli/search/b.png,stimuli/search/r.png,"[-0.23833333333333334,0.4044403086085469]","[-0.17833333333333334,0.39225338990269315]","[0.17833333333333334,0.4032751223598892]","[0.23833333333333334,0.3409820611188827]","[0.17833333333333334,-0.37144317912345165]","[0.23833333333333334,-0.41286495862002937]","[-0.23833333333333334,-0.40399789965110555]","[-0.17833333333333334,-0.4062537706115612]",1,0,,,,,,1.948425,,,,,,,,,,,,,,,,,,,,,,,,,,,,,,,,,,,,,,,,,,,,,,,,1,0,1,0,1,,,,,,,,,,
,,,,,,,,,,,,5f08dafa392f74145122c0ee,13/10/1999,2020-08-27_18h40.23.296,proactive3.1,2020.1.2,Win32,60,5f47c29a48bd2a1e651a6eb7,5f47ede75080c61345c5990b,4,,,,,,,,,,,,,,,,,,,,,,,,,,,,,,,,,,,,,,,,,,stimuli/search/t.png,stimuli/search/b.png,stimuli/search/t.png,stimuli/search/b.png,stimuli/search/t.png,stimuli/search/l.png,stimuli/search/t.png,stimuli/search/b.png,"[-0.23833333333333334,0.3550081703926917]","[-0.17833333333333334,0.3404814124171007]","[0.17833333333333334,0.3995662616452787]","[0.23833333333333334,0.33087719778878694]","[0.17833333333333334,-0.37125300805280176]","[0.23833333333333334,-0.3943537553562948]","[-0.23833333333333334,-0.33160477168741037]","[-0.17833333333333334,-0.3261229201452063]",0,1,,,,,,1.14113,,,,,,,,,,,,,,,,,,,,,,,,,,,,,,,,,,,,,,,,,,,,,,,,2,0,2,0,1,,,,,,,,,,
,,,,,,,,,,,,5f08dafa392f74145122c0ee,13/10/1999,2020-08-27_18h40.23.296,proactive3.1,2020.1.2,Win32,60,5f47c29a48bd2a1e651a6eb7,5f47ede75080c61345c5990b,4,,,,,,,,,,,,,,,,,,,,,,,,,,,,,,,,,,,,,,,,,,stimuli/search/t.png,stimuli/search/b.png,stimuli/search/b.png,stimuli/search/t.png,stimuli/search/l.png,stimuli/search/b.png,stimuli/search/b.png,stimuli/search/t.png,"[-0.23833333333333334,0.39308675053081393]","[-0.17833333333333334,0.402865640018084]","[0.17833333333333334,0.3832415265675361]","[0.23833333333333334,0.32685034082612496]","[0.17833333333333334,-0.3454871250121736]","[0.23833333333333334,-0.39779389871393506]","[-0.23833333333333334,-0.3355317066826527]","[-0.17833333333333334,-0.34400852854597347]",0,0,,,,,,0.858425,,,,,,,,,,,,,,,,,,,,,,,,,,,,,,,,,,,,,,,,,,,,,,,,3,0,3,0,1,,,,,,,,,,
,,,,,,,,,,,,5f08dafa392f74145122c0ee,13/10/1999,2020-08-27_18h40.23.296,proactive3.1,2020.1.2,Win32,60,5f47c29a48bd2a1e651a6eb7,5f47ede75080c61345c5990b,4,,,,,,,,,,,,,,,,,,,,,,,,,,,,,,,,,,,,,,,,,,,,,,,,,,,,,,,,,,,,,,,,,,,,,,,,,,,,,,,,,,,,,,,,,,,,,,,,,,,,,,,,,,,,,,,,,,,,,,0,0,0,0,1,,,,,
,,,,,,,,,,,,5f08dafa392f74145122c0ee,13/10/1999,2020-08-27_18h40.23.296,proactive3.1,2020.1.2,Win32,60,5f47c29a48bd2a1e651a6eb7,5f47ede75080c61345c5990b,4,,,,,,,,,,,,,,,,,,,,,,,,,,,,,,,,,,,,,,,,,,,,,,,,,,,,,,,,,,,,,,,,,,,,,,,,,,,,,,,,,,,,,,,,,,,,,,,,,,,,,,,,,,,,,,,,,,,,,,1,0,1,0,1,,,,,
,,,,,,,,,,,,5f08dafa392f74145122c0ee,13/10/1999,2020-08-27_18h40.23.296,proactive3.1,2020.1.2,Win32,60,5f47c29a48bd2a1e651a6eb7,5f47ede75080c61345c5990b,4,,,,,,,,,,,,,,,,,,,,,,,,,,,,,,,,,,,,,,,,,,,,,,,,,,,,,,,,,,,,,,,,,,,,,,,,,,,,,,,,,,,,,,,,,,,,,,,,,,,,,,,,,,,,,,,,,,,,,,2,0,2,0,1,,,,,
,,,,,,,,,,,,5f08dafa392f74145122c0ee,13/10/1999,2020-08-27_18h40.23.296,proactive3.1,2020.1.2,Win32,60,5f47c29a48bd2a1e651a6eb7,5f47ede75080c61345c5990b,4,,,,,,,,,,,,,,,,,4,,,,,,,,,,,,,,,,,,,,,,,,,,,,,,,,,,,,,,,,,,,,,,,,,,,,,,,,,,,FLIGHT,4.816095,3,TRUE,SALE,2.750345,0,FALSE,LOUD,3.75105,1,FALSE,CUT,2.449845,2,FALSE,,,,,,CANDY,taxi,stimuli/images/PICTURE_302.png,new-new,SALE,megaphone,stimuli/images/PICTURE_655.png,new-new,FLIGHT,bolt,stimuli/images/PICTURE_296.png,new-new,DIRT,scissors,stimuli/images/PICTURE_453.png,new-new,,,,,,,,,,,0,90,90,59,1
,,,,,,,,,,,,5f08dafa392f74145122c0ee,13/10/1999,2020-08-27_18h40.23.296,proactive3.1,2020.1.2,Win32,60,5f47c29a48bd2a1e651a6eb7,5f47ede75080c61345c5990b,4,,,,,,,,,,,,,,,,,,,,,,,,,,,,,,,,,,,,,,,,,,stimuli/search/b.png,stimuli/search/t.png,stimuli/search/t.png,stimuli/search/b.png,stimuli/search/t.png,stimuli/search/b.png,stimuli/search/l.png,stimuli/search/t.png,"[-0.23833333333333334,0.3576023794634993]","[-0.17833333333333334,0.4115109418457519]","[0.17833333333333334,0.395534456717115]","[0.23833333333333334,0.3878340429492769]","[0.17833333333333334,-0.37512178311127065]","[0.23833333333333334,-0.33469700204878317]","[-0.23833333333333334,-0.36288423493768207]","[-0.17833333333333334,-0.33222462176666867]",0,,,,,,,,,,,,,,,,,,,,,,,,,,,,,,,,,,,,,,,,,,,,,,,,,,,,,,,0,0,0,0,1,,,,,,,,,,
,,,,,,,,,,,,5f08dafa392f74145122c0ee,13/10/1999,2020-08-27_18h40.23.296,proactive3.1,2020.1.2,Win32,60,5f47c29a48bd2a1e651a6eb7,5f47ede75080c61345c5990b,4,,,,,,,,,,,,,,,,,,,,,,,,,,,,,,,,,,,,,,,,,,stimuli/search/t.png,stimuli/search/b.png,stimuli/search/l.png,stimuli/search/b.png,stimuli/search/b.png,stimuli/search/t.png,stimuli/search/t.png,stimuli/search/b.png,"[-0.23833333333333334,0.3721251355459523]","[-0.17833333333333334,0.3380272960195728]","[0.17833333333333334,0.3346143186918222]","[0.23833333333333334,0.3552197621821154]","[0.17833333333333334,-0.3754375662957965]","[0.23833333333333334,-0.3525390403791346]","[-0.23833333333333334,-0.33248469215712695]","[-0.17833333333333334,-0.35791617880163257]",0,,,,,,,,,,,,,,,,,,,,,,,,,,,,,,,,,,,,,,,,,,,,,,,,,,,,,,,1,0,1,0,1,,,,,,,,,,
,,,,,,,,,,,,5f08dafa392f74145122c0ee,13/10/1999,2020-08-27_18h40.23.296,proactive3.1,2020.1.2,Win32,60,5f47c29a48bd2a1e651a6eb7,5f47ede75080c61345c5990b,4,,,,,,,,,,,,,,,,,,,,,,,,,,,,,,,,,,,,,,,,,,stimuli/search/b.png,stimuli/search/t.png,stimuli/search/b.png,stimuli/search/t.png,stimuli/search/b.png,stimuli/search/t.png,stimuli/search/r.png,stimuli/search/b.png,"[-0.23833333333333334,0.37606328018644364]","[-0.17833333333333334,0.38432550795671333]","[0.17833333333333334,0.3768471746192343]","[0.23833333333333334,0.33552795815610365]","[0.17833333333333334,-0.33659282565205384]","[0.23833333333333334,-0.3281924331120062]","[-0.23833333333333334,-0.3303326354495642]","[-0.17833333333333334,-0.4015893309456829]",1,,,,,,,,,,,,,,,,,,,,,,,,,,,,,,,,,,,,,,,,,,,,,,,,,,,,,,,2,0,2,0,1,,,,,,,,,,
,,,,,,,,,,,,5f08dafa392f74145122c0ee,13/10/1999,2020-08-27_18h40.23.296,proactive3.1,2020.1.2,Win32,60,5f47c29a48bd2a1e651a6eb7,5f47ede75080c61345c5990b,4,,,,,,,,,,,,,,,,,,,,,,,,,,,,,,,,,,,,,,,,,,stimuli/search/t.png,stimuli/search/b.png,stimuli/search/t.png,stimuli/search/r.png,stimuli/search/b.png,stimuli/search/t.png,stimuli/search/b.png,stimuli/search/t.png,"[-0.23833333333333334,0.38110699364030115]","[-0.17833333333333334,0.3421681842183455]","[0.17833333333333334,0.34973730323551117]","[0.23833333333333334,0.33587905522089123]","[0.17833333333333334,-0.3776949212159513]","[0.23833333333333334,-0.39106188610259385]","[-0.23833333333333334,-0.35740378620699936]","[-0.17833333333333334,-0.3591474841164221]",1,,,,,,,,,,,,,,,,,,,,,,,,,,,,,,,,,,,,,,,,,,,,,,,,,,,,,,,3,0,3,0,1,,,,,,,,,,
,,,,,,,,,,,,5f08dafa392f74145122c0ee,13/10/1999,2020-08-27_18h40.23.296,proactive3.1,2020.1.2,Win32,60,5f47c29a48bd2a1e651a6eb7,5f47ede75080c61345c5990b,4,,,,,,,,,,,,,,,,,,,,,,,,,,,,,,,,,,,,,,,,,,,,,,,,,,,,,,,,,,,,,,,,,,,,,,,,,,,,,,,,,,,,,,,,,,,,,,,,,,,,,,,,,,,,,,,,,,,,,,0,0,0,0,1,,,,,
,,,,,,,,,,,,5f08dafa392f74145122c0ee,13/10/1999,2020-08-27_18h40.23.296,proactive3.1,2020.1.2,Win32,60,5f47c29a48bd2a1e651a6eb7,5f47ede75080c61345c5990b,4,,,,,,,,,,,,,,,,,,,,,,,,,,,,,,,,,,,,,,,,,,,,,,,,,,,,,,,,,,,,,,,,,,,,,,,,,,,,,,,,,,,,,,,,,,,,,,,,,,,,,,,,,,,,,,,,,,,,,,1,0,1,0,1,,,,,
,,,,,,,,,,,,5f08dafa392f74145122c0ee,13/10/1999,2020-08-27_18h40.23.296,proactive3.1,2020.1.2,Win32,60,5f47c29a48bd2a1e651a6eb7,5f47ede75080c61345c5990b,4,,,,,,,,,,,,,,,,,,,,,,,,,,,,,,,,,,,,,,,,,,,,,,,,,,,,,,,,,,,,,,,,,,,,,,,,,,,,,,,,,,,,,,,,,,,,,,,,,,,,,,,,,,,,,,,,,,,,,,2,0,2,0,1,,,,,
,,,,,,,,,,,,5f08dafa392f74145122c0ee,13/10/1999,2020-08-27_18h40.23.296,proactive3.1,2020.1.2,Win32,60,5f47c29a48bd2a1e651a6eb7,5f47ede75080c61345c5990b,4,,,,,,,,,,,,,,,,,5,,,,,,,,,,,,,,,,,,,,,,,,,,,,,,,,,,,,,,,,,,,,,,,,,,,,,,,,,,,?,0.001215,0,FALSE,?,0.001045,2,FALSE,?,0.000665,3,FALSE,?,0.000815,1,FALSE,,,,,,JUNGLE,salt,stimuli/images/PICTURE_233.png,mis-match,LIFE,carrot,stimuli/images/PICTURE_285.png,new-new,HONEY,suitcase,stimuli/images/PICTURE_95.png,match,BODY,gorilla,stimuli/images/PICTURE_380.png,old-new,,,,,,,,,,,0,91,91,70,1
,,,,,,,,,,,,5f08dafa392f74145122c0ee,13/10/1999,2020-08-27_18h40.23.296,proactive3.1,2020.1.2,Win32,60,5f47c29a48bd2a1e651a6eb7,5f47ede75080c61345c5990b,4,,,,,,,,,,,,,,,,,,,,,,,,,,,,,,,,,,,,,,,,,,stimuli/search/b.png,stimuli/search/t.png,stimuli/search/l.png,stimuli/search/b.png,stimuli/search/t.png,stimuli/search/b.png,stimuli/search/t.png,stimuli/search/b.png,"[-0.23833333333333334,0.3918608390082822]","[-0.17833333333333334,0.3863299854605039]","[0.17833333333333334,0.3259981571617677]","[0.23833333333333334,0.32952065280833986]","[0.17833333333333334,-0.41083637336449813]","[0.23833333333333334,-0.4043082043858754]","[-0.23833333333333334,-0.3541525608473038]","[-0.17833333333333334,-0.3596895691035459]",0,,,,,,,,,,,,,,,,,,,,,,,,,,,,,,,,,,,,,,,,,,,,,,,,,,,,,,,0,0,0,0,1,,,,,,,,,,
,,,,,,,,,,,,5f08dafa392f74145122c0ee,13/10/1999,2020-08-27_18h40.23.296,proactive3.1,2020.1.2,Win32,60,5f47c29a48bd2a1e651a6eb7,5f47ede75080c61345c5990b,4,,,,,,,,,,,,,,,,,,,,,,,,,,,,,,,,,,,,,,,,,,stimuli/search/t.png,stimuli/search/b.png,stimuli/search/b.png,stimuli/search/r.png,stimuli/search/b.png,stimuli/search/t.png,stimuli/search/t.png,stimuli/search/b.png,"[-0.23833333333333334,0.41565917493522236]","[-0.17833333333333334,0.3496756653471084]","[0.17833333333333334,0.36196697743325956]","[0.23833333333333334,0.3404635406679214]","[0.17833333333333334,-0.3939248339166944]","[0.23833333333333334,-0.37575133643776926]","[-0.23833333333333334,-0.40535962744686227]","[-0.17833333333333334,-0.40594221455887614]",1,,,,,,,,,,,,,,,,,,,,,,,,,,,,,,,,,,,,,,,,,,,,,,,,,,,,,,,1,0,1,0,1,,,,,,,,,,
,,,,,,,,,,,,5f08dafa392f74145122c0ee,13/10/1999,2020-08-27_18h40.23.296,proactive3.1,2020.1.2,Win32,60,5f47c29a48bd2a1e651a6eb7,5f47ede75080c61345c5990b,4,,,,,,,,,,,,,,,,,,,,,,,,,,,,,,,,,,,,,,,,,,stimuli/search/b.png,stimuli/search/t.png,stimuli/search/b.png,stimuli/search/l.png,stimuli/search/t.png,stimuli/search/b.png,stimuli/search/b.png,stimuli/search/t.png,"[-0.23833333333333334,0.37616749576647757]","[-0.17833333333333334,0.3889538250724985]","[0.17833333333333334,0.3962659651498369]","[0.23833333333333334,0.3407942152314348]","[0.17833333333333334,-0.338804613265498]","[0.23833333333333334,-0.3377369694110932]","[-0.23833333333333334,-0.35733776055402033]","[-0.17833333333333334,-0.4103845021445989]",0,,,,,,,,,,,,,,,,,,,,,,,,,,,,,,,,,,,,,,,,,,,,,,,,,,,,,,,2,0,2,0,1,,,,,,,,,,
,,,,,,,,,,,,5f08dafa392f74145122c0ee,13/10/1999,2020-08-27_18h40.23.296,proactive3.1,2020.1.2,Win32,60,5f47c29a48bd2a1e651a6eb7,5f47ede75080c61345c5990b,4,,,,,,,,,,,,,,,,,,,,,,,,,,,,,,,,,,,,,,,,,,stimuli/search/t.png,stimuli/search/b.png,stimuli/search/b.png,stimuli/search/l.png,stimuli/search/b.png,stimuli/search/t.png,stimuli/search/t.png,stimuli/search/b.png,"[-0.23833333333333334,0.33982771087560953]","[-0.17833333333333334,0.3737310593629032]","[0.17833333333333334,0.40680586710637145]","[0.23833333333333334,0.36385009304679844]","[0.17833333333333334,-0.3687052910700311]","[0.23833333333333334,-0.3494238712623301]","[-0.23833333333333334,-0.41540827336503494]","[-0.17833333333333334,-0.39598268211867715]",0,,,,,,,,,,,,,,,,,,,,,,,,,,,,,,,,,,,,,,,,,,,,,,,,,,,,,,,3,0,3,0,1,,,,,,,,,,
,,,,,,,,,,,,5f08dafa392f74145122c0ee,13/10/1999,2020-08-27_18h40.23.296,proactive3.1,2020.1.2,Win32,60,5f47c29a48bd2a1e651a6eb7,5f47ede75080c61345c5990b,4,,,,,,,,,,,,,,,,,,,,,,,,,,,,,,,,,,,,,,,,,,,,,,,,,,,,,,,,,,,,,,,,,,,,,,,,,,,,,,,,,,,,,,,,,,,,,,,,,,,,,,,,,,,,,,,,,,,,,,0,0,0,0,1,,,,,
,,,,,,,,,,,,5f08dafa392f74145122c0ee,13/10/1999,2020-08-27_18h40.23.296,proactive3.1,2020.1.2,Win32,60,5f47c29a48bd2a1e651a6eb7,5f47ede75080c61345c5990b,4,,,,,,,,,,,,,,,,,,,,,,,,,,,,,,,,,,,,,,,,,,,,,,,,,,,,,,,,,,,,,,,,,,,,,,,,,,,,,,,,,,,,,,,,,,,,,,,,,,,,,,,,,,,,,,,,,,,,,,1,0,1,0,1,,,,,
,,,,,,,,,,,,5f08dafa392f74145122c0ee,13/10/1999,2020-08-27_18h40.23.296,proactive3.1,2020.1.2,Win32,60,5f47c29a48bd2a1e651a6eb7,5f47ede75080c61345c5990b,4,,,,,,,,,,,,,,,,,,,,,,,,,,,,,,,,,,,,,,,,,,,,,,,,,,,,,,,,,,,,,,,,,,,,,,,,,,,,,,,,,,,,,,,,,,,,,,,,,,,,,,,,,,,,,,,,,,,,,,2,0,2,0,1,,,,,
,,,,,,,,,,,,5f08dafa392f74145122c0ee,13/10/1999,2020-08-27_18h40.23.296,proactive3.1,2020.1.2,Win32,60,5f47c29a48bd2a1e651a6eb7,5f47ede75080c61345c5990b,4,,,,,,,,,,,,,,,,,6,,,,,,,,,,,,,,,,,,,,,,,,,,,,,,,,,,,,,,,,,,,,,,,,,,,,,,,,,,,?,0.00076,1,FALSE,?,0.000655,2,FALSE,?,0.000585,3,FALSE,?,0.00071,0,FALSE,,,,,,APPLE,kettle,stimuli/images/PICTURE_750.png,new-new,SHOTS,bolt,stimuli/images/PICTURE_296.png,old-new,DANGER,megaphone,stimuli/images/PICTURE_655.png,mis-match,KIND,dice,stimuli/images/PICTURE_308.png,match,,,,,,,,,,,0,92,92,88,1
,,,,,,,,,,,,5f08dafa392f74145122c0ee,13/10/1999,2020-08-27_18h40.23.296,proactive3.1,2020.1.2,Win32,60,5f47c29a48bd2a1e651a6eb7,5f47ede75080c61345c5990b,4,,,,,,,,,,,,,,,,,,,,,,,,,,,,,,,,,,,,,,,,,,stimuli/search/b.png,stimuli/search/t.png,stimuli/search/b.png,stimuli/search/t.png,stimuli/search/t.png,stimuli/search/b.png,stimuli/search/t.png,stimuli/search/r.png,"[-0.23833333333333334,0.33813595164631666]","[-0.17833333333333334,0.41236386124929447]","[0.17833333333333334,0.3912821562524333]","[0.23833333333333334,0.39039515304378447]","[0.17833333333333334,-0.3568371092833686]","[0.23833333333333334,-0.3759613221907693]","[-0.23833333333333334,-0.36524265868130357]","[-0.17833333333333334,-0.3302703474183369]",1,0,,,,,,1.47785,,,,,,,,,,,,,,,,,,,,,,,,,,,,,,,,,,,,,,,,,,,,,,,,0,0,0,0,1,,,,,,,,,,
,,,,,,,,,,,,5f08dafa392f74145122c0ee,13/10/1999,2020-08-27_18h40.23.296,proactive3.1,2020.1.2,Win32,60,5f47c29a48bd2a1e651a6eb7,5f47ede75080c61345c5990b,4,,,,,,,,,,,,,,,,,,,,,,,,,,,,,,,,,,,,,,,,,,stimuli/search/t.png,stimuli/search/b.png,stimuli/search/l.png,stimuli/search/b.png,stimuli/search/b.png,stimuli/search/t.png,stimuli/search/t.png,stimuli/search/b.png,"[-0.23833333333333334,0.3710668436740865]","[-0.17833333333333334,0.3934016317485693]","[0.17833333333333334,0.3604352768691152]","[0.23833333333333334,0.3657338851641213]","[0.17833333333333334,-0.38679821328726216]","[0.23833333333333334,-0.38847260730645156]","[-0.23833333333333334,-0.4008449778867814]","[-0.17833333333333334,-0.32882011033791936]",0,0,,,,,,1.555465,,,,,,,,,,,,,,,,,,,,,,,,,,,,,,,,,,,,,,,,,,,,,,,,1,0,1,0,1,,,,,,,,,,
,,,,,,,,,,,,5f08dafa392f74145122c0ee,13/10/1999,2020-08-27_18h40.23.296,proactive3.1,2020.1.2,Win32,60,5f47c29a48bd2a1e651a6eb7,5f47ede75080c61345c5990b,4,,,,,,,,,,,,,,,,,,,,,,,,,,,,,,,,,,,,,,,,,,stimuli/search/t.png,stimuli/search/b.png,stimuli/search/l.png,stimuli/search/t.png,stimuli/search/t.png,stimuli/search/b.png,stimuli/search/t.png,stimuli/search/b.png,"[-0.23833333333333334,0.388302618882888]","[-0.17833333333333334,0.35615020083157706]","[0.17833333333333334,0.39441188132579275]","[0.23833333333333334,0.3551604075850957]","[0.17833333333333334,-0.37686633549707244]","[0.23833333333333334,-0.34475791667495215]","[-0.23833333333333334,-0.3369317430683633]","[-0.17833333333333334,-0.3311127149296842]",0,0,,,,,,1.875615,,,,,,,,,,,,,,,,,,,,,,,,,,,,,,,,,,,,,,,,,,,,,,,,2,0,2,0,1,,,,,,,,,,
,,,,,,,,,,,,5f08dafa392f74145122c0ee,13/10/1999,2020-08-27_18h40.23.296,proactive3.1,2020.1.2,Win32,60,5f47c29a48bd2a1e651a6eb7,5f47ede75080c61345c5990b,4,,,,,,,,,,,,,,,,,,,,,,,,,,,,,,,,,,,,,,,,,,stimuli/search/b.png,stimuli/search/t.png,stimuli/search/b.png,stimuli/search/t.png,stimuli/search/t.png,stimuli/search/r.png,stimuli/search/t.png,stimuli/search/b.png,"[-0.23833333333333334,0.4043568340765125]","[-0.17833333333333334,0.3810489505815754]","[0.17833333333333334,0.33772416236416775]","[0.23833333333333334,0.3424163509698785]","[0.17833333333333334,-0.3286146477042382]","[0.23833333333333334,-0.34771915339997916]","[-0.23833333333333334,-0.3811210107513677]","[-0.17833333333333334,-0.3320625948639648]",1,1,,,,,,1.13593,,,,,,,,,,,,,,,,,,,,,,,,,,,,,,,,,,,,,,,,,,,,,,,,3,0,3,0,1,,,,,,,,,,
,,,,,,,,,,,,5f08dafa392f74145122c0ee,13/10/1999,2020-08-27_18h40.23.296,proactive3.1,2020.1.2,Win32,60,5f47c29a48bd2a1e651a6eb7,5f47ede75080c61345c5990b,4,,,,,,,,,,,,,,,,,,,,,,,,,,,,,,,,,,,,,,,,,,,,,,,,,,,,,,,,,,,,,,,,,,,,,,,,,,,,,,,,,,,,,,,,,,,,,,,,,,,,,,,,,,,,,,,,,,,,,,0,0,0,0,1,,,,,
,,,,,,,,,,,,5f08dafa392f74145122c0ee,13/10/1999,2020-08-27_18h40.23.296,proactive3.1,2020.1.2,Win32,60,5f47c29a48bd2a1e651a6eb7,5f47ede75080c61345c5990b,4,,,,,,,,,,,,,,,,,,,,,,,,,,,,,,,,,,,,,,,,,,,,,,,,,,,,,,,,,,,,,,,,,,,,,,,,,,,,,,,,,,,,,,,,,,,,,,,,,,,,,,,,,,,,,,,,,,,,,,1,0,1,0,1,,,,,
,,,,,,,,,,,,5f08dafa392f74145122c0ee,13/10/1999,2020-08-27_18h40.23.296,proactive3.1,2020.1.2,Win32,60,5f47c29a48bd2a1e651a6eb7,5f47ede75080c61345c5990b,4,,,,,,,,,,,,,,,,,,,,,,,,,,,,,,,,,,,,,,,,,,,,,,,,,,,,,,,,,,,,,,,,,,,,,,,,,,,,,,,,,,,,,,,,,,,,,,,,,,,,,,,,,,,,,,,,,,,,,,2,0,2,0,1,,,,,
,,,,,,,,,,,,5f08dafa392f74145122c0ee,13/10/1999,2020-08-27_18h40.23.296,proactive3.1,2020.1.2,Win32,60,5f47c29a48bd2a1e651a6eb7,5f47ede75080c61345c5990b,4,,,,,,,,,,,,,,,,,4,,,,,,,,,,,,,,,,,,,,,,,,,,,,,,,,,,,,,,,,,,,,,,,,,,,,,,,,,,,LIFE,5.00139,1,FALSE,PLANE,3.55079,0,FALSE,LIGE,3.434035,3,FALSE,POTATO,3.51753,2,FALSE,,,,,,AREA,aeroplane,stimuli/images/PICTURE_297.png,mis-match,WOMEN,salt,stimuli/images/PICTURE_233.png,match,THING,crown,stimuli/images/PICTURE_32.png,old-new,TEAR,pear,stimuli/images/PICTURE_42.png,new-new,,,,,,,,,,,0,93,93,51,1
,,,,,,,,,,,,5f08dafa392f74145122c0ee,13/10/1999,2020-08-27_18h40.23.296,proactive3.1,2020.1.2,Win32,60,5f47c29a48bd2a1e651a6eb7,5f47ede75080c61345c5990b,4,,,,,,,,,,,,,,,,,,,,,,,,,,,,,,,,,,,,,,,,,,stimuli/search/l.png,stimuli/search/b.png,stimuli/search/b.png,stimuli/search/t.png,stimuli/search/t.png,stimuli/search/b.png,stimuli/search/t.png,stimuli/search/b.png,"[-0.23833333333333334,0.3754386700241404]","[-0.17833333333333334,0.36023262971462033]","[0.17833333333333334,0.32704406564344884]","[0.23833333333333334,0.3971863869289157]","[0.17833333333333334,-0.3340026883222298]","[0.23833333333333334,-0.365722171360795]","[-0.23833333333333334,-0.3597969577330252]","[-0.17833333333333334,-0.3434676330998142]",0,,,,,,,,,,,,,,,,,,,,,,,,,,,,,,,,,,,,,,,,,,,,,,,,,,,,,,,0,0,0,0,1,,,,,,,,,,
,,,,,,,,,,,,5f08dafa392f74145122c0ee,13/10/1999,2020-08-27_18h40.23.296,proactive3.1,2020.1.2,Win32,60,5f47c29a48bd2a1e651a6eb7,5f47ede75080c61345c5990b,4,,,,,,,,,,,,,,,,,,,,,,,,,,,,,,,,,,,,,,,,,,stimuli/search/t.png,stimuli/search/b.png,stimuli/search/b.png,stimuli/search/t.png,stimuli/search/t.png,stimuli/search/b.png,stimuli/search/l.png,stimuli/search/t.png,"[-0.23833333333333334,0.3355765655636904]","[-0.17833333333333334,0.3850145312975414]","[0.17833333333333334,0.3573628237488429]","[0.23833333333333334,0.3414722569792916]","[0.17833333333333334,-0.33466243904662357]","[0.23833333333333334,-0.41180756235402177]","[-0.23833333333333334,-0.3768647416677553]","[-0.17833333333333334,-0.37575075349906595]",0,,,,,,,,,,,,,,,,,,,,,,,,,,,,,,,,,,,,,,,,,,,,,,,,,,,,,,,1,0,1,0,1,,,,,,,,,,
,,,,,,,,,,,,5f08dafa392f74145122c0ee,13/10/1999,2020-08-27_18h40.23.296,proactive3.1,2020.1.2,Win32,60,5f47c29a48bd2a1e651a6eb7,5f47ede75080c61345c5990b,4,,,,,,,,,,,,,,,,,,,,,,,,,,,,,,,,,,,,,,,,,,stimuli/search/b.png,stimuli/search/t.png,stimuli/search/b.png,stimuli/search/t.png,stimuli/search/t.png,stimuli/search/b.png,stimuli/search/b.png,stimuli/search/r.png,"[-0.23833333333333334,0.38958612615467453]","[-0.17833333333333334,0.39911349452855355]","[0.17833333333333334,0.3607003168425715]","[0.23833333333333334,0.36293189255267344]","[0.17833333333333334,-0.38429433070369895]","[0.23833333333333334,-0.40671594251760573]","[-0.23833333333333334,-0.412896228439457]","[-0.17833333333333334,-0.33449775303370377]",1,,,,,,,,,,,,,,,,,,,,,,,,,,,,,,,,,,,,,,,,,,,,,,,,,,,,,,,2,0,2,0,1,,,,,,,,,,
,,,,,,,,,,,,5f08dafa392f74145122c0ee,13/10/1999,2020-08-27_18h40.23.296,proactive3.1,2020.1.2,Win32,60,5f47c29a48bd2a1e651a6eb7,5f47ede75080c61345c5990b,4,,,,,,,,,,,,,,,,,,,,,,,,,,,,,,,,,,,,,,,,,,stimuli/search/t.png,stimuli/search/b.png,stimuli/search/t.png,stimuli/search/b.png,stimuli/search/t.png,stimuli/search/b.png,stimuli/search/b.png,stimuli/search/r.png,"[-0.23833333333333334,0.33637045579413405]","[-0.17833333333333334,0.33618427686242214]","[0.17833333333333334,0.33550931256336086]","[0.23833333333333334,0.3851320822652281]","[0.17833333333333334,-0.3431093258285679]","[0.23833333333333334,-0.38276133978587473]","[-0.23833333333333334,-0.37457157632083266]","[-0.17833333333333334,-0.32882441598300494]",1,,,,,,,,,,,,,,,,,,,,,,,,,,,,,,,,,,,,,,,,,,,,,,,,,,,,,,,3,0,3,0,1,,,,,,,,,,
,,,,,,,,,,,,5f08dafa392f74145122c0ee,13/10/1999,2020-08-27_18h40.23.296,proactive3.1,2020.1.2,Win32,60,5f47c29a48bd2a1e651a6eb7,5f47ede75080c61345c5990b,4,,,,,,,,,,,,,,,,,,,,,,,,,,,,,,,,,,,,,,,,,,,,,,,,,,,,,,,,,,,,,,,,,,,,,,,,,,,,,,,,,,,,,,,,,,,,,,,,,,,,,,,,,,,,,,,,,,,,,,0,0,0,0,1,,,,,
,,,,,,,,,,,,5f08dafa392f74145122c0ee,13/10/1999,2020-08-27_18h40.23.296,proactive3.1,2020.1.2,Win32,60,5f47c29a48bd2a1e651a6eb7,5f47ede75080c61345c5990b,4,,,,,,,,,,,,,,,,,,,,,,,,,,,,,,,,,,,,,,,,,,,,,,,,,,,,,,,,,,,,,,,,,,,,,,,,,,,,,,,,,,,,,,,,,,,,,,,,,,,,,,,,,,,,,,,,,,,,,,1,0,1,0,1,,,,,
,,,,,,,,,,,,5f08dafa392f74145122c0ee,13/10/1999,2020-08-27_18h40.23.296,proactive3.1,2020.1.2,Win32,60,5f47c29a48bd2a1e651a6eb7,5f47ede75080c61345c5990b,4,,,,,,,,,,,,,,,,,,,,,,,,,,,,,,,,,,,,,,,,,,,,,,,,,,,,,,,,,,,,,,,,,,,,,,,,,,,,,,,,,,,,,,,,,,,,,,,,,,,,,,,,,,,,,,,,,,,,,,2,0,2,0,1,,,,,
,,,,,,,,,,,,5f08dafa392f74145122c0ee,13/10/1999,2020-08-27_18h40.23.296,proactive3.1,2020.1.2,Win32,60,5f47c29a48bd2a1e651a6eb7,5f47ede75080c61345c5990b,4,,,,,,,,,,,,,,,,,6,,,,,,,,,,,,,,,,,,,,,,,,,,,,,,,,,,,,,,,,,,,,,,,,,,,,,,,,,,,?,0.000805,1,FALSE,?,0.001185,0,FALSE,?,0.000865,3,FALSE,?,0.00059,2,FALSE,,,,,,SPIRIT,coin,stimuli/images/PICTURE_383.png,new-new,LEADER,cathedral,stimuli/images/PICTURE_403.png,new-new,HOTEL,planet,stimuli/images/PICTURE_18.png,new-new,IDEAS,cap,stimuli/images/PICTURE_203.png,new-new,,,,,,,,,,,0,94,94,95,1
,,,,,,,,,,,,5f08dafa392f74145122c0ee,13/10/1999,2020-08-27_18h40.23.296,proactive3.1,2020.1.2,Win32,60,5f47c29a48bd2a1e651a6eb7,5f47ede75080c61345c5990b,4,,,,,,,,,,,,,,,,,,,,,,,,,,,,,,,,,,,,,,,,,,stimuli/search/b.png,stimuli/search/t.png,stimuli/search/b.png,stimuli/search/t.png,stimuli/search/l.png,stimuli/search/b.png,stimuli/search/t.png,stimuli/search/b.png,"[-0.23833333333333334,0.346183143609452]","[-0.17833333333333334,0.3910734338865736]","[0.17833333333333334,0.40429628369136106]","[0.23833333333333334,0.32930876160263006]","[0.17833333333333334,-0.3702731392768283]","[0.23833333333333334,-0.37788063985603143]","[-0.23833333333333334,-0.4151987737032398]","[-0.17833333333333334,-0.36875877320901934]",0,,,,,,,,,,,,,,,,,,,,,,,,,,,,,,,,,,,,,,,,,,,,,,,,,,,,,,,0,0,0,0,1,,,,,,,,,,
,,,,,,,,,,,,5f08dafa392f74145122c0ee,13/10/1999,2020-08-27_18h40.23.296,proactive3.1,2020.1.2,Win32,60,5f47c29a48bd2a1e651a6eb7,5f47ede75080c61345c5990b,4,,,,,,,,,,,,,,,,,,,,,,,,,,,,,,,,,,,,,,,,,,stimuli/search/t.png,stimuli/search/b.png,stimuli/search/b.png,stimuli/search/t.png,stimuli/search/t.png,stimuli/search/b.png,stimuli/search/t.png,stimuli/search/r.png,"[-0.23833333333333334,0.3840272569904571]","[-0.17833333333333334,0.3591279336855432]","[0.17833333333333334,0.38401736865846026]","[0.23833333333333334,0.3405748548512178]","[0.17833333333333334,-0.36614692301239893]","[0.23833333333333334,-0.37060179132932286]","[-0.23833333333333334,-0.40196427499614107]","[-0.17833333333333334,-0.3507445772482601]",1,,,,,,,,,,,,,,,,,,,,,,,,,,,,,,,,,,,,,,,,,,,,,,,,,,,,,,,1,0,1,0,1,,,,,,,,,,
,,,,,,,,,,,,5f08dafa392f74145122c0ee,13/10/1999,2020-08-27_18h40.23.296,proactive3.1,2020.1.2,Win32,60,5f47c29a48bd2a1e651a6eb7,5f47ede75080c61345c5990b,4,,,,,,,,,,,,,,,,,,,,,,,,,,,,,,,,,,,,,,,,,,stimuli/search/b.png,stimuli/search/t.png,stimuli/search/l.png,stimuli/search/b.png,stimuli/search/t.png,stimuli/search/b.png,stimuli/search/t.png,stimuli/search/b.png,"[-0.23833333333333334,0.3643272532063495]","[-0.17833333333333334,0.3320763316707156]","[0.17833333333333334,0.378886717179905]","[0.23833333333333334,0.40990322931893997]","[0.17833333333333334,-0.35744627981564464]","[0.23833333333333334,-0.3376745075895178]","[-0.23833333333333334,-0.3281449176092021]","[-0.17833333333333334,-0.39609032823239476]",0,,,,,,,,,,,,,,,,,,,,,,,,,,,,,,,,,,,,,,,,,,,,,,,,,,,,,,,2,0,2,0,1,,,,,,,,,,
,,,,,,,,,,,,5f08dafa392f74145122c0ee,13/10/1999,2020-08-27_18h40.23.296,proactive3.1,2020.1.2,Win32,60,5f47c29a48bd2a1e651a6eb7,5f47ede75080c61345c5990b,4,,,,,,,,,,,,,,,,,,,,,,,,,,,,,,,,,,,,,,,,,,stimuli/search/b.png,stimuli/search/l.png,stimuli/search/b.png,stimuli/search/t.png,stimuli/search/t.png,stimuli/search/b.png,stimuli/search/b.png,stimuli/search/t.png,"[-0.23833333333333334,0.4014349336052274]","[-0.17833333333333334,0.41202350624432665]","[0.17833333333333334,0.3517941201517529]","[0.23833333333333334,0.404279221822983]","[0.17833333333333334,-0.34361179262382396]","[0.23833333333333334,-0.3653686832103257]","[-0.23833333333333334,-0.3881586169602721]","[-0.17833333333333334,-0.40224877999349795]",0,,,,,,,,,,,,,,,,,,,,,,,,,,,,,,,,,,,,,,,,,,,,,,,,,,,,,,,3,0,3,0,1,,,,,,,,,,
,,,,,,,,,,,,5f08dafa392f74145122c0ee,13/10/1999,2020-08-27_18h40.23.296,proactive3.1,2020.1.2,Win32,60,5f47c29a48bd2a1e651a6eb7,5f47ede75080c61345c5990b,4,,,,,,,,,,,,,,,,,,,,,,,,,,,,,,,,,,,,,,,,,,,,,,,,,,,,,,,,,,,,,,,,,,,,,,,,,,,,,,,,,,,,,,,,,,,,,,,,,,,,,,,,,,,,,,,,,,,,,,0,0,0,0,1,,,,,
,,,,,,,,,,,,5f08dafa392f74145122c0ee,13/10/1999,2020-08-27_18h40.23.296,proactive3.1,2020.1.2,Win32,60,5f47c29a48bd2a1e651a6eb7,5f47ede75080c61345c5990b,4,,,,,,,,,,,,,,,,,,,,,,,,,,,,,,,,,,,,,,,,,,,,,,,,,,,,,,,,,,,,,,,,,,,,,,,,,,,,,,,,,,,,,,,,,,,,,,,,,,,,,,,,,,,,,,,,,,,,,,1,0,1,0,1,,,,,
,,,,,,,,,,,,5f08dafa392f74145122c0ee,13/10/1999,2020-08-27_18h40.23.296,proactive3.1,2020.1.2,Win32,60,5f47c29a48bd2a1e651a6eb7,5f47ede75080c61345c5990b,4,,,,,,,,,,,,,,,,,,,,,,,,,,,,,,,,,,,,,,,,,,,,,,,,,,,,,,,,,,,,,,,,,,,,,,,,,,,,,,,,,,,,,,,,,,,,,,,,,,,,,,,,,,,,,,,,,,,,,,2,0,2,0,1,,,,,
,,,,,,,,,,,,5f08dafa392f74145122c0ee,13/10/1999,2020-08-27_18h40.23.296,proactive3.1,2020.1.2,Win32,60,5f47c29a48bd2a1e651a6eb7,5f47ede75080c61345c5990b,4,,,,,,,,,,,,,,,,,1,,,,,,,,,,,,,,,,,,,,,,,,,,,,,,,,,,,,,,,,,,,,,,,,,,,,,,,,,,,?,0.000795,0,FALSE,?,0.000975,3,FALSE,?,0.000765,2,FALSE,?,0.0007,1,FALSE,,,,,,JUNGLE,boot,stimuli/images/PICTURE_215.png,mis-match,APPLE,pepper,stimuli/images/PICTURE_348.png,old-new,SYSTEM,scissors,stimuli/images/PICTURE_453.png,new-new,FRIEND,frame,stimuli/images/PICTURE_33.png,match,,,,,,,,,,,0,95,95,2,1
